1.3686015770553557
1.2275995482935056
1.4624295547913129
1.4340590865732112
2.2450711484267405
1.1920086067923403
1.4654626717158257
1.0755049444764713
1.5898035032999196
1.7757929993260042
2.0384693828895153
1.7532378234018322
1.5469588731065238
1.3320191074533427
1.3437672381847583
1.8342335387471755
0.8724007096163454
1.6853417420735346
1.0407869596936699
1.4156614222346149
0.7969916299026449
0.7133980893379939
1.2833539934432865
1.6756772892971212
1.7191630762981276
2.36453162871005
1.424872181620217
0.47856897695547196
1.0201483257743031
0.973998039524375
-0.18991845851565559
0.05057686867259159
0.32458263621117966
0.14462674828229183
0.7475639193832295
-0.5182296799988666
-0.17355773097730953
0.5124103302954282
0.3421302893027928
0.743218779134333
0.6725357031030166
0.3192533463347629
0.6852720229847777
-0.10775933859776154
0.2514409392581327
-0.07105945457886409
0.5581993396559517
0.4845483018097401
0.4583450725725137
0.2903675309889586
-0.5900012641177965
-0.09681279843426016
0.669328555702488
0.43218986358901085
0.44896248060381744
0.44588170602136185
-0.03472715471587218
0.3943915474129977
-0.3438408225629298
-0.5146010151730491
0.6489564630525312
-0.43806044165233116
-0.4071490905491836
0.4948745511419469
0.05289583466114056
0.6126468164174702
1.2717373718576699
0.011913549538023593
0.5329531659063615
0.3185921147561246
0.27715841158241833
0.11221320616355518
1.042285499281122
0.7208274949299844
0.2738670009187321
0.32119058087628305
0.6246062366233969
0.7356000217173599
0.23864663651163487
0.9940885047967785
0.203886166486967
0.437619089192563
0.6251325143697471
0.11359161705295129
0.7145331303468745
-0.1562739118666382
0.015425610344255936
0.883575846261422
-0.2045258291231261
0.24059711257794336
1.1224345845262778
0.39200976250467545
1.4471289625815822
1.5896608555650893
1.118803825459247
1.3810182975868686
0.9467565632027612
1.6052455543104331
1.8100397770244439
1.5525387918691207
1.5831101859148715
1.673172536783614
0.8416702608337192
0.9102357725467638
1.868246708276182
1.2770638814919404
1.440087268983445
1.2404165448356248
1.4294363555476384
1.1916807428630265
1.0293850596838336
1.9768942676326746
1.3245422142973893
1.278459636422216
1.711673308282478
1.5562078618319262
1.3670297405429888
1.883433922145292
1.5951589016663226
-0.6957391340313165
-0.77572717091257
0.20046164841395908
-0.474616769429535
-0.10650893508604159
-0.6941207817108959
0.6262482152293558
-0.23177158542433662
-1.1712109705236742
0.35572975248814515
-0.2611477235699542
-0.0268035547907291
-0.30347641575909035
0.6369772643914049
0.3896445765484324
-0.025377889279134758
-0.8673742925150038
-0.2365240429860178
-0.4417271417958998
0.06745093730463347
0.27405746845577666
-0.13394852279799496
-0.28860816588218896
0.2667578866144358
0.5268102445263452
-0.15172923184319043
0.23826987258817273
-0.09845961834969663
0.029830751481126627
0.41006028635007497
0.3568967039974072
0.19855008788806683
-0.34910179641639066
-0.10404647672309184
-0.10277492479455691
-0.24147734896797118
0.3388954195933897
-0.47243847507722747
-0.07331474296471543
-0.6185804307800027
-0.4706638588400003
-0.4377927289117671
0.3658480330803307
0.09175563879270915
-0.7462453999395384
-0.33837273114219163
-0.3648402730422457
-0.005222674243111125
-0.26653340684771676
-0.2995092179903652
-0.9164223212841887
0.021553443178356835
-0.32222191460205984
-0.2921604683668086
-0.9817768839386176
-0.4197671883329388
-0.28567379575164586
-0.05592556502338242
0.29562492450146255
-0.23139091265977385
-0.3987810459174066
-0.39352828564357123
-0.12347101451581
-0.4942259898799164
-0.36624458946230326
-0.5932553877506472
-0.38602602018861143
-0.33119427854126304
-0.4437977327776721
-0.8368693338140791
-0.3866070904760811
-0.9692860757199262
0.07693937295472608
-0.404231895797325
-0.33976992186804733
0.7346059860387297
0.028586513948285708
0.46626408868574115
-0.43378679528471786
-0.3705865510395049
-0.4594701261045615
0.3264178889569928
0.39279084285784166
0.0894281673276403
-0.18346947534941183
-1.0142949381293145
-0.6670218657194706
-0.5043736965874204
0.6627019599306441
0.25659492435123554
-0.03236641635635651
-0.17909497744081804
0.0758961659280003
0.4540350480318666
-0.7489978838222104
-0.18544053903396762
-0.04574388712651156
0.19814860537330675
0.5710759304896507
-0.3645538953071007
0.3291582029837462
0.29987333092094015
0.315656747539706
0.7764642283235108
0.23213750691876917
0.34084962102588867
0.4573069339488621
0.13280047212474244
0.6137202396923733
0.29308993557106405
0.4094297686782209
-0.49479181035848263
0.9787402080459653
0.03708302342977743
1.0263073698044507
-0.00931182680050835
0.3332472755659876
1.1027223370764523
0.8736087054346995
-0.2182988244169899
-0.5823679203030264
-0.9312255047892134
-0.08229400069585319
-1.0020036713095974
-0.11898569104040088
0.003053024878930277
-0.053779704523798155
0.09017066850968108
0.008356579185783364
-0.5346105112600035
-0.6963370078535908
-0.4302092638338658
-0.15629021565640155
-0.7731218001099378
-0.0769365520114973
0.8128402179657713
0.8027922387100809
0.25737445795833075
-0.34050963116987154
-1.3336439427443292
-0.7648009625185735
0.7000952501643226
0.2306022182403799
-0.6203624338112435
0.28285215927959023
-0.7000941817805887
-0.6410394964524011
-0.04584795558994015
-0.5667487215316379
-0.380265482239119
0.18455061759124164
0.5368292947728465
-1.1735694856132652
-0.3612178210487757
-0.30770795660451017
0.01820065447087671
-0.3350489301387332
-0.3882485281230666
-0.22676378680939258
-0.3660781523694962
-0.2713413420830461
-0.6638145351243048
0.01208092834958685
-1.0296397193857276
-0.571567858891098
0.1933757984923814
-0.23673332578258915
-0.5451057835132251
-0.35150462287282996
-0.14711529571063003
0.06990330826490693
0.05262301390569013
-0.9596219036494739
-0.40941156023845
-0.5884708223333839
-0.4076276048799527
0.8669270517359499
-0.5270679668612148
-0.09749082975445722
-0.3423917653244617
0.34888860444496467
0.30321784725480855
-0.2921319955913124
-0.41652292482303355
-0.47421984975812925
0.07195442848753743
-0.33756431449812174
-0.6005335392687051
-0.2133952097499417
-0.423242906297431
-0.6485926437307182
-0.4148235983685711
0.4383021060221766
0.18414157000329068
-0.11566323639199512
-1.1491350723109575
-0.19244056370932017
-0.642891206330544
0.1510616532369542
-0.8459621686819335
0.10122012396577253
0.5773480898440304
0.22906895868770777
-0.314767568299327
-0.21710077895396196
-0.16400632866412068
0.2105176083016585
-0.6374464930338893
0.44502996455562954
-0.2003112247819916
0.5058015744019035
-0.9394581185219704
-1.076754805538247
-0.18092159697537874
-0.02541175583895848
-0.34041839082795616
-0.5832199418719429
-0.7381351431777026
-1.3063285576780503
-0.42506343027271387
-0.2133685759582336
-0.41961880411253416
-0.31295738474610296
-0.4152445322110545
-0.4219687833461492
-0.7173693658237583
-0.7617713285869063
-0.19599275711819958
0.7005536555938663
-1.034421864307252
0.09780202125253123
-0.13939269414033217
-0.48815549883092224
-0.7683928029728326
-0.04385343134607571
-0.552257649730094
-0.47129126709126234
-0.4075368747063425
-0.3539476307659599
-0.6901712612906256
-0.6620713177065701
-0.7103698500973079
-0.033650905166688796
-0.1390143202307026
-0.6173433582837642
0.05976008827442224
0.3447310310147851
-1.0642129273451186
-0.6920338507995392
-0.029535379655444186
0.2577825821567429
-0.4441302476071354
-0.14146160503144756
-0.04423673886703618
-0.36573953837929357
-0.4918643071327264
0.030738404061190147
-0.10078412873665012
-0.05629585798506696
0.1872644884757611
-0.6899653617927026
-0.0750963319127
-0.2629820071308076
0.09627329391053939
-0.17662138774250696
-0.31696192506565346
-1.168214103626867
-1.013791006284852
-0.5389225432723558
-0.2130776076717717
-0.024518331143717098
0.672024551873617
-0.5693384903932277
-0.053108334246770694
-0.28109166122850276
-0.0634001894496386
-0.6090882331365663
-0.26376017792717776
-0.8930136574012566
0.3115258633247894
-0.07959348952073886
0.07494763588703368
-0.9953432364590273
-0.45618778029549795
-0.4440485144484127
-0.7006535626902675
0.16423338181996558
-0.12662236452377718
-0.3086127306653787
0.6541420255133816
-0.1403775028973407
-0.42861626077218645
0.46375255699861256
0.49718260443745177
0.1472564829410177
-0.8079077152793708
0.19889609462685676
0.03638960795815244
0.6684800106294067
-0.10558100696025802
-0.6531718766332916
-0.19282895429648625
-0.21870450866363184
-0.4397125340554271
0.09965052935759067
-0.9999032693149295
0.3236108618824059
-0.2564233957027351
0.2371767212580515
-0.8758511511253793
-0.6052917878288452
-0.2425653619786275
-0.6041552998483148
0.2772085000332421
-0.4656593822986883
-0.14973331739993978
-1.3427533913733847
-0.37315618244401183
0.025375054792786178
-0.32155079962855937
0.13812262312560397
-0.3319806988513719
-0.38078086319495297
-0.5297161255400169
-0.15043973549679046
-0.44823973591374844
-0.43450220697422204
-0.10697780773958088
-0.054393144030498136
-0.19994410741736005
-0.3808158346410852
-0.5123816186925545
0.1221811539247167
-0.16815944554156306
-0.5753485662080611
-0.28908989286307407
-0.41718080175801675
-0.599433489237735
-0.10668301677274014
-0.33071727388942707
-0.11393677236143054
-0.49382361429311716
0.41627377354527484
-0.6309462837823108
-0.20297663928443918
-0.23922679198424665
-0.8182085641945502
-0.2576314796977728
-0.43973591485626906
-0.07121759825412083
0.4345955835294474
-0.42967474051147014
0.36310107777059664
-0.8424698626783178
-0.2248707725531924
0.1916160228057958
0.1095176762330484
0.6550353876761963
0.5045312350549582
-0.2554460654279832
-0.26163181815373177
0.3156551192319865
1.2605193989480519
0.015421686190593309
-0.43069793967522524
-0.3795484212743031
0.16310180244181316
-0.10890344815320574
-0.6268658939148645
-0.657104295990871
0.43561550723820663
0.0632035128614028
-0.3650781222725018
-0.03475079685950533
0.11152067374458732
-0.6860574757627224
0.014319235119753748
-0.76115215015742
-0.6688796984446607
0.24890168959354214
0.32313157663117575
0.14280094092071818
0.7280950644511035
-0.7882952891606486
-0.22718415491328148
0.0730681392427067
0.04858476046455029
-0.3072019516491109
0.24303797572696773
-0.4497472721406598
-0.26186666020919036
-0.4079921090149976
0.6604829702408301
0.5167837918473293
0.388358555698348
0.013909494201354011
-0.3738081533716122
-0.10713362325240106
0.4466373436125203
-0.44200987803917835
-0.12833546445437105
0.23238958698535656
-0.13831971063524962
-0.09075224375266999
1.010693381509724
0.6846782014280002
-0.5634511588657737
-0.629517206196186
0.7183852413750664
0.28313553654579227
0.9367627115021102
0.300031146372512
-0.18936151909022836
-0.06865845026781991
-0.7256482227058134
0.058155341274993555
0.21735420593970706
0.4256990750893113
0.3637712893250595
-0.11643739522569763
0.1158811963023843
-0.07532820957212316
-0.5821255055569241
0.11520397305522545
-0.17374258943441678
-0.45497641250919774
-0.11086330103024156
0.021949217497220896
0.23288189981713664
0.46269923027379967
1.1560836723112096
0.533250009855264
-0.38091025584515514
0.4182621587340876
0.6209309180773785
0.0490532487962238
-1.5751558721124668
0.44046507820921893
0.3036750928714402
0.38911567413387455
0.5004081481863087
0.04352750852844328
-0.6162275811870117
0.3487160856460849
0.01114669215285835
-0.2310753580076299
-0.0005757786295762304
0.3569689332211035
-0.3343822166482233
0.04498564266862026
-0.3643243782723363
0.06146091675334492
-0.08565625943093463
-0.32018052965734156
-0.16692529546681922
0.3913789777958453
0.0011375898595917255
-0.15345737656714423
-0.5530541873848408
-0.7849421282630248
0.19514541868910712
-0.10575109615827433
1.014529738705726
-0.17745565616478698
0.4807124759349352
-0.024902197767923073
0.2904281027703501
-0.4237509988011068
-0.5927614489221465
-0.14403586881720615
-0.09861177002404692
-0.1799326518748029
-0.024480225935402167
0.40987805027331914
0.1587527061386203
-0.28265764256940606
0.3603971138388158
-0.702694287403575
0.5808272594550548
-0.4097618402827712
-0.6502216245689795
0.07514481929973438
-0.2158658271749646
0.23919374503919338
1.0115263711382978
-0.23951833685821516
0.14157576695180024
0.5966709741431847
0.7094983818102796
-0.5602886962834559
0.10270719173214643
-0.4948536935208622
0.6980816135757912
-0.15601643622922862
-0.16789505673805666
0.03337484323044204
0.6445068333441677
-0.4038734988234434
0.016601141446886902
-0.5281143605736736
0.16702175622171908
0.014927233734530643
-0.2628611029980978
0.19364429921540977
0.5317417834394819
0.2541807297457622
-0.5800576173971493
1.1639793266182108
-0.5196207885575899
0.21773034584944886
0.7219724503202187
-0.7564908349689021
0.06199204784134654
0.7221936930663172
-0.5097386886839994
-0.49309724006663763
-0.4202861276108811
0.05023753533356545
0.23775139045931554
-0.2563651571742211
-0.7272963860319315
-0.20796915945553274
0.2637825573691094
-0.029685486820195367
0.14909827041308044
-0.5996266514629898
0.21950256942664326
-0.4452498556551429
-0.3010574833361701
-0.3590657740816097
-0.4543828139317108
-0.1305946052633607
0.3529959774624275
-0.9599368269015311
-0.2969660408125809
-0.08025453495700949
-0.6667938413594299
-0.40800112990257836
-0.2872350987614221
0.10094177581765976
-0.3709584329109583
-0.5773561505579343
-0.9904114496219183
-0.22032282992316266
0.10212425206589001
0.37662120831115453
0.45347168904070245
0.2037791770809077
-0.4125585098025983
-0.5037959626504344
0.020562217388647996
0.34326746982596573
0.5912051084035688
0.06830268134497167
0.2901208770293548
-0.595275683823456
-0.06337074994769487
0.06257767996947405
-0.48694497250397745
-0.24394761540508764
0.22649076229690251
0.22844066125372992
-0.002455844303770771
-0.6674880177757434
0.16415452219090143
0.5549168891013915
-0.3627897506194128
-1.061118647219012
0.4584637263346101
-0.3327479824208552
-0.4549858312609229
-0.24618115845946592
-0.17854927936298454
0.01706723949120771
0.722219265499689
0.4247896354333649
-0.45042815961077914
0.348479496389438
-0.49081817442615544
-0.48603289587302806
0.6343537023433111
0.2497251913868152
-0.6719915211522469
-0.3427335978263236
0.06372327269954778
-0.1888682552157004
0.1427696630825535
-0.8129000546250333
0.5159011226944192
0.2764619495352519
-0.41118857144651383
-0.6304155213632063
-0.1968873915819469
-0.4928547399527318
0.03690780399831792
-0.6148176874232307
-0.4278692361624262
0.5610768816374425
-0.006880813643155348
-0.24263738641392735
-0.7456459554928462
-0.38395507429203485
-0.24843098184812812
0.39457739285001503
-0.27640182650926237
0.34414144178073325
0.14963778256690974
-0.22063337303894393
0.28928539785632934
0.6764311214689744
0.18112881290792654
0.2517309580725483
-0.017601288981983543
0.5722061183729601
0.0570657929571915
-0.2686331677170576
-0.03732899518605215
0.5128316999775633
-0.3070848740670762
0.1698017349442124
0.6675670896089749
-0.13934433900887883
-0.29454627166365077
0.8749855023590016
0.5586318178140757
0.05798451347808098
0.0519438772492658
-0.7841277459965875
0.1997282236785412
0.43378015136236886
-0.5888829725459038
0.5569881478982172
0.547761386903896
0.564118033845313
0.03666201912773043
-0.6143226830074356
-0.41720289197686344
-0.22409980904482962
-0.6772510168726297
-0.3029059560732952
-0.8628275241726341
-0.18061023169258839
-0.3996647195971186
-0.586464198068227
0.4682373774877185
0.16381219434869093
-0.44786430231792784
0.39475171777565515
-0.7629993969798349
0.10086711660738373
0.2242251014138083
-0.4279208082959215
0.32544817719587266
0.26784052284296783
0.16770669134960076
-0.7615448196105824
0.36843904416120526
-0.30681599185868136
-0.14527916386453732
-0.2369701205975857
-1.0367550080201076
-0.5456921638998626
-0.12044437325911561
-0.04869826218475942
0.5648877175960672
1.0285294157800269
-0.609720246341734
-0.487575375133507
0.6391525859954623
0.6842425437722139
-0.3894325360562738
0.4285315536625223
-0.3444922133347261
-0.985899995303416
-0.19182782190233472
0.5944094125841148
0.0050940177840339
-0.3040985815413083
-0.10814990985856787
-0.21452761429923112
-0.0014770161459301268
0.26251418347411853
0.2763623842845152
0.1608700561522302
-0.524004971933834
-0.06557097987424387
0.479698806174424
0.36597513515613916
-0.11230214824137658
-0.43323943937055964
-0.401443290744378
0.20208161438408695
-0.3380038638983225
0.11734211805402961
-1.1893354149087254
-0.41758327620832403
-0.6946436764969558
0.6246738321684271
-0.24108514268699485
-0.6990627680758761
-0.5354944228483053
-0.39537811265871603
-0.8642156265495519
0.16179085786088213
-0.6114782470923131
-0.7108751267274112
-0.12150874384537688
0.40638091860449344
-1.0338797469221592
0.025735368482873805
-0.3376699794739274
0.44794687844077075
0.009908348578776954
-0.0028815237286960727
-0.16282828992925133
-0.49155947448442927
-0.41908763871986787
-1.105357167245452
-0.5630051838237016
-0.1538742410823182
-0.4174181928503135
-0.4595918853743056
-0.8849798190325823
-0.8296474757233309
-0.38549190613265016
-0.48093320244940585
-0.2861272650460558
-0.46012966435937097
-0.16368120457782362
-0.22271496990649484
-0.7017717129157659
0.060079659486538955
-0.0880447079792562
