1.229654582428711
0.6776082998936694
0.08008638468604956
0.9399361077779513
2.205209057200142
1.117078616932169
0.7755960560731312
0.7606083374980708
1.4662477506762304
1.0462320969655148
1.2785727909725886
0.6440495773946739
0.9100428873021915
1.411367033909471
1.5463708295075285
1.174349681841543
1.3720178360985424
1.0528946530953534
1.1519093767350839
0.7057764831825404
1.2527174363320501
1.2319686166732189
0.9407925343053732
1.413508024294122
1.1588674627766613
1.989678612046567
1.2233498675311316
0.8302110225947936
0.8835705720324033
1.3396568515731047
0.30050154052832284
0.4522968580777329
0.31381910049055206
0.22255649087137264
0.5295740826754621
0.2827405407871675
0.49409185269869216
0.18399180942179
0.24222692575767768
0.4626768502520252
0.6368673916889303
0.08601823757217864
1.3264461309610582
0.3870643271106451
0.16726066109197807
0.13605704529526574
0.6115342916720159
0.06884238212357496
0.5960717914188809
0.3730782781305094
0.48721910330234364
0.03142454835780262
0.236342135378929
0.5754992201192182
0.21468724938284356
0.020751576850689513
0.37696899165956743
0.009299868194892036
0.17316836774352573
0.0715909560256055
0.10249149636617871
0.29668925391759415
0.2594651596468772
0.2928671293745022
0.029224500611417237
0.28092266645468617
0.0352354343129343
0.20872209181696488
0.2859503719372495
0.1197398868436621
0.4495414373246337
0.52374204268549
0.2661534169278601
0.17168425330039516
0.5429841147593143
0.37027916296447466
0.4012266381319468
0.09206320364179815
0.2251801323416756
0.2546838898251832
0.5083282425758325
0.1513809772988386
0.007765824963320678
0.02253411641626013
0.09248867459093951
0.24698582601840058
0.3583382882401883
0.19788242601484324
0.33310335621680476
0.06757153338853894
1.8239838822210606
0.8309857213184355
0.3254706596957182
1.0741906908874173
1.249854399829855
1.0072788677824358
1.17168827476137
1.6604398873003774
0.5767024491046999
0.5333562664693043
1.6019376834781107
1.9359219770973692
0.9645709931674648
1.134950463171172
0.6767072666642355
1.1230847755990299
1.6445005725713149
1.0771146163304075
2.0377652933945947
0.25156327905116616
1.112647994203662
1.7308761736545213
1.737877935735424
1.3904133965394294
1.346483725229848
0.9121486597363403
1.1132753572221992
0.6263465579501089
1.1415488555726945
0.3326627760192695
0.20977033615791096
0.02251893126145177
0.030976381083824167
0.7357177194279672
1.2512805731656704
0.6400759243170085
0.6258662403996138
0.34569507432207536
0.372255628511614
0.18729972281700624
0.027095730574655974
0.9524637024629244
0.1864005901629604
0.2133813787858042
0.11784064925280135
0.2888363244129448
0.27189779298304306
0.04108462705037197
0.6785676129258398
0.015831432596480566
0.3495417684611335
0.4179732325401614
0.9312332604128739
0.1728498843730547
0.15456579506074175
0.390361195710035
0.5653436753678114
0.14197008513296505
0.6015496281228381
0.4003756256708815
0.9725008739932566
0.007702544589406113
0.34147560015518164
1.3192047692402102
0.3113141232192663
0.40905542439070386
0.3099288584459927
0.072715997514051
0.755971933046898
0.5642540446468985
0.6331679489124444
0.3700009581240027
0.6111227509146553
0.7481718224224829
0.4471796350853616
0.1639390859847245
0.4787796860572062
0.7840712774300332
0.9370717021534933
0.4070147939424398
0.7197713524495729
0.34621859708983105
0.7952488242901672
1.0200143196328537
0.929686553949209
0.19463241873210135
1.2102980870619202
0.629735039216724
0.3968597927749462
0.17768801453154015
0.42061844063014053
0.3447536424977306
0.5359215259745517
1.0353029483657898
0.3889984793061193
0.41265308070911155
0.6376983732637338
0.5438788968431993
0.3847213522490542
0.6984779658183455
0.555538880333055
0.5168108020037565
0.32614199816220696
0.08434748692635186
0.04915147551432486
0.0024543445277579456
0.28212062746905786
0.24389213645369506
0.08056168312936485
0.42245796709210515
0.4130450951120739
0.3863222447546345
0.3970256253438669
0.05734134604851293
0.3118412517772031
0.8249123025631202
0.35873941488087424
0.17782250142777462
0.7091629362817752
0.11581176846413621
0.7160896745017046
0.5845177505763275
0.005644485515656772
0.5286848769215212
1.146342924268935
0.42985278809095817
1.9001242137456695
1.1661405788815913
0.799097901004314
0.2584712606309434
1.034094381869375
0.498388352962564
0.44437792728466374
0.5558692535970998
0.6952480129239892
0.7129385215099376
0.052262641106561425
0.9929184975380196
0.5899539752465002
0.012983566122714008
0.6282230118656089
1.9577454182254979
0.4647733363619213
0.9935689685155258
1.0281748236941504
0.17621337006599158
0.7460104565794607
0.8383334623354792
0.11462566871075841
0.021745155232079427
0.15681441479063712
0.7650805379332112
0.04847303258993241
0.07221288099536494
0.30147270236925894
0.07369306394354957
1.2469650639224819
0.3904002027028606
0.26224270839392727
0.5548721537321395
0.04459108617915575
0.4191903213433924
0.2099294042059785
0.7642755078273712
0.37077494999994354
0.37501059485711985
1.30889979938343
0.2917771151931813
0.18306797242415374
0.3215047263828814
0.009332945840498763
0.004093590794147839
1.0003885934787546
0.35964549739851526
0.1809865373187819
0.6423046062658909
1.614774113806508
0.4396597090553721
0.7064843328546245
0.5662623613873153
0.089550536118708
0.35325070316967766
0.3937123324617392
1.0779685967198316
0.44456580235606125
0.7479321447059986
0.9076205639504269
0.20377692243181256
0.4754196489836262
0.6682613327062061
0.656390035054421
0.30415450767627406
0.01607957238125457
0.7131058797815393
0.9505028628502816
0.3047882138261373
0.32791477222894816
0.3998724470973347
0.4448313761223146
0.6923943920131084
0.050784143415809
0.0030154046278693114
0.286250351932678
0.44562917274971464
0.12090754139793214
0.0915762529239676
0.7928875610450055
0.004506745904797271
0.696162313295779
0.2524681215939559
0.8486390711358753
0.2077875187720098
1.0961247970907588
0.6301354456643515
0.4673424751114635
0.6862803536318642
0.0255520559702187
1.373676467608871
0.005100383971507749
0.7142911012567863
1.39609191464323
0.18540801193866852
0.05065070936171745
0.18418602440761905
0.13179967305985096
0.150589175045915
0.10464077933157584
0.08067456853704441
0.42160114132080423
0.4168276409941177
0.7577315606744464
0.9151917956753195
0.7976173462678047
0.1044649165799984
0.1963079232943859
0.3772569214171166
0.2402510200662113
0.04509360835083748
0.1911002477566045
0.5713537151024815
0.14369760321269498
0.8602424956363225
0.5563805074145658
0.3248062361188184
0.34657239922122807
0.3245295983744838
0.7382616569410122
0.04041278350527017
1.0732105698164254
0.9819617462093608
0.6070819321352371
0.21200430199062453
0.004671762494785181
0.8328601106767037
0.7099334144437445
0.28548041852393813
0.6468711393034485
0.008350008994281177
0.41806839631039505
0.33853436206584114
1.0666690146581403
0.4716668558771362
0.1285374742998741
0.35473093743149164
0.5643484368376805
0.7379303505195496
0.48696956680675807
0.00023873508651311992
1.338522790587594
0.2498419667539043
0.3246333341791587
0.813953174160102
0.1928058502207285
0.23410500489739888
0.341583423486383
0.7698010248134779
1.0006125712450467
0.48031802712516164
0.1547818396710367
0.9511832414372017
0.34285658885202563
0.3617668306637169
0.279767798317707
0.47121530351392776
0.5042692214877924
1.2168901288161298
0.16691667456707254
0.27852110854651563
0.3847929034157929
0.3729895444407108
0.5155069505507837
0.5667435055898695
0.9112566504082225
0.0632963756238486
0.7825612898166425
0.02050751108109855
0.26152169693336963
1.4802385815208043
0.1561666541033907
0.8073637439736332
0.4047401979165399
0.08875323926747236
0.16099996494278745
0.018178995244600094
0.07145945101242934
0.583459382446718
0.006899078380182333
0.49620543559664854
0.45744317386206257
0.1449657397682474
0.1773703612640018
0.5277495584966767
0.7930811336128654
0.6131391488650815
0.20874097019190962
0.0374330312892478
0.23282092949490862
0.8227607307336045
0.14030420018645728
0.12660761038456048
0.21632440834271005
0.313201688381126
0.0006898459686066616
1.2457361981282409
0.28580235998921033
0.40552997775083743
0.4210148664830595
0.14874621747199568
0.16567545043836246
0.04456267237886252
0.1245350997054323
0.49610520407224196
0.16150117474419817
0.5845732944006043
0.146952444379575
0.16813964039279933
0.25350694224201187
0.08319942121194818
0.73263264945553
0.17147306156621034
0.09385007129114098
0.29852192414562567
0.024900067420798477
0.2551587612883524
0.19413404768234716
0.456049906256257
0.0709734201424137
0.25332550137776233
0.26459831167411413
0.14397922331476104
0.44026593768344874
0.17452438349879323
0.15939011365563432
0.7538603893167082
0.40434824345947534
0.058380394996455254
0.12751806917171676
0.09641418431321364
0.06401538769008536
0.2877921758264675
0.13629996703329167
0.18162092849548467
0.6179883717466135
0.07890641162021994
0.026063457309028593
0.4932678607956123
0.29106922551187225
0.32719319441924394
0.1418712134965046
0.14653910877594384
0.9987510214793609
0.4053707576307813
0.5397038004404406
0.34303607282776116
0.031293819150689406
0.3949989778371135
0.22854237514829784
0.8112588799701697
0.4026796158701614
1.0949342588989222
0.1748146272124103
0.012490079649869201
0.4937438816325926
0.6256707151547245
0.039313098711654615
0.7042867687705112
0.04005243884979531
0.18198290730972372
0.15415063040182675
0.3938247609906378
0.716056391862548
0.22309305908113775
0.31961832403475676
0.07565492353863457
0.22742104146676545
0.026697973431223265
0.32185955031338565
0.7990044900373314
0.02302547167086444
0.3687263948960722
0.1589031397158932
0.33469320417316306
0.7371045456675649
0.25887199989357706
0.09971924336497184
0.1716419903891191
0.162143368459835
0.3751690297851224
0.4173659470051283
0.33204959046063487
0.9618917544893446
0.7598037792459422
0.4396648480243701
0.9617265398819128
0.01585205349657126
0.22736165818018894
0.12402351122435096
0.1782267842471913
0.14178834380493222
1.087996945701415
0.20539749117855155
0.8610970078071531
0.3329723126541697
0.43311435669541354
0.5030548840633018
0.8340661538507803
0.5730337227137304
0.3094712178425244
0.02747019494212799
0.5098387269406295
0.496937247321881
0.05101152363230743
0.19040892871123705
0.10318694547127116
0.1600549638182669
0.6406082442611234
0.2974112647812712
0.1754970336627657
0.33161902767901486
0.8119897894600692
0.1141369984030074
0.20821707012250035
0.452846448696403
0.21741796566465954
0.6345444643408118
0.7869200735337172
0.34042272226022696
0.133003528582337
0.23344141540033392
0.3400710624245199
0.393334435514321
0.23090918596160914
0.22182854578986955
0.26859347169583325
0.5318689908243046
0.7753575286211914
0.6071328701150918
0.24733578042375914
0.9936519670177005
0.11519917963190929
0.3663316399092361
0.34577544864578547
0.9872855995137478
0.41362805382889445
0.558907812105849
0.22744125517015323
0.26100132955548927
0.6917024615262299
0.6040952763710531
0.4485626654603471
0.3290590507927117
0.13322048553782906
0.2724501775775635
0.2887890982011866
0.4052884959262465
0.3951386912509405
0.7344229607710953
0.3648711849219355
0.5416436650014725
0.24498965565801456
0.5858864045699061
0.549088778931731
0.1275642048146013
0.002565141587369202
0.46032537384215255
0.27900536363864015
0.4395466845230178
0.4946871296863923
0.11292111198161159
0.6026201312194409
0.3662699448691033
1.0873703344726044
0.00906599254295759
0.2973262242369833
0.04080315330199702
0.5405617897367244
0.016968724481633446
0.23218111656725593
0.15506420002909027
0.9750349712496568
0.24449420355768603
0.5352528082703201
1.3793598123319217
0.24186442240265438
0.5385549098563456
0.48134297580166635
0.06265998483289126
0.43815798321006605
0.14038704769530175
0.5142816507309146
0.7386034731881649
0.5676429800581209
0.048271826779763716
1.579705876044212
0.6941069494185105
0.22594276213423914
0.4231303602288344
0.5051400859948558
0.05789693837110954
0.42303278547177486
0.2597127198653806
0.14871210826217596
0.13010873621480323
0.6188448269216069
0.23771606615339602
0.7876264811149006
0.039759415007408316
0.10574037185127283
0.4906083732464971
0.4562861079709703
0.6551413578939576
0.017459439856837622
0.4151151142985483
0.5299960674015971
0.5351146520909666
0.08140195587164334
0.5753755087879174
0.7712328751594026
0.09460380564895532
0.25964727545399846
0.19612797782336866
0.25919607939296696
0.4968685582159873
1.065366719646534
1.1445531575890568
0.6797754818709545
0.6453358685337465
0.4133024587308268
0.9480215949011541
0.5152754379326132
0.25239632728899486
0.172512110243916
0.12155137659186857
1.3998689229885104
0.5830765763184159
0.0005386205611660755
0.8877942693892786
0.04103013102311451
0.5573372596462053
1.2281682624988197
0.25735181648639305
0.2030326435439154
0.6068128618640649
0.18926748990764694
0.4027290238079192
0.4281401886154125
0.4094106856288169
0.3423289533327297
0.04045633225522466
0.04117117018279415
0.47912729238530305
0.4692245140650969
1.0693484440202112
0.582221514419492
0.11735350758521995
0.43577769835321717
0.4525661432723267
0.34549248872598065
0.1356421341806004
0.31690015718905545
0.36313227558829503
0.17719407346219768
0.6103912597326691
0.650002493809104
0.3385381424288493
0.16127930374702676
0.22244857481330388
0.6104279771888321
0.5792586943353013
0.6255352195647395
0.5799409591490365
0.319865852369885
0.24203886957530046
0.7720986368336078
0.5197208408748974
0.650220238282954
0.3485982051546716
0.44874267840870935
0.24035243153128888
0.28933461499144836
0.12977080926907075
0.5380678273426225
0.6266712571426243
0.8998241057907457
0.2996073755746758
1.3286198245828114
0.8423204164035865
0.044967351579322634
0.405492944179395
0.622459347316729
0.5944254383414891
0.03509187596241303
0.9480205982389583
0.30991602099044285
0.08373443277220166
0.4194351076390391
1.0343349579610321
0.4506190815602768
0.9171954463523533
0.39926900255365966
0.809987576096457
0.458666751021055
0.16326354993855718
0.3162032627066537
0.3441994159812953
0.2657798856584189
0.4094614179275659
0.10005504859275993
0.14170618836153703
0.832115373769487
0.430561406259857
0.7972179067610048
0.6940134580988222
0.5038649140595993
0.06888977298280397
0.29064602882136414
0.46394397417879146
0.06045537119951172
0.4106442149724756
0.14692381746647665
0.025092830013412892
0.5833796364149482
0.38337111159806797
0.03449360419951675
0.15571819146469945
0.14577231560889392
0.1927925214610715
0.27334866855061857
0.0205847612686485
0.39982383784241926
0.2156167952780637
0.1484631886708303
0.23674303318826473
0.6840455091276237
0.5702697267361447
0.4062456956487849
0.35991700218620215
0.06275720296054188
0.6617493717784431
0.3918094134027177
0.21760592722957584
0.09412026849959498
0.10295151084890897
0.18783276311612984
0.08337793535105165
0.6723306312231798
0.6371696566330317
1.007718513448947
0.14819099909081623
0.29111162840615334
0.2850683220685777
0.4890471014826192
0.7465319825625142
0.08648633094648023
0.16107785702105748
0.4603717264493128
0.7126182856029831
0.7136017780498357
0.11081914201661319
0.013436618643809628
0.12943729154437822
1.0174790689700706
0.735195607811883
0.28393146382772305
0.29720500816141304
0.1202502221189804
0.03224815003187803
0.7570419732454999
0.1559529957880446
0.261522267976796
0.7019373971926975
1.1366925232510225
1.063448258572605
0.3900318300908513
0.71539104265157
0.5691497324165261
0.45311353478592514
0.23855950147704152
0.221130717116803
0.4801988589990974
0.20510259616865767
0.7613814491020131
0.6435490138248144
0.6596056131768957
0.29422044009336523
0.6962042541115928
0.6534735559139085
0.5722536474948896
0.2639392699451103
0.817652952672863
0.05168466567544899
0.3802204126737997
0.399039530281562
0.6086886107409295
0.5113514115492639
0.03905476880021841
0.4617390893386003
0.8822803970705418
0.14398519645714758
0.10651598168004128
0.4218962253157692
0.48405410492412426
0.2730274214685603
0.3728610704943377
0.3929589055151354
0.4150087745475472
0.3243694927102753
0.5450106331193694
0.4578458434992492
0.01693752952065508
0.7200304395127268
0.0004713324597575008
0.16489932532340246
0.17262015828524807
0.8441806430239165
0.32163739433337896
0.65222745077343
0.06077120381028289
0.7732499546039349
0.6285242249262268
0.42683860899411535
0.25119710210037954
0.629097439986938
0.32953382995137054
0.4979485433708139
0.6597233742257911
0.8335885717342204
0.9997325074373757
1.2132374034551396
0.41130167297253956
0.5606882146474175
0.4215008065447187
0.03470488111213721
0.7825288820479093
0.3350482931898275
0.3428622924366123
0.8737467175268581
0.38370589580013353
0.3654686346807194
0.19455688631483303
0.13110094700495167
0.08133585654930142
