0.9246668815612793
0.2448345422744751
0.2448345422744751
0.9246668815612793
1.3617100477218629
0.2448345422744751
0.2448345422744751
0.2448345422744751
1.283367311401367
0.2448345422744751
0.2448345422744751
0.2448345422744751
0.2448345422744751
0.2448345422744751
0.2448345422744751
0.2448345422744751
0.2448345422744751
0.2448345422744751
0.2448345422744751
0.2448345422744751
0.2448345422744751
0.2448345422744751
0.2448345422744751
0.2448345422744751
0.2448345422744751
1.3617100477218629
0.2448345422744751
0.2448345422744751
0.2448345422744751
0.2448345422744751
-0.019144415855407715
-0.019144415855407715
-0.019144415855407715
-0.019144415855407715
-0.019144415855407715
-0.019144415855407715
-0.019144415855407715
-0.019144415855407715
-0.019144415855407715
-0.019144415855407715
-0.019144415855407715
-0.019144415855407715
-0.019144415855407715
-0.019144415855407715
-0.019144415855407715
-0.019144415855407715
-0.019144415855407715
-0.019144415855407715
-0.019144415855407715
-0.019144415855407715
-0.019144415855407715
-0.019144415855407715
-0.019144415855407715
-0.034769415855407715
-0.019144415855407715
-0.034769415855407715
-0.019144415855407715
-0.019144415855407715
-0.00877440571784971
-0.019144415855407715
0.15538279559135437
0.15538279559135437
0.15538282539367676
0.15538282539367676
0.15538279559135437
0.15538279559135437
0.15538279559135437
0.15538279559135437
0.18719456049919125
0.18719456049919125
0.15538279559135437
0.03658942454719544
0.15538279559135437
0.15538279559135437
0.15538279559135437
0.15538279559135437
0.15538279559135437
0.15538279559135437
0.15538279559135437
0.15538279559135437
0.15538279559135437
0.15538279559135437
0.15538279559135437
0.15538279559135437
0.15538279559135437
0.15538279559135437
0.15538279559135437
0.15538279559135437
0.15538279559135437
0.15538279559135437
0.9851701259613037
0.9851701259613037
0.9851701259613037
0.9851701259613037
0.9851701259613037
0.9851701259613037
0.9851701259613037
0.9851701259613037
0.9851701259613037
0.9851701259613037
0.9851701259613037
0.9851701259613037
0.9851701259613037
0.9851701259613037
0.9851701259613037
0.9851701259613037
0.9851701259613037
0.9851701259613037
0.9851701259613037
0.9851701259613037
0.9851701259613037
0.9851701259613037
0.9851701259613037
0.8860023021697998
0.9851701259613037
0.9851701259613037
0.9851701259613037
0.9851701259613037
0.9851701259613037
0.061663849929809555
0.02789014374923704
0.02789014374923704
0.02789014374923704
0.02789014374923704
-0.3191906213760376
0.02789014374923704
0.027890173551559427
0.061663849929809555
0.02789014374923704
0.02789014374923704
0.02789014374923704
0.02789014374923704
0.02789014374923704
0.02789014374923704
0.02789014374923704
0.02789014374923704
0.02789014374923704
0.02789014374923704
0.02789014374923704
0.02789014374923704
0.02789014374923704
0.02789014374923704
0.02789014374923704
0.02789014374923704
0.02789014374923704
0.02789014374923704
0.02789014374923704
0.02789014374923704
0.02789014374923704
-0.3320034444332123
-0.3320034444332123
-0.3320034444332123
-0.3320034444332123
-0.3320034444332123
-0.3320034444332123
-0.3320034444332123
-0.3320034444332123
-0.3320034444332123
-0.33200350403785706
-0.33200350403785706
-0.3320034444332123
-0.3320034444332123
-0.3320034444332123
-0.3320034444332123
-0.3320034444332123
-0.3320034444332123
-0.3320034444332123
-0.3320034444332123
-0.3320034444332123
-0.3320034444332123
-0.3320034444332123
-0.3320034444332123
-0.3320034444332123
-0.3320034444332123
-0.3320034444332123
-0.3320034444332123
-0.3320034444332123
-0.3320034444332123
-0.09542042016983032
-0.09542042016983032
-0.09542042016983032
-0.08332396222114563
-0.09542042016983032
-0.3077948987483978
-0.09542042016983032
-0.09542042016983032
-0.09542042016983032
-0.09542042016983032
-0.08332396222114563
-0.09542042016983032
-0.09542039036750793
-0.09542039036750793
-0.09542042016983032
-0.09542042016983032
-0.09542042016983032
-0.09542042016983032
-0.09542042016983032
-0.09542042016983032
-0.09542042016983032
-0.09542042016983032
-0.09542042016983032
-0.09542042016983032
-0.09542042016983032
-0.09542042016983032
-0.09542042016983032
-0.09542042016983032
-0.09542042016983032
-0.09542042016983032
0.28601615587234497
0.28601615587234497
0.28601615587234497
0.28601615587234497
0.28601615587234497
-0.39943069219589233
0.28601615587234497
0.28601615587234497
0.28601615587234497
0.28601615587234497
0.28601615587234497
0.28601615587234497
0.28601615587234497
0.28601615587234497
0.28601621547698974
0.28601621547698974
0.28601615587234497
0.28601615587234497
0.2815446597595215
0.28601615587234497
0.28601615587234497
0.28601615587234497
0.28601615587234497
0.28601615587234497
0.28601615587234497
0.2815446597595215
0.28601615587234497
0.28601615587234497
0.28601615587234497
0.28601615587234497
-0.04723987562217713
-0.04723987562217713
-0.04723987562217713
-0.04723987562217713
-0.04723987562217713
-0.04118652150402069
-0.04723987562217713
-0.04723987562217713
-0.04723987562217713
-0.04723987562217713
-0.04238825545082092
-0.04118652150402069
-0.04723987562217713
-0.04238825545082092
-0.04723987562217713
-0.04723987562217713
-0.04723987562217713
-0.04723987562217713
-0.031337269539356234
-0.04723987562217713
-0.04723987562217713
-0.04723987562217713
-0.04723987562217713
-0.04723987562217713
-0.04723987562217713
-0.04723987562217713
-0.04723987562217713
-0.04723987562217713
-0.04723987562217713
-0.04723987562217713
-0.041682866084098824
-0.041682866084098824
-0.041682866084098824
-0.041682866084098824
-0.041682866084098824
-0.041682866084098824
-0.041682866084098824
-0.041682866084098824
-0.041682866084098824
-0.041682866084098824
-0.291474312543869
-0.041682866084098824
-0.041682866084098824
-0.041682866084098824
-0.041682866084098824
-0.041682866084098824
-0.041682866084098824
-0.041682866084098824
-0.041682836281776436
-0.041682836281776436
-0.041682866084098824
-0.038990977868080146
-0.041682866084098824
-0.0007827073335647527
-0.041682866084098824
-0.038990977868080146
-0.041682866084098824
-0.0007827073335647527
-0.041682866084098824
-0.041682866084098824
-0.15013642709827424
-0.15013642709827424
-0.15013642709827424
-0.15013642709827424
-0.15013642709827424
-0.15013642709827424
-0.15013642709827424
-0.15013642709827424
-0.15013642709827424
-0.15013642709827424
-0.15013642709827424
-0.15013642709827424
-0.15013642709827424
-0.08174506707382202
-0.08174506707382202
-0.15013642709827424
-0.15013642709827424
-0.15013642709827424
-0.15013642709827424
-0.15013642709827424
-0.15013645690059663
-0.15013645690059663
-0.15013642709827424
-0.27589043974876404
-0.15013642709827424
-0.15013642709827424
-0.15013642709827424
-0.15013642709827424
-0.15013642709827424
-0.15013642709827424
-0.060743480689048765
-0.060743480689048765
-0.060743480689048765
-0.43667012453079224
-0.060743480689048765
-0.060743480689048765
-0.060743480689048765
-0.060743480689048765
-0.060743480689048765
-0.060743480689048765
-0.060743480689048765
-0.060743480689048765
-0.060743480689048765
-0.060743480689048765
-0.060743480689048765
-0.060743480689048765
-0.060743480689048765
-0.060743480689048765
-0.07046047563838959
-0.060743480689048765
-0.060743480689048765
-0.07046047563838959
-0.060743480689048765
-0.060743480689048765
-0.060743480689048765
-0.060743480689048765
-0.060743480689048765
-0.060743480689048765
-0.060743480689048765
-0.060743480689048765
-0.23387765456314086
-0.23387765456314086
-0.23387765456314086
-0.24650673514175414
-0.23387765456314086
-0.23387765456314086
-0.23387765456314086
-0.23387765456314086
-0.23387765456314086
-0.23387765456314086
-0.23387765456314086
-0.23387765456314086
-0.24650673514175414
-0.23387765456314086
-0.23387765456314086
-0.23387765456314086
-0.23387765456314086
-0.23387765456314086
-0.23387765456314086
-0.23387765456314086
-0.23387765456314086
-0.23387765456314086
-0.23387765456314086
-0.23387765456314086
-0.23387762476081847
-0.23387762476081847
-0.23387765456314086
-0.23387765456314086
-0.23387765456314086
-0.4258162786464691
0.05446538194084166
0.05446538194084166
0.05446538194084166
0.05446538194084166
0.05446538194084166
0.05446538194084166
0.05446538194084166
0.05446538194084166
-0.21165363124694825
0.05446538194084166
0.05446538194084166
0.05446538194084166
0.05446538194084166
0.05446538194084166
0.05446538194084166
0.05446538194084166
0.05446538194084166
0.05446538194084166
0.05446538194084166
0.05446538194084166
0.05446538194084166
0.05446538194084166
0.05446538194084166
0.25460215677547454
0.05446538194084166
0.11061349591159819
0.054465322336196886
0.054465322336196886
0.25460215677547454
0.11061349591159819
-0.1310089381866455
-0.11646279980087279
-0.11646279980087279
-0.1310089381866455
-0.1310089381866455
-0.1310089381866455
-0.1310089381866455
-0.1310089381866455
-0.1310089381866455
-0.1310089381866455
-0.1310089381866455
-0.051604508317947384
-0.051604508317947384
-0.1310089381866455
-0.1310089381866455
-0.1310089381866455
-0.1310089381866455
-0.1310089381866455
-0.1310089381866455
-0.1310089381866455
-0.1310089381866455
-0.1310089381866455
-0.1310089381866455
-0.1310089381866455
-0.1310089381866455
-0.1310089381866455
-0.1310089381866455
-0.23998917639255524
-0.13100902759361266
-0.13100902759361266
-0.06791905629730224
-0.2936660647392273
-0.06791905629730224
-0.06791905629730224
-0.06791905629730224
-0.06791905629730224
-0.06791905629730224
-0.06791905629730224
-0.06791905629730224
-0.06791905629730224
-0.06791905629730224
-0.06791905629730224
-0.06791905629730224
-0.06791905629730224
-0.06791905629730224
-0.06740729266834258
-0.06791905629730224
-0.06791905629730224
-0.06791905629730224
-0.06791905629730224
-0.06791905629730224
-0.06740729266834258
-0.06791905629730224
-0.06791905629730224
-0.06791905629730224
-0.06791905629730224
-0.06791905629730224
-0.06791905629730224
-0.06791905629730224
-0.06791905629730224
0.0576274836616516
0.18330205619335177
-0.26864545345306395
0.0576274836616516
0.0576274836616516
0.0514439512863159
0.0576274836616516
0.0576274836616516
0.0576274836616516
0.0576274836616516
0.0576274836616516
0.0576274836616516
0.0576274836616516
0.0576274836616516
0.0514439512863159
0.18330202639102938
0.0576274836616516
0.0576274836616516
0.0576274836616516
0.0576274836616516
0.0576274836616516
0.0576274836616516
0.0576274836616516
0.0576274836616516
0.0576274836616516
0.0576274836616516
-0.1286751153959274
0.0576274836616516
0.0576274836616516
0.0576274836616516
0.0576274836616516
0.2645580475196838
0.2645580773220062
0.2645580773220062
0.2645580475196838
0.2645580475196838
0.2645580475196838
0.2645580475196838
-0.11145081110954286
0.2645580475196838
0.2645580475196838
0.2645580475196838
0.2645580475196838
0.2645580475196838
0.2645580475196838
0.2645580475196838
0.22884304751968387
0.41207689736175535
0.2645580475196838
0.2645580475196838
0.2645580475196838
0.2645580475196838
0.2645580475196838
0.2645580475196838
0.41207689736175535
0.2645580475196838
0.2645580475196838
0.2645580475196838
0.22884304751968387
0.2645580475196838
0.2645580475196838
0.10738048359680175
0.10738048359680175
0.10738048359680175
0.10738054320144652
0.10738054320144652
0.10738048359680175
0.19472302875709535
0.19472302875709535
0.10738048359680175
0.10738048359680175
-0.012101292610168457
0.10738048359680175
0.10738048359680175
0.10738048359680175
0.10738048359680175
0.10738048359680175
0.10738048359680175
0.10738048359680175
0.10738048359680175
0.10738048359680175
0.10738048359680175
0.10738048359680175
0.10738048359680175
0.10738048359680175
0.10738048359680175
0.10738048359680175
-0.11841925299491882
0.10738048359680175
0.10738048359680175
0.10738048359680175
0.10738048359680175
-0.0771181101207733
-0.0771181101207733
-0.0771181101207733
-0.0771181101207733
-0.07711808031845091
-0.07711808031845091
-0.21960382586593627
-0.0771181101207733
-0.0771181101207733
-0.0771181101207733
-0.0771181101207733
-0.0771181101207733
-0.0771181101207733
-0.0771181101207733
-0.0771181101207733
-0.30875335579681396
-0.08190372707366944
-0.0771181101207733
-0.0771181101207733
-0.0771181101207733
-0.0771181101207733
-0.0771181101207733
-0.15260541439056396
-0.0771181101207733
-0.0771181101207733
-0.0771181101207733
-0.0771181101207733
-0.0771181101207733
-0.0771181101207733
-0.004654278305053716
-0.004654278305053716
-0.08190372707366944
0.11916643814659117
0.5712138414382935
0.11916643814659117
0.11916643814659117
0.11916646794891356
-0.20106901282501222
0.1457818467826843
0.11916643814659117
0.11916643814659117
0.1457818467826843
0.11916643814659117
0.08910538638877868
0.11916643814659117
0.11916643814659117
0.11916643814659117
0.11916643814659117
0.08910538638877868
0.11916643814659117
0.11916643814659117
0.11916643814659117
0.11916643814659117
0.11916643814659117
0.11916643814659117
-0.25318448802070614
0.11916643814659117
0.11916643814659117
0.11916643814659117
0.11916643814659117
0.11916643814659117
0.11916643814659117
0.11916643814659117
0.11916643814659117
-0.17509657846450805
-0.17509657846450805
-0.17509657846450805
-0.17509657846450805
-0.17509663806915282
-0.17509663806915282
-0.17509657846450805
-0.26505785877838134
-0.17509657846450805
-0.17509657846450805
-0.17509657846450805
-0.17509657846450805
-0.17509657846450805
-0.17509657846450805
-0.17509657846450805
-0.17509657846450805
-0.17509657846450805
-0.17509657846450805
-0.17509657846450805
-0.17509657846450805
-0.17509657846450805
-0.17509657846450805
-0.17509657846450805
-0.17509657846450805
-0.15340773138237
-0.1612801695423126
-0.17509657846450805
-0.17509657846450805
-0.1612801695423126
-0.15340773138237
0.020822835491180414
0.06080575463867188
0.018709733541488638
0.020822835491180414
0.018709733541488638
0.020822835491180414
0.02082277588653564
0.02082277588653564
0.020822835491180414
0.020822835491180414
0.06080575463867188
0.020822835491180414
0.020822835491180414
0.020822835491180414
0.020822835491180414
0.020822835491180414
0.020822835491180414
0.020822835491180414
0.020822835491180414
0.020822835491180414
0.020822835491180414
0.020822835491180414
0.020822835491180414
0.020822835491180414
0.020822835491180414
0.020822835491180414
0.020822835491180414
0.020822835491180414
-0.18574580556201936
0.020822835491180414
-0.03816199266624448
-0.03816199266624448
-0.03816199266624448
-0.03816199266624448
-0.03816199266624448
-0.03816199266624448
-0.03816199266624448
-0.03816199266624448
-0.16795657593154906
-0.03816193306159971
-0.03816199266624448
-0.03816199266624448
-0.03816199266624448
-0.03816199266624448
-0.03816199266624448
-0.03816199266624448
-0.03816199266624448
-0.03816199266624448
-0.03816199266624448
-0.03816199266624448
-0.03816199266624448
0.03178348613929749
-0.03816199266624448
0.03178348613929749
-0.03816199266624448
0.016104472606658926
-0.03816199266624448
-0.03816199266624448
-0.03816199266624448
0.016104472606658926
0.18700014000701903
0.18700014000701903
0.18700014000701903
0.2104797659111023
0.18700014000701903
0.18700014000701903
0.2104797659111023
0.18700014000701903
0.1808473645000458
0.18700014000701903
0.18700016980934142
0.18700016980934142
0.1808473645000458
0.18700014000701903
0.18700014000701903
0.18700014000701903
-0.29496063667984007
0.18700014000701903
0.18700014000701903
0.18700014000701903
0.18700014000701903
0.18700014000701903
0.18700014000701903
0.18700014000701903
0.18700014000701903
0.18700014000701903
0.18700014000701903
0.18700014000701903
0.18700014000701903
0.18700014000701903
-0.05355650811767576
-0.05355650811767576
-0.05355650811767576
-0.05355650811767576
-0.05355650811767576
-0.05355650811767576
-0.05355650811767576
-0.137826514531517
-0.05355650811767576
-0.05355650811767576
-0.05355650811767576
-0.05355650811767576
-0.053556448513030985
-0.053556448513030985
-0.05355650811767576
-0.05355650811767576
-0.05355650811767576
0.002844901906967179
-0.05355650811767576
-0.05355650811767576
-0.05355650811767576
-0.05355650811767576
-0.05355650811767576
-0.05355650811767576
-0.05355650811767576
-0.05355650811767576
-0.05355650811767576
-0.05355650811767576
0.002844901906967179
-0.05355650811767576
-0.4597315788269043
-0.13015318129730225
-0.13183841109275818
-0.13015318129730225
-0.13015318129730225
-0.13015318129730225
-0.13015318129730225
-0.13015318129730225
-0.13015318129730225
-0.13183841109275818
-0.13015318129730225
-0.13015318129730225
-0.13015318129730225
-0.13015318129730225
-0.13015318129730225
-0.13015318129730225
-0.13015318129730225
-0.13015318129730225
-0.13015318129730225
-0.13015318129730225
-0.13015318129730225
-0.13015318129730225
-0.13015318129730225
-0.13015318129730225
-0.13015318129730225
-0.13015318129730225
-0.13015318129730225
-0.13015318129730225
-0.13015318129730225
-0.13015318129730225
-0.2649126350879669
-0.04578615664958954
-0.04578615664958954
-0.04578615664958954
-0.04578615664958954
-0.04578615664958954
-0.04578615664958954
-0.04578615664958954
-0.04578615664958954
-0.04578615664958954
-0.17824093694820403
-0.04578615664958954
-0.04578615664958954
-0.04578615664958954
-0.04578615664958954
-0.04578615664958954
-0.04578621625423432
-0.04578621625423432
-0.04578614174842835
-0.04578614174842835
-0.04578614174842835
-0.04578614174842835
-0.04578614174842835
-0.03688373016262053
-0.04578614174842835
-0.03688373016262053
-0.04578614174842835
-0.04578614174842835
-0.04578614174842835
-0.04578614174842835
-0.04578614174842835
-0.09757684063625335
-0.09757684063625335
-0.09757684063625335
-0.09757684063625335
-0.09757684063625335
-0.0035727608284950307
-0.19504679799079894
