0.13548672199249268
0.00781714916229248
0.00781714916229248
0.13548672199249268
0.01966557502746591
0.00781714916229248
0.00781714916229248
0.00781714916229248
0.22024921123504626
0.00781714916229248
0.00781714916229248
0.00781714916229248
0.00781714916229248
0.00781714916229248
0.00781714916229248
0.00781714916229248
0.00781714916229248
0.00781714916229248
0.00781714916229248
0.00781714916229248
0.00781714916229248
0.00781714916229248
0.00781714916229248
0.00781714916229248
0.00781714916229248
0.01966557502746591
0.00781714916229248
0.00781714916229248
0.00781714916229248
0.00781714916229248
0.10693266987800598
0.10693266987800598
0.10693269968032837
0.10693269968032837
0.10693269968032837
0.10693269968032837
0.10693269968032837
0.10693269968032837
0.10693269968032837
0.10693269968032837
0.10693269968032837
0.10693269968032837
0.10693269968032837
0.10693269968032837
0.10693269968032837
0.10693269968032837
0.10693269968032837
0.10693269968032837
0.10693269968032837
0.10693269968032837
0.10693269968032837
0.10693269968032837
0.10693269968032837
0.09130769968032837
0.10693269968032837
0.09130769968032837
0.10693269968032837
0.10693269968032837
0.08529394268989565
0.10693269968032837
0.12285740520477295
0.12285740520477295
0.12285734560012818
0.12285734560012818
0.12285740520477295
0.12285740520477295
0.12285740520477295
0.12285740520477295
0.17700580212593076
0.17700580212593076
0.12285740520477295
0.10146145099067688
0.12285740520477295
0.12285740520477295
0.12285740520477295
0.12285740520477295
0.12285740520477295
0.12285740520477295
0.12285740520477295
0.12285740520477295
0.12285740520477295
0.12285740520477295
0.12285740520477295
0.12285740520477295
0.12285740520477295
0.12285740520477295
0.12285740520477295
0.12285740520477295
0.12285740520477295
0.12285740520477295
0.31208789348602295
0.31208789348602295
0.31208789348602295
0.31208789348602295
0.31208813190460205
0.31208813190460205
0.31208789348602295
0.31208789348602295
0.31208789348602295
0.31208789348602295
0.31208789348602295
0.31208789348602295
0.31208789348602295
0.31208789348602295
0.31208789348602295
0.31208789348602295
0.31208789348602295
0.31208789348602295
0.31208789348602295
0.31208789348602295
0.31208789348602295
0.31208789348602295
0.31208789348602295
0.508720874786377
0.31208789348602295
0.31208789348602295
0.31208789348602295
0.31208789348602295
0.31208789348602295
0.11023503139114377
0.09005238138961791
0.09005238138961791
0.09005238138961791
0.09005238138961791
0.1909157633781433
0.09005238138961791
0.09005238138961791
0.11023503139114377
0.09005238138961791
0.09005238138961791
0.09005238138961791
0.09005238138961791
0.09005238138961791
0.09005238138961791
0.09005238138961791
0.09005238138961791
0.09005238138961791
0.09005238138961791
0.09005238138961791
0.09005238138961791
0.09005238138961791
0.09005238138961791
0.09005238138961791
0.09005238138961791
0.09005238138961791
0.09005238138961791
0.09005238138961791
0.09005238138961791
0.09005238138961791
0.3493186831474304
0.3493186831474304
0.3493186831474304
0.3493186831474304
0.3493186831474304
0.3493186831474304
0.3493186831474304
0.3493186831474304
0.3493186831474304
0.3493186831474304
0.3493186831474304
0.3493186831474304
0.3493186831474304
0.3493186831474304
0.3493186831474304
0.3493186831474304
0.3493186831474304
0.3493186831474304
0.3493186831474304
0.3493186831474304
0.3493186831474304
0.3493186831474304
0.3493186831474304
0.3493186831474304
0.3493186831474304
0.3493186831474304
0.3493186831474304
0.3493186831474304
0.3493186831474304
0.08381316065788269
0.08381316065788269
0.08381316065788269
0.0929130459690094
0.08381316065788269
0.08730256925010682
0.08381316065788269
0.08381316065788269
0.08381316065788269
0.08381316065788269
0.0929130459690094
0.08381316065788269
0.0838131308555603
0.0838131308555603
0.06818816065788269
0.06818816065788269
0.08381316065788269
0.08381316065788269
0.08381316065788269
0.08381316065788269
0.08381316065788269
0.08381316065788269
0.08381316065788269
0.08381316065788269
0.08381316065788269
0.08381316065788269
0.08381316065788269
0.08381316065788269
0.08381316065788269
0.08381316065788269
0.03966179676055903
0.03966179676055903
0.03966179676055903
0.03966179676055903
0.03966179676055903
0.1349115108985901
0.03966179676055903
0.03966179676055903
0.03966179676055903
0.03966179676055903
0.03966179676055903
0.03966179676055903
0.03966179676055903
0.03966179676055903
0.03966155834197993
0.03966155834197993
0.03966179676055903
0.03966179676055903
0.1092217105484008
0.03966179676055903
0.03966179676055903
0.03966179676055903
0.03966179676055903
0.03966179676055903
0.03966179676055903
0.1092217105484008
0.03966179676055903
0.03966179676055903
0.03966179676055903
0.03966179676055903
0.0229335313434601
0.0229335313434601
0.0229335313434601
0.0229335313434601
0.0229335313434601
0.007382272462844841
0.0229335313434601
0.0229335313434601
0.0229335313434601
0.0229335313434601
0.01734521219444274
0.007382272462844841
0.0229335313434601
0.01734521219444274
0.0229335313434601
0.0229335313434601
0.02293341213417055
0.02293341213417055
0.048237894920349134
0.0229335313434601
0.0229335313434601
0.0229335313434601
0.0229335313434601
0.0229335313434601
0.0229335313434601
0.0229335313434601
0.0229335313434601
0.0229335313434601
0.0229335313434601
0.0229335313434601
0.0202129324569702
0.0202129324569702
0.0202129324569702
0.0202129324569702
0.0202129324569702
0.0202129324569702
0.0202129324569702
0.0202129324569702
0.0202129324569702
0.0202129324569702
0.051360249519348145
0.0202129324569702
0.0202129324569702
0.0202129324569702
0.0202129324569702
0.0202129324569702
0.0202129324569702
0.0202129324569702
0.02021296225929259
0.02021296225929259
0.0202129324569702
0.017919191955566405
0.0202129324569702
0.05624380111694338
0.0202129324569702
0.017919191955566405
0.0202129324569702
0.05624380111694338
0.0202129324569702
0.0202129324569702
0.009683495841979972
0.009683495841979972
0.009683495841979972
0.009683495841979972
0.009683495841979972
0.009683495841979972
0.009683495841979972
0.009683495841979972
0.009683495841979972
0.009683495841979972
0.009683495841979972
0.009683495841979972
0.009683495841979972
0.04020988789749147
0.04020988789749147
0.009683495841979972
0.009683495841979972
0.009683495841979972
0.009683495841979972
0.009683495841979972
0.009683495841979972
0.009683495841979972
0.009683495841979972
0.022877290844917297
0.009683495841979972
0.009683495841979972
0.009683495841979972
0.009683495841979972
0.009683495841979972
0.009683495841979972
0.019133344524383533
0.019133344524383533
0.019133344524383533
0.002573921065330498
0.019133344524383533
0.019133344524383533
0.019133344524383533
0.019133344524383533
0.019133344524383533
0.019133344524383533
0.019133344524383533
0.019133344524383533
0.019133344524383533
0.019133344524383533
0.019133344524383533
0.019133344524383533
0.019133344524383533
0.019133344524383533
0.040097589065551775
0.019133344524383533
0.019133344524383533
0.040097589065551775
0.01913340412902831
0.01913340412902831
0.019133344524383533
0.019133344524383533
0.019133344524383533
0.019133344524383533
0.019133344524383533
0.019133344524383533
0.06808971925163271
0.06808971925163271
0.06808971925163271
0.11378893256187439
0.06808971925163271
0.06808971925163271
0.06808971925163271
0.06808971925163271
0.06808971925163271
0.06808971925163271
0.06808971925163271
0.06808971925163271
0.11378893256187439
0.06808971925163271
0.06808971925163271
0.06808971925163271
0.06808971925163271
0.06808971925163271
0.06808971925163271
0.06808971925163271
0.06808971925163271
0.06808971925163271
0.06808971925163271
0.06808971925163271
0.06808968944931032
0.06808968944931032
0.06808971925163271
0.06808971925163271
0.06808971925163271
0.07432988890933989
0.005039686298370372
0.005039686298370372
0.005039686298370372
0.005039686298370372
0.005039686298370372
0.005039686298370372
0.005039686298370372
0.005039686298370372
0.030199498823165916
0.005039686298370372
0.005039686298370372
0.005039686298370372
0.005039686298370372
0.005039686298370372
0.005039686298370372
0.005039686298370372
0.005039686298370372
0.005039686298370372
0.005039686298370372
0.005039686298370372
0.005039686298370372
0.005039686298370372
0.005039686298370372
0.025017265533447297
0.005039686298370372
0.09085960619163513
0.005039686298370372
0.005039686298370372
0.025017265533447297
0.09085960619163513
0.0034339270954131806
0.001408219337463379
0.001408219337463379
0.0034339270954131806
0.0034339270954131806
0.0034339270954131806
0.0034339270954131806
0.0034339270954131806
0.0034339270954131806
0.0034339270954131806
0.0034339270954131806
0.09000387295341494
0.09000387295341494
0.0034339270954131806
0.0034339270954131806
0.0034339270954131806
0.0034339270954131806
0.0034339270954131806
0.0034339270954131806
0.0034339270954131806
0.0034339270954131806
0.0034339270954131806
0.0034339270954131806
0.0034339270954131806
0.0034339270954131806
0.0034339270954131806
0.0034339270954131806
0.05885072431945798
0.0034339270954131806
0.0034339270954131806
0.011194265480041488
0.09436147218704222
0.011194265480041488
0.011194265480041488
0.011194265480041488
0.011194265480041488
0.011194265480041488
0.011194265480041488
0.011194265480041488
0.011194265480041488
0.011194265480041488
0.011194265480041488
0.011194265480041488
0.011194265480041488
0.011194265480041488
0.02360831535148622
0.011194265480041488
0.011194265480041488
0.011194265480041488
0.011194265480041488
0.011194265480041488
0.02360831535148622
0.011194265480041488
0.011194265480041488
0.011194265480041488
0.011194265480041488
0.011194265480041488
0.011194265480041488
0.011194265480041488
0.011194265480041488
0.031204050159454377
0.13259030580520625
0.049480262398719776
0.031204050159454377
0.031204050159454377
0.04769369085311892
0.031204050159454377
0.031204050159454377
0.031204050159454377
0.031204050159454377
0.031204050159454377
0.031204050159454377
0.031204050159454377
0.031204050159454377
0.04769369085311892
0.13259024620056148
0.031204050159454377
0.031204050159454377
0.031204050159454377
0.031204050159454377
0.031204050159454377
0.031204050159454377
0.031204050159454377
0.031204050159454377
0.031204050159454377
0.031204050159454377
0.004645211509704539
0.031204050159454377
0.031204050159454377
0.031204050159454377
0.031204050159454377
0.016737089256286586
0.01673702965164181
0.01673702965164181
0.016737089256286586
0.016737089256286586
0.016737089256286586
0.016737089256286586
0.03464027736663822
0.016737089256286586
0.016737089256286586
0.016737089256286586
0.016737089256286586
0.016737089256286586
0.016737089256286586
0.016737089256286586
0.08816508925628663
0.23700506914138786
0.016737089256286586
0.016737089256286586
0.016737089256286586
0.016737089256286586
0.016737089256286586
0.016737089256286586
0.23700506914138786
0.016737089256286586
0.016737089256286586
0.016737089256286586
0.08816508925628663
0.016737089256286586
0.016737089256286586
0.04742384722518922
0.04742384722518922
0.04742384722518922
0.04742384722518922
0.04742384722518922
0.04742384722518922
0.1415449882087707
0.1415449882087707
0.04742384722518922
0.04742384722518922
0.19347494840621948
0.06058184722518922
0.04742384722518922
0.06058184722518922
0.04742384722518922
0.04742384722518922
0.04742384722518922
0.04742384722518922
0.04742384722518922
0.04742384722518922
0.04742384722518922
0.04742384722518922
0.04742384722518922
0.04742384722518922
0.04742384722518922
0.04742384722518922
0.08091784841346739
0.04742384722518922
0.04742384722518922
0.04742384722518922
0.04742384722518922
0.02882099651336667
0.02882099651336667
0.02882099651336667
0.02882099651336667
0.02882087730407712
0.02882087730407712
0.08896889237594607
0.02882099651336667
0.02882099651336667
0.02882099651336667
0.02882099651336667
0.02882099651336667
0.02882099651336667
0.02882099651336667
0.02882099651336667
0.19654245620536803
0.01507115364074707
0.02882099651336667
0.02882099651336667
0.02882099651336667
0.02882099651336667
0.02882099651336667
0.27635490894317627
0.02882099651336667
0.02882099651336667
0.02882099651336667
0.02882099651336667
0.02882099651336667
0.02882099651336667
0.05282611951065064
0.05282611951065064
0.01507115364074707
0.022834837436676025
0.28077781200408936
0.022834837436676025
0.022834837436676025
0.022834837436676025
0.4420002853317261
0.16104614949417118
0.022834837436676025
0.022834837436676025
0.16104614949417118
0.022834837436676025
0.008914313079834035
0.022834837436676025
0.022834837436676025
0.022834837436676025
0.022834837436676025
0.008914313079834035
0.022834837436676025
0.022834837436676025
0.022834837436676025
0.022834837436676025
0.022834837436676025
0.022834837436676025
0.1279703647956848
0.022834837436676025
0.022834837436676025
0.022834837436676025
0.022834837436676025
0.022834837436676025
0.022834837436676025
0.022834837436676025
0.022834837436676025
0.041032054502487175
0.041032054502487175
0.041032054502487175
0.041032054502487175
0.041031979996681206
0.041031979996681206
0.041032054502487175
0.006185755365371692
0.041032054502487175
0.041032054502487175
0.041032054502487175
0.041032054502487175
0.041032054502487175
0.041032054502487175
0.041032054502487175
0.041032054502487175
0.041032054502487175
0.041032054502487175
0.041032054502487175
0.041032054502487175
0.041032054502487175
0.041032054502487175
0.041032054502487175
0.041032054502487175
0.07788736467933655
0.14650489687919616
0.041032054502487175
0.041032054502487175
0.14650489687919616
0.07788736467933655
0.03495522266960144
0.08974745629501346
0.0013385043888092252
0.03495522266960144
0.0013385043888092252
0.03495522266960144
0.034955252471923826
0.034955252471923826
0.03495522266960144
0.03495522266960144
0.08974745629501346
0.03495522266960144
0.03495522266960144
0.03495522266960144
0.03495522266960144
0.03495522266960144
0.03495522266960144
0.03495522266960144
0.03495522266960144
0.03495522266960144
0.03495522266960144
0.03495522266960144
0.03495522266960144
0.03495522266960144
0.03495522266960144
0.03495522266960144
0.03495522266960144
0.03495522266960144
0.06243526959609985
0.03495522266960144
0.008208438453674305
0.008208438453674305
0.008208438453674305
0.008208438453674305
0.008208438453674305
0.008208438453674305
0.008208438453674305
0.008208438453674305
0.02903428619670867
0.008208319244384754
0.008208438453674305
0.008208438453674305
0.008208438453674305
0.008208438453674305
0.008208438453674305
0.008208438453674305
0.008208438453674305
0.008208438453674305
0.008208438453674305
0.008208438453674305
0.008208438453674305
0.026538904458999646
0.008208438453674305
0.026538904458999646
0.008208438453674305
0.030034319107055674
0.008208438453674305
0.008208438453674305
0.008208438453674305
0.030034319107055674
0.004150450229644775
0.004150450229644775
0.004150450229644775
0.07232606625747684
0.004150450229644775
0.004150450229644775
0.07232606625747684
0.004150450229644775
0.013576026702880828
0.004150450229644775
0.004150331020355225
0.004150331020355225
0.013576026702880828
0.004150450229644775
0.004150450229644775
0.004150450229644775
0.15874440188694
0.004150450229644775
0.004150450229644775
0.004150450229644775
0.004150450229644775
0.004150450229644775
0.004150450229644775
0.004150450229644775
0.004150450229644775
0.004150450229644775
0.004150450229644775
0.004150450229644775
0.004150450229644775
0.004150450229644775
0.007646704797744763
0.007646704797744763
0.007646704797744763
0.007646704797744763
0.007646704797744763
0.007646704797744763
0.007646704797744763
0.022698788935661324
0.007646704797744763
0.007646704797744763
0.007646704797744763
0.007646704797744763
0.007646645193099988
0.007646645193099988
0.007646704797744763
0.007646704797744763
0.007646704797744763
0.0674164492511749
0.007646704797744763
0.007646704797744763
0.007646704797744763
0.007646704797744763
0.007646704797744763
0.007646704797744763
0.007646704797744763
0.007646704797744763
0.007646704797744763
0.007646704797744763
0.0674164492511749
0.007646704797744763
0.45256537199020386
0.013532580972671515
0.0015481580867767186
0.013532580972671515
0.013532580972671515
0.013532580972671515
0.013532580972671515
0.013532580972671515
0.013532580972671515
0.0015481580867767186
0.013532580972671515
0.013532580972671515
0.013532580972671515
0.013532580972671515
0.013532610774993903
0.013532610774993903
0.013532580972671515
0.013532580972671515
0.013532580972671515
0.013532580972671515
0.013532580972671515
0.013532580972671515
0.013532580972671515
0.013532580972671515
0.013532580972671515
0.013532580972671515
0.013532580972671515
0.013532580972671515
0.013532580972671515
0.013532580972671515
0.0060437935590744035
0.024443671407699596
0.024443671407699596
0.024443671407699596
0.024443671407699596
0.024443671407699596
0.024443671407699596
0.024443671407699596
0.024443671407699596
0.024443671407699596
0.03719383478164673
0.024443671407699596
0.024443671407699596
0.024443671407699596
0.024443671407699596
0.024443671407699596
0.024443701210021984
0.024443701210021984
0.024443731012344372
0.024443731012344372
0.024443731012344372
0.024443731012344372
0.024443731012344372
0.02780080328178408
0.024443731012344372
0.02780080328178408
0.024443731012344372
0.024443731012344372
0.024443731012344372
0.024443731012344372
0.024443731012344372
0.020903108352661126
0.020903108352661126
0.020903108352661126
0.020903108352661126
0.020903108352661126
0.04149770439720152
0.009155992269515967
