1.1241812865167096
0.76196395085552
0.76196395085552
1.1241812865167096
1.7326254829884393
0.76196395085552
0.76196395085552
0.76196395085552
1.2964031710770518
0.76196395085552
0.76196395085552
0.76196395085552
0.76196395085552
0.76196395085552
0.76196395085552
0.76196395085552
0.76196395085552
0.76196395085552
0.76196395085552
0.76196395085552
0.76196395085552
0.76196395085552
0.76196395085552
0.76196395085552
0.76196395085552
1.7326254829884393
0.76196395085552
0.76196395085552
0.76196395085552
0.76196395085552
0.16169231442515342
0.16169231442515342
0.16169231442515342
0.16169231442515342
0.16169231442515342
0.16169231442515342
0.16169231442515342
0.16169231442515342
0.16169231442515342
0.16169231442515342
0.16169231442515342
0.16169231442515342
0.16169231442515342
0.16169231442515342
0.16169231442515342
0.16169231442515342
0.16169231442515342
0.16169231442515342
0.16169231442515342
0.16169231442515342
0.16169231442515342
0.16169231442515342
0.16169231442515342
0.14606731442515342
0.16169231442515342
0.14606731442515342
0.16169231442515342
0.16169231442515342
-0.16372448404352868
0.16169231442515342
0.36124453657066546
0.36124453657066546
0.36124453657066546
0.36124453657066546
0.36124453657066546
0.36124453657066546
0.36124453657066546
0.36124453657066546
0.35802151980443153
0.35802151980443153
0.36124453657066546
-0.024621631091673923
0.36124453657066546
0.36124453657066546
0.36124453657066546
0.36124453657066546
0.36124453657066546
0.36124453657066546
0.36124453657066546
0.36124453657066546
0.36124453657066546
0.36124453657066546
0.36124453657066546
0.36124453657066546
0.36124453657066546
0.36124453657066546
0.36124453657066546
0.36124453657066546
0.36124453657066546
0.36124453657066546
0.8830732415340977
0.8830732415340977
0.8830732415340977
0.8830732415340977
0.8830732415340977
0.8830732415340977
0.8830732415340977
0.8830732415340977
0.8830732415340977
0.8830732415340977
0.8830732415340977
0.8830732415340977
0.8830732415340977
0.8830732415340977
0.8830732415340977
0.8830732415340977
0.8830732415340977
0.8830732415340977
0.8830732415340977
0.8830732415340977
0.8830732415340977
0.8830732415340977
0.8830732415340977
0.6104002247678638
0.8830732415340977
0.8830732415340977
0.8830732415340977
0.8830732415340977
0.8830732415340977
0.008730910823910865
0.01878343597326182
0.01878343597326182
0.01878343597326182
0.01878343597326182
-0.5100342065397266
0.01878343597326182
0.01878343597326182
0.008730910823910865
0.01878343597326182
0.01878343597326182
0.01878343597326182
0.01878343597326182
0.01878343597326182
0.01878343597326182
0.01878343597326182
0.01878343597326182
0.01878343597326182
0.01878343597326182
0.01878343597326182
0.01878343597326182
0.01878343597326182
0.01878343597326182
0.01878343597326182
0.01878343597326182
0.01878343597326182
0.01878343597326182
0.01878343597326182
0.01878343597326182
0.01878343597326182
-0.6965807249334344
-0.6965807249334344
-0.6965807249334344
-0.6965807249334344
-0.6965807249334344
-0.6965807249334344
-0.6965807249334344
-0.6965807249334344
-0.6965807249334344
-0.6965807249334344
-0.6965807249334344
-0.6965807249334344
-0.6965807249334344
-0.6965807249334344
-0.6965807249334344
-0.6965807249334344
-0.6965807249334344
-0.6965807249334344
-0.6965807249334344
-0.6965807249334344
-0.6965807249334344
-0.6965807249334344
-0.6965807249334344
-0.6965807249334344
-0.6965807249334344
-0.6965807249334344
-0.6965807249334344
-0.6965807249334344
-0.6965807249334344
0.016388744521115828
0.016388744521115828
0.016388744521115828
-0.007630780628235134
0.016388744521115828
-0.5154949985892763
0.016388744521115828
0.016388744521115828
0.016388744521115828
0.016388744521115828
-0.007630780628235134
0.016388744521115828
0.016388744521115828
0.016388744521115828
0.016388744521115828
0.016388744521115828
0.016388744521115828
0.016388744521115828
0.016388744521115828
0.016388744521115828
0.016388744521115828
0.016388744521115828
0.016388744521115828
0.016388744521115828
0.016388744521115828
0.016388744521115828
0.016388744521115828
0.016388744521115828
0.016388744521115828
0.016388744521115828
0.3349366422276573
0.3349366422276573
0.3349366422276573
0.3349366422276573
0.3349366422276573
-0.5965205924996179
0.3349366422276573
0.3349366422276573
0.3349366422276573
0.3349366422276573
0.3349366422276573
0.3349366422276573
0.3349366422276573
0.3349366422276573
0.3349366422276573
0.3349366422276573
0.3349366422276573
0.3349366422276573
0.33593260869518937
0.3349366422276573
0.3349366422276573
0.3349366422276573
0.3349366422276573
0.3349366422276573
0.3349366422276573
0.33593260869518937
0.3349366422276573
0.3349366422276573
0.3349366422276573
0.3349366422276573
-0.038126672541624274
-0.038126672541624274
-0.038126672541624274
-0.038126672541624274
-0.038126672541624274
-0.04843788092474133
-0.038126672541624274
-0.038126672541624274
-0.038126672541624274
-0.038126672541624274
-0.04843788092474133
-0.04843788092474133
-0.038126672541624274
-0.04843788092474133
-0.038126672541624274
-0.038126672541624274
-0.038126672541624274
-0.038126672541624274
-0.47538257433383524
-0.038126672541624274
-0.038126672541624274
-0.038126672541624274
-0.038126672541624274
-0.038126672541624274
-0.038126672541624274
-0.038126672541624274
-0.038126672541624274
-0.038126672541624274
-0.038126672541624274
-0.038126672541624274
0.0947380117448649
0.0947380117448649
0.0947380117448649
0.0947380117448649
0.0947380117448649
0.0947380117448649
0.0947380117448649
0.0947380117448649
0.0947380117448649
0.0947380117448649
-0.5354506522574349
0.0947380117448649
0.0947380117448649
0.0947380117448649
0.0947380117448649
0.0947380117448649
0.0947380117448649
0.0947380117448649
0.0947380117448649
0.0947380117448649
0.0947380117448649
0.10640636417228833
0.0947380117448649
0.03805596144616322
0.0947380117448649
0.10640636417228833
0.0947380117448649
0.03805596144616322
0.0947380117448649
0.0947380117448649
0.07732370123302647
0.07732370123302647
0.07732370123302647
0.07732370123302647
0.07732370123302647
0.07732370123302647
0.07732370123302647
0.07732370123302647
0.07732370123302647
0.07732370123302647
0.07732370123302647
0.07732370123302647
0.07732370123302647
-0.0152758742150262
-0.0152758742150262
0.07732370123302647
0.07732370123302647
0.07732370123302647
0.07732370123302647
0.07732370123302647
0.07732370123302647
0.07732370123302647
0.07732370123302647
-0.37529337893810377
0.07732370123302647
0.07732370123302647
0.07732370123302647
0.07732370123302647
0.07732370123302647
0.07732370123302647
-0.2257455877765403
-0.2257455877765403
-0.2257455877765403
-0.5157188778621056
-0.2257455877765403
-0.2257455877765403
-0.2257455877765403
-0.2257455877765403
-0.2257455877765403
-0.2257455877765403
-0.2257455877765403
-0.2257455877765403
-0.2257455877765403
-0.2257455877765403
-0.2257455877765403
-0.2257455877765403
-0.2257455877765403
-0.2257455877765403
-0.2719241296921252
-0.2257455877765403
-0.2257455877765403
-0.2719241296921252
-0.2257455877765403
-0.2257455877765403
-0.2257455877765403
-0.2257455877765403
-0.2257455877765403
-0.2257455877765403
-0.2257455877765403
-0.2257455877765403
-0.23962709968792756
-0.23962709968792756
-0.23962709968792756
-0.27695993322039547
-0.23962709968792756
-0.23962709968792756
-0.23962709968792756
-0.23962709968792756
-0.23962709968792756
-0.23962709968792756
-0.23962709968792756
-0.23962709968792756
-0.27695993322039547
-0.23962709968792756
-0.23962709968792756
-0.23962709968792756
-0.23962709968792756
-0.23962709968792756
-0.23962709968792756
-0.23962709968792756
-0.23962709968792756
-0.23962709968792756
-0.23962709968792756
-0.23962709968792756
-0.23962709968792756
-0.23962709968792756
-0.23962709968792756
-0.23962709968792756
-0.23962709968792756
-0.47880152543468213
0.06560865899389118
0.06560865899389118
0.06560865899389118
0.06560865899389118
0.06560865899389118
0.06560865899389118
0.06560865899389118
0.06560865899389118
-0.45177442543468216
0.06560865899389118
0.06560865899389118
0.06560865899389118
0.06560865899389118
0.06560865899389118
0.06560865899389118
0.06560865899389118
0.06560865899389118
0.06560865899389118
0.06560865899389118
0.06560865899389118
0.06560865899389118
0.06560865899389118
0.06560865899389118
0.009243050013370557
0.06560865899389118
0.03669064222765728
0.06560865899389118
0.06560865899389118
0.009243050013370557
0.03669064222765728
-0.11067602909472163
-0.11970853747783847
-0.11970853747783847
-0.11067602909472163
-0.11067602909472163
-0.11067602909472163
-0.11067602909472163
-0.11067602909472163
-0.11067602909472163
-0.11067602909472163
-0.11067602909472163
-0.18058909615965735
-0.18058909615965735
-0.11067602909472163
-0.11067602909472163
-0.11067602909472163
-0.11067602909472163
-0.11067602909472163
-0.11067602909472163
-0.11067602909472163
-0.11067602909472163
-0.11067602909472163
-0.11067602909472163
-0.11067602909472163
-0.11067602909472163
-0.11067602909472163
-0.11067602909472163
-0.4831555086684482
-0.11067602909472163
-0.11067602909472163
-0.26856828564781876
-0.5965205924996179
-0.26856828564781876
-0.26856828564781876
-0.26856828564781876
-0.26856828564781876
-0.26856828564781876
-0.26856828564781876
-0.26856828564781876
-0.26856828564781876
-0.26856828564781876
-0.26856828564781876
-0.26856828564781876
-0.26856828564781876
-0.26856828564781876
-0.3030303191802868
-0.26856828564781876
-0.26856828564781876
-0.26856828564781876
-0.26856828564781876
-0.26856828564781876
-0.3030303191802868
-0.26856828564781876
-0.26856828564781876
-0.26856828564781876
-0.26856828564781876
-0.26856828564781876
-0.26856828564781876
-0.26856828564781876
-0.26856828564781876
-0.0350112688815849
-0.039680777264701705
-0.6898236545049654
-0.0350112688815849
-0.0350112688815849
-0.06133582756340372
-0.0350112688815849
-0.0350112688815849
-0.0350112688815849
-0.0350112688815849
-0.0350112688815849
-0.0350112688815849
-0.0350112688815849
-0.0350112688815849
-0.06133582756340372
-0.039680777264701705
-0.0350112688815849
-0.0350112688815849
-0.0350112688815849
-0.0350112688815849
-0.0350112688815849
-0.0350112688815849
-0.0350112688815849
-0.0350112688815849
-0.0350112688815849
-0.0350112688815849
-0.5305583365439243
-0.0350112688815849
-0.0350112688815849
-0.0350112688815849
-0.0350112688815849
0.19271682979183868
0.19271682979183868
0.19271682979183868
0.19271682979183868
0.19271682979183868
0.19271682979183868
0.19271682979183868
-0.49746501897554535
0.19271682979183868
0.19271682979183868
0.19271682979183868
0.19271682979183868
0.19271682979183868
0.19271682979183868
0.19271682979183868
0.15700182979183874
0.20353025434378585
0.19271682979183868
0.19271682979183868
0.19271682979183868
0.19271682979183868
0.19271682979183868
0.19271682979183868
0.20353025434378585
0.19271682979183868
0.19271682979183868
0.19271682979183868
0.15700182979183874
0.19271682979183868
0.19271682979183868
0.31998271907525866
0.31998271907525866
0.31998271907525866
0.31998271907525866
0.31998271907525866
0.31998271907525866
0.2709901268609721
0.2709901268609721
0.31998271907525866
0.31998271907525866
0.10728403358364735
0.31998271907525866
0.31998271907525866
0.31998271907525866
0.31998271907525866
0.31998271907525866
0.31998271907525866
0.31998271907525866
0.31998271907525866
0.31998271907525866
0.31998271907525866
0.31998271907525866
0.31998271907525866
0.31998271907525866
0.31998271907525866
0.31998271907525866
-0.4348674240351335
0.31998271907525866
0.31998271907525866
0.31998271907525866
0.31998271907525866
0.22170212975745762
0.22170212975745762
0.22170212975745762
0.22170212975745762
0.22170212975745762
0.22170212975745762
-0.3102054106268095
0.22170212975745762
0.22170212975745762
0.22170212975745762
0.22170212975745762
0.22170212975745762
0.22170212975745762
0.22170212975745762
0.22170212975745762
-0.7117312438227666
0.21480862137434054
0.22170212975745762
0.22170212975745762
0.22170212975745762
0.22170212975745762
0.22170212975745762
0.08614607507218885
0.22170212975745762
0.22170212975745762
0.22170212975745762
0.22170212975745762
0.22170212975745762
0.22170212975745762
0.1822180794587558
0.1822180794587558
0.21480862137434054
0.0032591173115543715
1.1061586330147501
0.0032591173115543715
0.0032591173115543715
0.0032591173115543715
-0.5378353502190159
-0.014243458136498466
0.0032591173115543715
0.0032591173115543715
-0.014243458136498466
0.0032591173115543715
-0.026433407837796574
0.0032591173115543715
0.0032591173115543715
0.0032591173115543715
0.0032591173115543715
-0.026433407837796574
0.0032591173115543715
0.0032591173115543715
0.0032591173115543715
0.0032591173115543715
0.0032591173115543715
0.0032591173115543715
-0.45697191549174065
0.0032591173115543715
0.0032591173115543715
0.0032591173115543715
0.0032591173115543715
0.0032591173115543715
0.0032591173115543715
0.0032591173115543715
0.0032591173115543715
-0.4551687546593877
-0.4551687546593877
-0.4551687546593877
-0.4551687546593877
-0.4551687546593877
-0.4551687546593877
-0.4551687546593877
-0.6869682315069892
-0.4551687546593877
-0.4551687546593877
-0.4551687546593877
-0.4551687546593877
-0.4551687546593877
-0.4551687546593877
-0.4551687546593877
-0.4551687546593877
-0.4551687546593877
-0.4551687546593877
-0.4551687546593877
-0.4551687546593877
-0.4551687546593877
-0.4551687546593877
-0.4551687546593877
-0.4551687546593877
-0.49373131334120657
-0.4527994189981984
-0.4551687546593877
-0.4551687546593877
-0.4527994189981984
-0.49373131334120657
-0.249543795954916
-0.23315203574177923
-0.2559568127211499
-0.249543795954916
-0.2559568127211499
-0.249543795954916
-0.249543795954916
-0.249543795954916
-0.249543795954916
-0.249543795954916
-0.23315203574177923
-0.249543795954916
-0.249543795954916
-0.249543795954916
-0.249543795954916
-0.249543795954916
-0.249543795954916
-0.249543795954916
-0.249543795954916
-0.249543795954916
-0.249543795954916
-0.249543795954916
-0.249543795954916
-0.249543795954916
-0.249543795954916
-0.249543795954916
-0.249543795954916
-0.249543795954916
-0.6246103308869325
-0.249543795954916
-0.21336508660491682
-0.21336508660491682
-0.21336508660491682
-0.21336508660491682
-0.21336508660491682
-0.21336508660491682
-0.21336508660491682
-0.21336508660491682
-0.5204086550694014
-0.21336508660491682
-0.21336508660491682
-0.21336508660491682
-0.21336508660491682
-0.21336508660491682
-0.21336508660491682
-0.21336508660491682
-0.21336508660491682
-0.21336508660491682
-0.21336508660491682
-0.21336508660491682
-0.21336508660491682
-0.23533649911370758
-0.21336508660491682
-0.23533649911370758
-0.21336508660491682
-0.2098077509437275
-0.21336508660491682
-0.21336508660491682
-0.21336508660491682
-0.2098077509437275
0.07602548434798356
0.07602548434798356
0.07602548434798356
0.10113180324293902
0.07602548434798356
0.07602548434798356
0.10113180324293902
0.07602548434798356
0.07599746758174958
0.07602548434798356
0.07602548434798356
0.07602548434798356
0.07599746758174958
0.07602548434798356
0.07602548434798356
0.07602548434798356
-0.49405647220511373
0.07602548434798356
0.07602548434798356
0.07602548434798356
0.07602548434798356
0.07602548434798356
0.07602548434798356
0.07602548434798356
0.07602548434798356
0.07602548434798356
0.07602548434798356
0.07602548434798356
0.07602548434798356
0.07602548434798356
-0.12633283454697192
-0.12633283454697192
-0.12633283454697192
-0.12633283454697192
-0.12633283454697192
-0.12633283454697192
-0.12633283454697192
-0.5942389189755454
-0.12633283454697192
-0.12633283454697192
-0.12633283454697192
-0.12633283454697192
-0.12633283454697192
-0.12633283454697192
-0.12633283454697192
-0.12633283454697192
-0.12633283454697192
-0.14139353241825042
-0.12633283454697192
-0.12633283454697192
-0.12633283454697192
-0.12633283454697192
-0.12633283454697192
-0.12633283454697192
-0.12633283454697192
-0.12633283454697192
-0.12633283454697192
-0.12633283454697192
-0.14139353241825042
-0.12633283454697192
0.10728403358364735
-0.2645547456562141
-0.26138040999502477
-0.2645547456562141
-0.2645547456562141
-0.2645547456562141
-0.2645547456562141
-0.2645547456562141
-0.2645547456562141
-0.26138040999502477
-0.2645547456562141
-0.2645547456562141
-0.2645547456562141
-0.2645547456562141
-0.2645547456562141
-0.2645547456562141
-0.2645547456562141
-0.2645547456562141
-0.2645547456562141
-0.2645547456562141
-0.2645547456562141
-0.2645547456562141
-0.2645547456562141
-0.2645547456562141
-0.2645547456562141
-0.2645547456562141
-0.2645547456562141
-0.2645547456562141
-0.2645547456562141
-0.2645547456562141
-0.7055472084637068
-0.24715846535331457
-0.24715846535331457
-0.24715846535331457
-0.24715846535331457
-0.24715846535331457
-0.24715846535331457
-0.24715846535331457
-0.24715846535331457
-0.24715846535331457
-0.5788822225038155
-0.24715846535331457
-0.24715846535331457
-0.24715846535331457
-0.24715846535331457
-0.24715846535331457
-0.24715846535331457
-0.24715846535331457
-0.24715846535331457
-0.24715846535331457
-0.24715846535331457
-0.24715846535331457
-0.24715846535331457
-0.2859811632245931
-0.24715846535331457
-0.2859811632245931
-0.24715846535331457
-0.24715846535331457
-0.24715846535331457
-0.24715846535331457
-0.24715846535331457
-0.21564711990945948
-0.21564711990945948
-0.21564711990945948
-0.21564711990945948
-0.21564711990945948
-0.22513262829257655
-0.3245882205068631
