1.0692552420606658
0.7422265269496957
0.7422265269496957
1.0692552420606658
1.6064501556789321
0.7422265269496957
0.7422265269496957
0.7422265269496957
1.0992692414984229
0.7422265269496957
0.7422265269496957
0.7422265269496957
0.7422265269496957
0.7422265269496957
0.7422265269496957
0.7422265269496957
0.7422265269496957
0.7422265269496957
0.7422265269496957
0.7422265269496957
0.7422265269496957
0.7422265269496957
0.7422265269496957
0.7422265269496957
0.7422265269496957
1.6064501556789321
0.7422265269496957
0.7422265269496957
0.7422265269496957
0.7422265269496957
0.12569122141210243
0.12569122141210243
0.12569122141210243
0.12569122141210243
0.12569122141210243
0.12569122141210243
0.12569122141210243
0.12569122141210243
0.12569122141210243
0.12569122141210243
0.12569122141210243
0.12569122141210243
0.12569122141210243
0.12569122141210243
0.12569122141210243
0.12569122141210243
0.12569122141210243
0.12569122141210243
0.12569122141210243
0.12569122141210243
0.12569122141210243
0.12569122141210243
0.12569122141210243
0.11006622141210243
0.12569122141210243
0.11006622141210243
0.12569122141210243
0.12569122141210243
0.2302633082573322
0.12569122141210243
0.0015695245814413283
0.0015695245814413283
0.0015695245814413283
0.0015695245814413283
0.0015695245814413283
0.0015695245814413283
0.0015695245814413283
0.0015695245814413283
0.0010721310161093678
0.0010721310161093678
0.0015695245814413283
0.37848303139406486
0.0015695245814413283
0.0015695245814413283
0.0015695245814413283
0.0015695245814413283
0.0015695245814413283
0.0015695245814413283
0.0015695245814413283
0.0015695245814413283
0.0015695245814413283
0.0015695245814413283
0.0015695245814413283
0.0015695245814413283
0.0015695245814413283
0.0015695245814413283
0.0015695245814413283
0.0015695245814413283
0.0015695245814413283
0.0015695245814413283
0.46553469718703244
0.46553469718703244
0.46553469718703244
0.46553469718703244
0.46553469718703244
0.46553469718703244
0.46553469718703244
0.46553469718703244
0.46553469718703244
0.46553469718703244
0.46553469718703244
0.46553469718703244
0.46553469718703244
0.46553469718703244
0.46553469718703244
0.46553469718703244
0.46553469718703244
0.46553469718703244
0.46553469718703244
0.46553469718703244
0.46553469718703244
0.46553469718703244
0.46553469718703244
0.19344304158948167
0.46553469718703244
0.46553469718703244
0.46553469718703244
0.46553469718703244
0.46553469718703244
0.1099381075998116
0.15239259099613744
0.15239259099613744
0.15239259099613744
0.15239259099613744
0.23627948158304268
0.15239259099613744
0.15239259099613744
0.1099381075998116
0.15239259099613744
0.15239259099613744
0.15239259099613744
0.15239259099613744
0.15239259099613744
0.15239259099613744
0.15239259099613744
0.15239259099613744
0.15239259099613744
0.15239259099613744
0.15239259099613744
0.15239259099613744
0.15239259099613744
0.15239259099613744
0.15239259099613744
0.15239259099613744
0.15239259099613744
0.15239259099613744
0.15239259099613744
0.15239259099613744
0.15239259099613744
0.11528199161786645
0.11528199161786645
0.11528199161786645
0.11528199161786645
0.11528199161786645
0.11528199161786645
0.11528199161786645
0.11528199161786645
0.11528199161786645
0.11528199161786645
0.11528199161786645
0.11528199161786645
0.11528199161786645
0.11528199161786645
0.11528199161786645
0.11528199161786645
0.11528199161786645
0.11528199161786645
0.11528199161786645
0.11528199161786645
0.11528199161786645
0.11528199161786645
0.11528199161786645
0.11528199161786645
0.11528199161786645
0.11528199161786645
0.11528199161786645
0.11528199161786645
0.11528199161786645
0.12171563488644876
0.12171563488644876
0.12171563488644876
0.1302631182827746
0.12171563488644876
0.5706156410509329
0.12171563488644876
0.12171563488644876
0.12171563488644876
0.12171563488644876
0.1302631182827746
0.12171563488644876
0.12171563488644876
0.12171563488644876
0.13734063488644876
0.13734063488644876
0.12171563488644876
0.12171563488644876
0.12171563488644876
0.12171563488644876
0.12171563488644876
0.12171563488644876
0.12171563488644876
0.12171563488644876
0.12171563488644876
0.12171563488644876
0.12171563488644876
0.12171563488644876
0.12171563488644876
0.12171563488644876
0.6791500148790439
0.6791500148790439
0.6791500148790439
0.6791500148790439
0.6791500148790439
0.014281163486664639
0.6791500148790439
0.6791500148790439
0.6791500148790439
0.6791500148790439
0.6791500148790439
0.6791500148790439
0.6791500148790439
0.6791500148790439
0.6791500148790439
0.6791500148790439
0.6791500148790439
0.6791500148790439
0.7316267036839427
0.6791500148790439
0.6791500148790439
0.6791500148790439
0.6791500148790439
0.6791500148790439
0.6791500148790439
0.7316267036839427
0.6791500148790439
0.6791500148790439
0.6791500148790439
0.6791500148790439
0.0015299753326619703
0.0015299753326619703
0.0015299753326619703
0.0015299753326619703
0.0015299753326619703
0.005072852466113331
0.0015299753326619703
0.0015299753326619703
0.0015299753326619703
0.0015299753326619703
0.018230852466113334
0.005072852466113331
0.0015299753326619703
0.018230852466113334
0.0015299753326619703
0.0015299753326619703
0.0015299753326619703
0.0015299753326619703
0.3679278254232492
0.0015299753326619703
0.0015299753326619703
0.0015299753326619703
0.0015299753326619703
0.0015299753326619703
0.0015299753326619703
0.0015299753326619703
0.0015299753326619703
0.0015299753326619703
0.0015299753326619703
0.0015299753326619703
0.04925400852409656
0.04925400852409656
0.04925400852409656
0.04925400852409656
0.04925400852409656
0.04925400852409656
0.04925400852409656
0.04925400852409656
0.04925400852409656
0.04925400852409656
0.6193356732049756
0.04925400852409656
0.04925400852409656
0.04925400852409656
0.04925400852409656
0.04925400852409656
0.04925400852409656
0.04925400852409656
0.04925400852409656
0.04925400852409656
0.04925400852409656
0.02638437923261744
0.04925400852409656
0.002165041731444828
0.04925400852409656
0.02638437923261744
0.04925400852409656
0.002165041731444828
0.04925400852409656
0.04925400852409656
0.1028097768094523
0.1028097768094523
0.1028097768094523
0.1028097768094523
0.1028097768094523
0.1028097768094523
0.1028097768094523
0.1028097768094523
0.1028097768094523
0.1028097768094523
0.1028097768094523
0.1028097768094523
0.1028097768094523
0.028148326620474395
0.028148326620474395
0.1028097768094523
0.1028097768094523
0.1028097768094523
0.1028097768094523
0.1028097768094523
0.1028097768094523
0.1028097768094523
0.1028097768094523
0.4277686269318668
0.1028097768094523
0.1028097768094523
0.1028097768094523
0.1028097768094523
0.1028097768094523
0.1028097768094523
0.3507852099343235
0.3507852099343235
0.3507852099343235
0.638691911804983
0.3507852099343235
0.3507852099343235
0.3507852099343235
0.3507852099343235
0.3507852099343235
0.3507852099343235
0.3507852099343235
0.3507852099343235
0.3507852099343235
0.3507852099343235
0.3507852099343235
0.3507852099343235
0.3507852099343235
0.3507852099343235
0.38325534892820007
0.3507852099343235
0.3507852099343235
0.38325534892820007
0.3507852099343235
0.3507852099343235
0.3507852099343235
0.3507852099343235
0.3507852099343235
0.3507852099343235
0.3507852099343235
0.3507852099343235
0.3106251241148326
0.3106251241148326
0.3106251241148326
0.32596243530993374
0.3106251241148326
0.3106251241148326
0.3106251241148326
0.3106251241148326
0.3106251241148326
0.3106251241148326
0.3106251241148326
0.3106251241148326
0.32596243530993374
0.3106251241148326
0.3106251241148326
0.3106251241148326
0.3106251241148326
0.3106251241148326
0.3106251241148326
0.3106251241148326
0.3106251241148326
0.3106251241148326
0.3106251241148326
0.3106251241148326
0.3106251241148326
0.3106251241148326
0.3106251241148326
0.3106251241148326
0.3106251241148326
0.5792235410964622
0.07098332952340536
0.07098332952340536
0.07098332952340536
0.07098332952340536
0.07098332952340536
0.07098332952340536
0.07098332952340536
0.07098332952340536
0.5251695410964623
0.07098332952340536
0.07098332952340536
0.07098332952340536
0.07098332952340536
0.07098332952340536
0.07098332952340536
0.07098332952340536
0.07098332952340536
0.07098332952340536
0.07098332952340536
0.07098332952340536
0.07098332952340536
0.07098332952340536
0.07098332952340536
0.07088009090748448
0.07098332952340536
0.09277798512095603
0.07098332952340536
0.07098332952340536
0.07088009090748448
0.09277798512095603
0.013544415342896243
0.016653243141671714
0.016653243141671714
0.013544415342896243
0.013544415342896243
0.013544415342896243
0.013544415342896243
0.013544415342896243
0.013544415342896243
0.013544415342896243
0.013544415342896243
0.030338037733098955
0.030338037733098955
0.013544415342896243
0.013544415342896243
0.013544415342896243
0.013544415342896243
0.013544415342896243
0.013544415342896243
0.013544415342896243
0.013544415342896243
0.013544415342896243
0.013544415342896243
0.013544415342896243
0.013544415342896243
0.013544415342896243
0.013544415342896243
0.3131958854989117
0.013544415342896243
0.013544415342896243
0.2873278060184546
0.5315231634866646
0.2873278060184546
0.2873278060184546
0.2873278060184546
0.2873278060184546
0.2873278060184546
0.2873278060184546
0.2873278060184546
0.2873278060184546
0.2873278060184546
0.2873278060184546
0.2873278060184546
0.2873278060184546
0.2873278060184546
0.2970441172135557
0.2873278060184546
0.2873278060184546
0.2873278060184546
0.2873278060184546
0.2873278060184546
0.2970441172135557
0.2873278060184546
0.2873278060184546
0.2873278060184546
0.2873278060184546
0.2873278060184546
0.2873278060184546
0.2873278060184546
0.2873278060184546
0.033283849579095914
0.035963021780320736
0.9610992291645684
0.033283849579095914
0.033283849579095914
0.06514305498766881
0.033283849579095914
0.033283849579095914
0.033283849579095914
0.033283849579095914
0.033283849579095914
0.033283849579095914
0.033283849579095914
0.033283849579095914
0.06514305498766881
0.035963021780320736
0.033283849579095914
0.033283849579095914
0.033283849579095914
0.033283849579095914
0.033283849579095914
0.033283849579095914
0.033283849579095914
0.033283849579095914
0.033283849579095914
0.033283849579095914
0.3577787063964103
0.033283849579095914
0.033283849579095914
0.033283849579095914
0.033283849579095914
0.39014419454378824
0.39014419454378824
0.39014419454378824
0.39014419454378824
0.39014419454378824
0.39014419454378824
0.39014419454378824
0.24876130191829848
0.39014419454378824
0.39014419454378824
0.39014419454378824
0.39014419454378824
0.39014419454378824
0.39014419454378824
0.39014419454378824
0.3187161945437882
0.4685407443548102
0.39014419454378824
0.39014419454378824
0.39014419454378824
0.39014419454378824
0.39014419454378824
0.39014419454378824
0.4685407443548102
0.39014419454378824
0.39014419454378824
0.39014419454378824
0.3187161945437882
0.39014419454378824
0.39014419454378824
0.48176914753388667
0.48176914753388667
0.48176914753388667
0.48176914753388667
0.48176914753388667
0.48176914753388667
0.500549041747358
0.500549041747358
0.48176914753388667
0.48176914753388667
0.23495014334507758
0.46861114753388666
0.48176914753388667
0.46861114753388666
0.48176914753388667
0.48176914753388667
0.48176914753388667
0.48176914753388667
0.48176914753388667
0.48176914753388667
0.48176914753388667
0.48176914753388667
0.48176914753388667
0.48176914753388667
0.48176914753388667
0.48176914753388667
0.09303885863059758
0.48176914753388667
0.48176914753388667
0.48176914753388667
0.48176914753388667
0.176758806474831
0.176758806474831
0.176758806474831
0.176758806474831
0.176758806474831
0.176758806474831
0.22079286218848038
0.176758806474831
0.176758806474831
0.176758806474831
0.176758806474831
0.176758806474831
0.176758806474831
0.176758806474831
0.176758806474831
1.2107555702236241
0.1754529786760557
0.176758806474831
0.176758806474831
0.176758806474831
0.176758806474831
0.176758806474831
0.5525144892897953
0.176758806474831
0.176758806474831
0.176758806474831
0.176758806474831
0.176758806474831
0.176758806474831
0.1730408396821791
0.1730408396821791
0.1754529786760557
0.12640673997115426
0.7537343162627976
0.12640673997115426
0.12640673997115426
0.12640673997115426
0.8908410281396516
0.18397128978217658
0.12640673997115426
0.12640673997115426
0.18397128978217658
0.12640673997115426
0.09837125657482837
0.12640673997115426
0.12640673997115426
0.12640673997115426
0.12640673997115426
0.09837125657482837
0.12640673997115426
0.12640673997115426
0.12640673997115426
0.12640673997115426
0.12640673997115426
0.12640673997115426
0.269729849773943
0.12640673997115426
0.12640673997115426
0.12640673997115426
0.12640673997115426
0.12640673997115426
0.12640673997115426
0.12640673997115426
0.12640673997115426
0.5581697849662846
0.5581697849662846
0.5581697849662846
0.5581697849662846
0.5581697849662846
0.5581697849662846
0.5581697849662846
0.8515029176211273
0.5581697849662846
0.5581697849662846
0.5581697849662846
0.5581697849662846
0.5581697849662846
0.5581697849662846
0.5581697849662846
0.5581697849662846
0.5581697849662846
0.5581697849662846
0.5581697849662846
0.5581697849662846
0.5581697849662846
0.5581697849662846
0.5581697849662846
0.5581697849662846
0.5865395795577117
0.5879590698553145
0.5581697849662846
0.5581697849662846
0.5879590698553145
0.5865395795577117
0.2894802224378414
0.26529095751584897
0.2903088780353922
0.2894802224378414
0.2903088780353922
0.2894802224378414
0.2894802224378414
0.2894802224378414
0.2894802224378414
0.2894802224378414
0.26529095751584897
0.2894802224378414
0.2894802224378414
0.2894802224378414
0.2894802224378414
0.2894802224378414
0.2894802224378414
0.2894802224378414
0.2894802224378414
0.2894802224378414
0.2894802224378414
0.2894802224378414
0.2894802224378414
0.2894802224378414
0.2894802224378414
0.2894802224378414
0.2894802224378414
0.2894802224378414
0.7551092160988075
0.2894802224378414
0.2838546994398668
0.2838546994398668
0.2838546994398668
0.2838546994398668
0.2838546994398668
0.2838546994398668
0.2838546994398668
0.2838546994398668
0.6753290042959341
0.2838546994398668
0.2838546994398668
0.2838546994398668
0.2838546994398668
0.2838546994398668
0.2838546994398668
0.2838546994398668
0.2838546994398668
0.2838546994398668
0.2838546994398668
0.2838546994398668
0.2838546994398668
0.3577025472056796
0.2838546994398668
0.3577025472056796
0.2838546994398668
0.3133079843288966
0.2838546994398668
0.2838546994398668
0.2838546994398668
0.3133079843288966
0.15603896916817794
0.15603896916817794
0.15603896916817794
0.18045302868159763
0.15603896916817794
0.15603896916817794
0.18045302868159763
0.15603896916817794
0.16927331357062725
0.15603896916817794
0.15603896916817794
0.15603896916817794
0.16927331357062725
0.15603896916817794
0.15603896916817794
0.15603896916817794
0.44358342150738034
0.15603896916817794
0.15603896916817794
0.15603896916817794
0.15603896916817794
0.15603896916817794
0.15603896916817794
0.15603896916817794
0.15603896916817794
0.15603896916817794
0.15603896916817794
0.15603896916817794
0.15603896916817794
0.15603896916817794
0.2656430903452416
0.2656430903452416
0.2656430903452416
0.2656430903452416
0.2656430903452416
0.2656430903452416
0.2656430903452416
0.7003743019182984
0.2656430903452416
0.2656430903452416
0.2656430903452416
0.2656430903452416
0.2656430903452416
0.2656430903452416
0.2656430903452416
0.2656430903452416
0.2656430903452416
0.30898768642937274
0.2656430903452416
0.2656430903452416
0.2656430903452416
0.2656430903452416
0.2656430903452416
0.2656430903452416
0.2656430903452416
0.2656430903452416
0.2656430903452416
0.2656430903452416
0.30898768642937274
0.2656430903452416
0.23495014334507758
0.2974132556451897
0.3221745405342194
0.2974132556451897
0.2974132556451897
0.2974132556451897
0.2974132556451897
0.2974132556451897
0.2974132556451897
0.3221745405342194
0.2974132556451897
0.2974132556451897
0.2974132556451897
0.2974132556451897
0.2974132556451897
0.2974132556451897
0.2974132556451897
0.2974132556451897
0.2974132556451897
0.2974132556451897
0.2974132556451897
0.2974132556451897
0.2974132556451897
0.2974132556451897
0.2974132556451897
0.2974132556451897
0.2974132556451897
0.2974132556451897
0.2974132556451897
0.2974132556451897
0.8305150702036543
0.2753710640391703
0.2753710640391703
0.2753710640391703
0.2753710640391703
0.2753710640391703
0.2753710640391703
0.2753710640391703
0.2753710640391703
0.2753710640391703
0.6422113883000322
0.2753710640391703
0.2753710640391703
0.2753710640391703
0.2753710640391703
0.2753710640391703
0.2753710640391703
0.2753710640391703
0.2753710640391703
0.2753710640391703
0.2753710640391703
0.2753710640391703
0.2753710640391703
0.3206386601233014
0.2753710640391703
0.3206386601233014
0.2753710640391703
0.2753710640391703
0.2753710640391703
0.2753710640391703
0.2753710640391703
0.19795783866355993
0.19795783866355993
0.19795783866355993
0.19795783866355993
0.19795783866355993
0.20450866646233518
0.26470177224886354
