1.1872183084487915
0.8122183084487915
0.8122183084487915
1.1872183084487915
1.7872183084487916
0.8122183084487915
0.8122183084487915
0.8122183084487915
1.3538883084487914
0.8122183084487915
0.8122183084487915
0.8122183084487915
0.8122183084487915
0.8122183084487915
0.8122183084487915
0.8122183084487915
0.8122183084487915
0.8122183084487915
0.8122183084487915
0.8122183084487915
0.8122183084487915
0.8122183084487915
0.8122183084487915
0.8122183084487915
0.8122183084487915
1.7872183084487916
0.8122183084487915
0.8122183084487915
0.8122183084487915
0.8122183084487915
-0.2815316915512085
-0.2815316915512085
-0.2815316915512085
-0.2815316915512085
-0.2815316915512085
-0.2815316915512085
-0.2815316915512085
-0.2815316915512085
-0.2815316915512085
-0.2815316915512085
-0.2815316915512085
-0.2815316915512085
-0.2815316915512085
-0.2815316915512085
-0.2815316915512085
-0.2815316915512085
-0.2815316915512085
-0.2815316915512085
-0.2815316915512085
-0.2815316915512085
-0.2815316915512085
-0.2815316915512085
-0.2815316915512085
-0.2971566915512085
-0.2815316915512085
-0.2971566915512085
-0.2815316915512085
-0.2815316915512085
-0.4127816915512085
-0.2815316915512085
-0.2390116915512085
-0.2390116915512085
-0.2390116915512085
-0.2390116915512085
-0.2390116915512085
-0.2390116915512085
-0.2390116915512085
-0.2390116915512085
-0.21956169155120853
-0.21956169155120853
-0.2390116915512085
-0.3981476915512085
-0.2390116915512085
-0.2390116915512085
-0.2390116915512085
-0.2390116915512085
-0.2390116915512085
-0.2390116915512085
-0.2390116915512085
-0.2390116915512085
-0.2390116915512085
-0.2390116915512085
-0.2390116915512085
-0.2390116915512085
-0.2390116915512085
-0.2390116915512085
-0.2390116915512085
-0.2390116915512085
-0.2390116915512085
-0.2390116915512085
0.9372183084487915
0.9372183084487915
0.9372183084487915
0.9372183084487915
0.9372183084487915
0.9372183084487915
0.9372183084487915
0.9372183084487915
0.9372183084487915
0.9372183084487915
0.9372183084487915
0.9372183084487915
0.9372183084487915
0.9372183084487915
0.9372183084487915
0.9372183084487915
0.9372183084487915
0.9372183084487915
0.9372183084487915
0.9372183084487915
0.9372183084487915
0.9372183084487915
0.9372183084487915
0.6872183084487915
0.9372183084487915
0.9372183084487915
0.9372183084487915
0.9372183084487915
0.9372183084487915
0.03504430844879147
0.04436130844879149
0.04436130844879149
0.04436130844879149
0.04436130844879149
-0.1565316915512085
0.04436130844879149
0.04436130844879149
0.03504430844879147
0.04436130844879149
0.04436130844879149
0.04436130844879149
0.04436130844879149
0.04436130844879149
0.04436130844879149
0.04436130844879149
0.04436130844879149
0.04436130844879149
0.04436130844879149
0.04436130844879149
0.04436130844879149
0.04436130844879149
0.04436130844879149
0.04436130844879149
0.04436130844879149
0.04436130844879149
0.04436130844879149
0.04436130844879149
0.04436130844879149
0.04436130844879149
0.3122183084487915
0.3122183084487915
0.3122183084487915
0.3122183084487915
0.3122183084487915
0.3122183084487915
0.3122183084487915
0.3122183084487915
0.3122183084487915
0.3122183084487915
0.3122183084487915
0.3122183084487915
0.3122183084487915
0.3122183084487915
0.3122183084487915
0.3122183084487915
0.3122183084487915
0.3122183084487915
0.3122183084487915
0.3122183084487915
0.3122183084487915
0.3122183084487915
0.3122183084487915
0.3122183084487915
0.3122183084487915
0.3122183084487915
0.3122183084487915
0.3122183084487915
0.3122183084487915
-0.3127816915512085
-0.3127816915512085
-0.3127816915512085
-0.2881916915512085
-0.3127816915512085
-0.4413526915512085
-0.3127816915512085
-0.3127816915512085
-0.3127816915512085
-0.3127816915512085
-0.2881916915512085
-0.3127816915512085
-0.3127816915512085
-0.3127816915512085
-0.3284066915512085
-0.3284066915512085
-0.3127816915512085
-0.3127816915512085
-0.3127816915512085
-0.3127816915512085
-0.3127816915512085
-0.3127816915512085
-0.3127816915512085
-0.3127816915512085
-0.3127816915512085
-0.3127816915512085
-0.3127816915512085
-0.3127816915512085
-0.3127816915512085
-0.3127816915512085
0.46791830844879145
0.46791830844879145
0.46791830844879145
0.46791830844879145
0.46791830844879145
0.08377030844879152
0.46791830844879145
0.46791830844879145
0.46791830844879145
0.46791830844879145
0.46791830844879145
0.46791830844879145
0.46791830844879145
0.46791830844879145
0.46791830844879145
0.46791830844879145
0.46791830844879145
0.46791830844879145
0.5645783084487914
0.46791830844879145
0.46791830844879145
0.46791830844879145
0.46791830844879145
0.46791830844879145
0.46791830844879145
0.5645783084487914
0.46791830844879145
0.46791830844879145
0.46791830844879145
0.46791830844879145
-0.4751196915512085
-0.4751196915512085
-0.4751196915512085
-0.4751196915512085
-0.4751196915512085
-0.4706766915512085
-0.4751196915512085
-0.4751196915512085
-0.4751196915512085
-0.4751196915512085
-0.4838346915512085
-0.4706766915512085
-0.4751196915512085
-0.4838346915512085
-0.4751196915512085
-0.4751196915512085
-0.4751196915512085
-0.4751196915512085
-0.4469276915512085
-0.4751196915512085
-0.4751196915512085
-0.4751196915512085
-0.4751196915512085
-0.4751196915512085
-0.4751196915512085
-0.4751196915512085
-0.4751196915512085
-0.4751196915512085
-0.4751196915512085
-0.4751196915512085
-0.5569676915512085
-0.5569676915512085
-0.5569676915512085
-0.5569676915512085
-0.5569676915512085
-0.5569676915512085
-0.5569676915512085
-0.5569676915512085
-0.5569676915512085
-0.5569676915512085
-0.6877816915512085
-0.5569676915512085
-0.5569676915512085
-0.5569676915512085
-0.5569676915512085
-0.5569676915512085
-0.5569676915512085
-0.5569676915512085
-0.5569676915512085
-0.5569676915512085
-0.5569676915512085
-0.5539576915512086
-0.5569676915512085
-0.5377816915512085
-0.5569676915512085
-0.5539576915512086
-0.5569676915512085
-0.5377816915512085
-0.5569676915512085
-0.5569676915512085
-0.5845206915512084
-0.5845206915512084
-0.5845206915512084
-0.5845206915512084
-0.5845206915512084
-0.5845206915512084
-0.5845206915512084
-0.5845206915512084
-0.5845206915512084
-0.5845206915512084
-0.5845206915512084
-0.5845206915512084
-0.5845206915512084
-0.5597696915512085
-0.5597696915512085
-0.5845206915512084
-0.5845206915512084
-0.5845206915512084
-0.5845206915512084
-0.5845206915512084
-0.5845206915512084
-0.5845206915512084
-0.5845206915512084
-0.6877816915512085
-0.5845206915512084
-0.5845206915512084
-0.5845206915512084
-0.5845206915512084
-0.5845206915512084
-0.5845206915512084
-0.5806386915512085
-0.5806386915512085
-0.5806386915512085
-0.6548866915512085
-0.5806386915512085
-0.5806386915512085
-0.5806386915512085
-0.5806386915512085
-0.5806386915512085
-0.5806386915512085
-0.5806386915512085
-0.5806386915512085
-0.5806386915512085
-0.5806386915512085
-0.5806386915512085
-0.5806386915512085
-0.5806386915512085
-0.5806386915512085
-0.5578796915512085
-0.5806386915512085
-0.5806386915512085
-0.5578796915512085
-0.5806386915512085
-0.5806386915512085
-0.5806386915512085
-0.5806386915512085
-0.5806386915512085
-0.5806386915512085
-0.5806386915512085
-0.5806386915512085
-0.4666276915512085
-0.4666276915512085
-0.4666276915512085
-0.4377816915512085
-0.4666276915512085
-0.4666276915512085
-0.4666276915512085
-0.4666276915512085
-0.4666276915512085
-0.4666276915512085
-0.4666276915512085
-0.4666276915512085
-0.4377816915512085
-0.4666276915512085
-0.4666276915512085
-0.4666276915512085
-0.4666276915512085
-0.4666276915512085
-0.4666276915512085
-0.4666276915512085
-0.4666276915512085
-0.4666276915512085
-0.4666276915512085
-0.4666276915512085
-0.4666276915512085
-0.4666276915512085
-0.4666276915512085
-0.4666276915512085
-0.4666276915512085
-0.5695386915512085
-0.3043066915512085
-0.3043066915512085
-0.3043066915512085
-0.3043066915512085
-0.3043066915512085
-0.3043066915512085
-0.3043066915512085
-0.3043066915512085
-0.5154846915512086
-0.3043066915512085
-0.3043066915512085
-0.3043066915512085
-0.3043066915512085
-0.3043066915512085
-0.3043066915512085
-0.3043066915512085
-0.3043066915512085
-0.3043066915512085
-0.3043066915512085
-0.3043066915512085
-0.3043066915512085
-0.3043066915512085
-0.3043066915512085
-0.16060769155120846
-0.3043066915512085
-0.3040096915512085
-0.3043066915512085
-0.3043066915512085
-0.16060769155120846
-0.3040096915512085
-0.3207186915512085
-0.3127816915512085
-0.3127816915512085
-0.3207186915512085
-0.3207186915512085
-0.3207186915512085
-0.3207186915512085
-0.3207186915512085
-0.3207186915512085
-0.3207186915512085
-0.3207186915512085
-0.24914569155120847
-0.24914569155120847
-0.3207186915512085
-0.3207186915512085
-0.3207186915512085
-0.3207186915512085
-0.3207186915512085
-0.3207186915512085
-0.3207186915512085
-0.3207186915512085
-0.3207186915512085
-0.3207186915512085
-0.3207186915512085
-0.3207186915512085
-0.3207186915512085
-0.3207186915512085
-0.3256026915512085
-0.3207186915512085
-0.3207186915512085
-0.4250266915512085
-0.4334716915512085
-0.4250266915512085
-0.4250266915512085
-0.4250266915512085
-0.4250266915512085
-0.4250266915512085
-0.4250266915512085
-0.4250266915512085
-0.4250266915512085
-0.4250266915512085
-0.4250266915512085
-0.4250266915512085
-0.4250266915512085
-0.4250266915512085
-0.3905596915512085
-0.4250266915512085
-0.4250266915512085
-0.4250266915512085
-0.4250266915512085
-0.4250266915512085
-0.3905596915512085
-0.4250266915512085
-0.4250266915512085
-0.4250266915512085
-0.4250266915512085
-0.4250266915512085
-0.4250266915512085
-0.4250266915512085
-0.4250266915512085
-0.12650669155120853
-0.11278169155120854
-0.6127816915512085
-0.12650669155120853
-0.12650669155120853
-0.017326691551208473
-0.12650669155120853
-0.12650669155120853
-0.12650669155120853
-0.12650669155120853
-0.12650669155120853
-0.12650669155120853
-0.12650669155120853
-0.12650669155120853
-0.017326691551208473
-0.11278169155120854
-0.12650669155120853
-0.12650669155120853
-0.12650669155120853
-0.12650669155120853
-0.12650669155120853
-0.12650669155120853
-0.12650669155120853
-0.12650669155120853
-0.12650669155120853
-0.12650669155120853
-0.29665269155120855
-0.12650669155120853
-0.12650669155120853
-0.12650669155120853
-0.12650669155120853
0.11578930844879154
0.11578930844879154
0.11578930844879154
0.11578930844879154
0.11578930844879154
0.11578930844879154
0.11578930844879154
-0.23213669155120853
0.11578930844879154
0.11578930844879154
0.11578930844879154
0.11578930844879154
0.11578930844879154
0.11578930844879154
0.11578930844879154
0.04436130844879149
0.2935983084487914
0.11578930844879154
0.11578930844879154
0.11578930844879154
0.11578930844879154
0.11578930844879154
0.11578930844879154
0.2935983084487914
0.11578930844879154
0.11578930844879154
0.11578930844879154
0.04436130844879149
0.11578930844879154
0.11578930844879154
0.016165308448791493
0.016165308448791493
0.016165308448791493
0.016165308448791493
0.016165308448791493
0.016165308448791493
0.15644930844879146
0.15644930844879146
0.016165308448791493
0.016165308448791493
0.1872183084487915
0.0030073084487914903
0.016165308448791493
0.0030073084487914903
0.016165308448791493
0.016165308448791493
0.016165308448791493
0.016165308448791493
0.016165308448791493
0.016165308448791493
0.016165308448791493
0.016165308448791493
0.016165308448791493
0.016165308448791493
0.016165308448791493
0.016165308448791493
-0.23831369155120852
0.016165308448791493
0.016165308448791493
0.016165308448791493
0.016165308448791493
-0.07252169155120847
-0.07252169155120847
-0.07252169155120847
-0.07252169155120847
-0.07252169155120847
-0.07252169155120847
-0.19013969155120847
-0.07252169155120847
-0.07252169155120847
-0.07252169155120847
-0.07252169155120847
-0.07252169155120847
-0.07252169155120847
-0.07252169155120847
-0.07252169155120847
-0.6461146915512085
-0.0627816915512085
-0.07252169155120847
-0.07252169155120847
-0.07252169155120847
-0.07252169155120847
-0.07252169155120847
1.1872183084487915
-0.07252169155120847
-0.07252169155120847
-0.07252169155120847
-0.07252169155120847
-0.07252169155120847
-0.07252169155120847
-0.009964691551208493
-0.009964691551208493
-0.0627816915512085
-0.0627816915512085
1.1872183084487915
-0.0627816915512085
-0.0627816915512085
-0.0627816915512085
-0.4794486915512085
0.09419530844879154
-0.0627816915512085
-0.0627816915512085
0.09419530844879154
-0.0627816915512085
-0.057679691551208445
-0.0627816915512085
-0.0627816915512085
-0.0627816915512085
-0.0627816915512085
-0.057679691551208445
-0.0627816915512085
-0.0627816915512085
-0.0627816915512085
-0.0627816915512085
-0.0627816915512085
-0.0627816915512085
-0.1676206915512085
-0.0627816915512085
-0.0627816915512085
-0.0627816915512085
-0.0627816915512085
-0.0627816915512085
-0.0627816915512085
-0.0627816915512085
-0.0627816915512085
-0.6309636915512085
-0.6309636915512085
-0.6309636915512085
-0.6309636915512085
-0.6309636915512085
-0.6309636915512085
-0.6309636915512085
-0.6699246915512085
-0.6309636915512085
-0.6309636915512085
-0.6309636915512085
-0.6309636915512085
-0.6309636915512085
-0.6309636915512085
-0.6309636915512085
-0.6309636915512085
-0.6309636915512085
-0.6309636915512085
-0.6309636915512085
-0.6309636915512085
-0.6309636915512085
-0.6309636915512085
-0.6309636915512085
-0.6309636915512085
-0.5820126915512085
-0.6127816915512085
-0.6309636915512085
-0.6309636915512085
-0.6127816915512085
-0.5820126915512085
-0.3981476915512085
-0.22657469155120846
-0.3768846915512085
-0.3981476915512085
-0.3768846915512085
-0.3981476915512085
-0.3981476915512085
-0.3981476915512085
-0.3981476915512085
-0.3981476915512085
-0.22657469155120846
-0.3981476915512085
-0.3981476915512085
-0.3981476915512085
-0.3981476915512085
-0.3981476915512085
-0.3981476915512085
-0.3981476915512085
-0.3981476915512085
-0.3981476915512085
-0.3981476915512085
-0.3981476915512085
-0.3981476915512085
-0.3981476915512085
-0.3981476915512085
-0.3981476915512085
-0.3981476915512085
-0.3981476915512085
-0.6646336915512085
-0.3981476915512085
-0.4979666915512085
-0.4979666915512085
-0.4979666915512085
-0.4979666915512085
-0.4979666915512085
-0.4979666915512085
-0.4979666915512085
-0.4979666915512085
-0.6461146915512085
-0.4979666915512085
-0.4979666915512085
-0.4979666915512085
-0.4979666915512085
-0.4979666915512085
-0.4979666915512085
-0.4979666915512085
-0.4979666915512085
-0.4979666915512085
-0.4979666915512085
-0.4979666915512085
-0.4979666915512085
-0.3654136915512085
-0.4979666915512085
-0.3654136915512085
-0.4979666915512085
-0.4794486915512085
-0.4979666915512085
-0.4979666915512085
-0.4979666915512085
-0.4794486915512085
-0.0002816915512084961
-0.0002816915512084961
-0.0002816915512084961
0.09419530844879154
-0.0002816915512084961
-0.0002816915512084961
0.09419530844879154
-0.0002816915512084961
0.03504430844879147
-0.0002816915512084961
-0.0002816915512084961
-0.0002816915512084961
0.03504430844879147
-0.0002816915512084961
-0.0002816915512084961
-0.0002816915512084961
-0.4304286915512085
-0.0002816915512084961
-0.0002816915512084961
-0.0002816915512084961
-0.0002816915512084961
-0.0002816915512084961
-0.0002816915512084961
-0.0002816915512084961
-0.0002816915512084961
-0.0002816915512084961
-0.0002816915512084961
-0.0002816915512084961
-0.0002816915512084961
-0.0002816915512084961
-0.4920266915512085
-0.4920266915512085
-0.4920266915512085
-0.4920266915512085
-0.4920266915512085
-0.4920266915512085
-0.4920266915512085
-0.6837496915512085
-0.4920266915512085
-0.4920266915512085
-0.4920266915512085
-0.4920266915512085
-0.4920266915512085
-0.4920266915512085
-0.4920266915512085
-0.4920266915512085
-0.4920266915512085
-0.4432166915512085
-0.4920266915512085
-0.4920266915512085
-0.4920266915512085
-0.4920266915512085
-0.4920266915512085
-0.4920266915512085
-0.4920266915512085
-0.4920266915512085
-0.4920266915512085
-0.4920266915512085
-0.4432166915512085
-0.4920266915512085
0.1872183084487915
-0.4723556915512085
-0.4491456915512085
-0.4723556915512085
-0.4723556915512085
-0.4723556915512085
-0.4723556915512085
-0.4723556915512085
-0.4723556915512085
-0.4491456915512085
-0.4723556915512085
-0.4723556915512085
-0.4723556915512085
-0.4723556915512085
-0.4723556915512085
-0.4723556915512085
-0.4723556915512085
-0.4723556915512085
-0.4723556915512085
-0.4723556915512085
-0.4723556915512085
-0.4723556915512085
-0.4723556915512085
-0.4723556915512085
-0.4723556915512085
-0.4723556915512085
-0.4723556915512085
-0.4723556915512085
-0.4723556915512085
-0.4723556915512085
-0.7327816915512085
-0.4979666915512085
-0.4979666915512085
-0.4979666915512085
-0.4979666915512085
-0.4979666915512085
-0.4979666915512085
-0.4979666915512085
-0.4979666915512085
-0.4979666915512085
-0.5627816915512085
-0.4979666915512085
-0.4979666915512085
-0.4979666915512085
-0.4979666915512085
-0.4979666915512085
-0.4979666915512085
-0.4979666915512085
-0.4979666915512085
-0.4979666915512085
-0.4979666915512085
-0.4979666915512085
-0.4979666915512085
-0.4510796915512085
-0.4979666915512085
-0.4510796915512085
-0.4979666915512085
-0.4979666915512085
-0.4979666915512085
-0.4979666915512085
-0.4979666915512085
-0.5385876915512084
-0.5385876915512084
-0.5385876915512084
-0.5385876915512084
-0.5385876915512084
-0.5340926915512085
-0.47278169155120847
