1.6288850605487823
1.2538850605487823
1.2538850605487823
1.6288850605487823
2.2288850605487824
1.2538850605487823
1.2538850605487823
1.2538850605487823
1.7955550605487822
1.2538850605487823
1.2538850605487823
1.2538850605487823
1.2538850605487823
1.2538850605487823
1.2538850605487823
1.2538850605487823
1.2538850605487823
1.2538850605487823
1.2538850605487823
1.2538850605487823
1.2538850605487823
1.2538850605487823
1.2538850605487823
1.2538850605487823
1.2538850605487823
2.2288850605487824
1.2538850605487823
1.2538850605487823
1.2538850605487823
1.2538850605487823
0.16013506054878235
0.16013506054878235
0.16013506054878235
0.16013506054878235
0.16013506054878235
0.16013506054878235
0.16013506054878235
0.16013506054878235
0.16013506054878235
0.16013506054878235
0.16013506054878235
0.16013506054878235
0.16013506054878235
0.16013506054878235
0.16013506054878235
0.16013506054878235
0.16013506054878235
0.16013506054878235
0.16013506054878235
0.16013506054878235
0.16013506054878235
0.16013506054878235
0.16013506054878235
0.14878401160240173
0.16013506054878235
0.14878401160240173
0.16013506054878235
0.16013506054878235
0.02888506054878237
0.16013506054878235
0.20265506054878235
0.20265506054878235
0.20265506054878235
0.20265506054878235
0.20265506054878235
0.20265506054878235
0.20265506054878235
0.20265506054878235
0.22210506054878232
0.22210506054878232
0.20265506054878235
0.04351906054878235
0.20265506054878235
0.20265506054878235
0.20265506054878235
0.20265506054878235
0.20265506054878235
0.20265506054878235
0.20265506054878235
0.20265506054878235
0.20265506054878235
0.20265506054878235
0.20265506054878235
0.20265506054878235
0.20265506054878235
0.20325459386825562
0.20265506054878235
0.20265506054878235
0.20265506054878235
0.20265506054878235
1.1972973346710205
0.9344649314880371
0.7840323448181152
0.7840323448181152
1.1972975134849548
0.9344649314880371
1.1972973346710205
1.1972973346710205
0.7840323448181152
1.1972973346710205
1.1972973346710205
1.1972973346710205
0.9344649314880371
0.7840323448181152
1.1972973346710205
0.7840323448181152
0.7840323448181152
0.7840323448181152
0.7840323448181152
1.1972973346710205
0.7840323448181152
0.7840323448181152
0.7840323448181152
0.8869389295578003
1.1972973346710205
1.1972973346710205
0.7840323448181152
0.7840323448181152
1.1972973346710205
0.020189060548782334
-0.0037679394512176723
-0.0037679394512176723
-0.0037679394512176723
-0.0037679394512176723
-0.33986493945121765
-0.0037679394512176723
-0.0037679394512176723
0.020189060548782334
-0.0037679394512176723
-0.0037679394512176723
-0.0037679394512176723
-0.0037679394512176723
-0.0037679394512176723
-0.0037679394512176723
-0.0037679394512176723
-0.0037679394512176723
-0.0037679394512176723
-0.0037679394512176723
-0.0037679394512176723
-0.0037679394512176723
-0.0037679394512176723
-0.0037679394512176723
-0.0037679394512176723
-0.0037679394512176723
-0.0037679394512176723
-0.0037679394512176723
-0.0037679394512176723
-0.0037679394512176723
-0.0037679394512176723
-0.24611493945121765
-0.24611493945121765
-0.24611493945121765
-0.24611493945121765
-0.24611493945121765
-0.24611493945121765
-0.24611493945121765
-0.24611493945121765
-0.24611493945121765
-0.24611493945121765
-0.24611493945121765
-0.24611493945121765
-0.24611493945121765
-0.24611493945121765
-0.24611493945121765
-0.24611493945121765
-0.24611493945121765
-0.24611493945121765
-0.24611493945121765
-0.24611493945121765
-0.24611493945121765
-0.24611493945121765
-0.24611493945121765
-0.24611493945121765
-0.24611493945121765
-0.24611493945121765
-0.24611493945121765
-0.24611493945121765
-0.24611493945121765
-0.16798993945121765
-0.16798993945121765
-0.16798993945121765
-0.15799993945121765
-0.16798993945121765
-0.37111493945121765
-0.16798993945121765
-0.16798993945121765
-0.16798993945121765
-0.16798993945121765
-0.15799993945121765
-0.16798993945121765
-0.16798993945121765
-0.16798993945121765
-0.16798993945121765
-0.16798993945121765
-0.16798993945121765
-0.16798993945121765
-0.16798993945121765
-0.16798993945121765
-0.16798993945121765
-0.16798993945121765
-0.16798993945121765
-0.16798993945121765
-0.16798993945121765
-0.16798993945121765
-0.16798993945121765
-0.16798993945121765
-0.16798993945121765
-0.16798993945121765
0.24292006054878235
0.24292006054878235
0.24292006054878235
0.24292006054878235
0.24292006054878235
-0.37111493945121765
0.24292006054878235
0.24292006054878235
0.24292006054878235
0.24292006054878235
0.24292006054878235
0.24292006054878235
0.24292006054878235
0.24292006054878235
0.24292006054878235
0.24292006054878235
0.24292006054878235
0.24292006054878235
0.28926206054878234
0.24292006054878235
0.24292006054878235
0.24292006054878235
0.24292006054878235
0.24292006054878235
0.24292006054878235
0.28926206054878234
0.24292006054878235
0.24292006054878235
0.24292006054878235
0.24292006054878235
-0.29319283945121766
-0.29319283945121766
-0.29319283945121766
-0.29319283945121766
-0.29319283945121766
-0.29216753945121765
-0.29319283945121766
-0.29319283945121766
-0.29319283945121766
-0.29319283945121766
-0.29216753945121765
-0.29216753945121765
-0.29319283945121766
-0.29216753945121765
-0.29319283945121766
-0.29319283945121766
-0.29319283945121766
-0.29319283945121766
-0.32233443945121765
-0.29319283945121766
-0.29319283945121766
-0.29319283945121766
-0.29319283945121766
-0.29319283945121766
-0.29319283945121766
-0.29319283945121766
-0.29319283945121766
-0.29319283945121766
-0.29319283945121766
-0.29319283945121766
-0.19461972700309754
-0.1272997676010132
-0.19461972700309754
-0.16759447442245484
-0.16759447442245484
-0.16762061105918885
-0.2059067605609894
-0.16759447442245484
-0.2059067605609894
-0.21995193945121766
-0.26671016216278076
-0.1272997676010132
-0.2059067605609894
-0.21995193945121766
-0.21995193945121766
-0.1846609531517029
-0.2059067605609894
-0.19461972700309754
-0.16759441481781007
-0.205906730758667
-0.19079525457572938
-0.1922753338661194
-0.12792281495285035
-0.14975386261940002
-0.1272997676010132
-0.2038346712436676
-0.2059067605609894
-0.1909887433052063
-0.1026229082221985
-0.2059067605609894
-0.24879896741485596
-0.28415843945121766
-0.28415843945121766
-0.23024529319381715
-0.23024529319381715
-0.24879896741485596
-0.24413570862388612
-0.23024529319381715
-0.28415843945121766
-0.23024529319381715
-0.23024529319381715
-0.24413570862388612
-0.24879896741485596
-0.22875858230781554
-0.23362723870468138
-0.23024529319381715
-0.24413570862388612
-0.21191868286705018
-0.23024529319381715
-0.28415843945121766
-0.23024532299613953
-0.28415843945121766
-0.24879896741485596
-0.25575751066207886
-0.1749136159954071
-0.24413570862388612
-0.28415843945121766
-0.23024529319381715
-0.28415843945121766
-0.28415843945121766
-0.09467102564048767
-0.1644094733066559
-0.26397193945121766
-0.22974933683872223
-0.16824899590682985
-0.17329381383132936
-0.16824899590682985
-0.16824899590682985
-0.26397193945121766
-0.26397193945121766
-0.16824899590682985
-0.16824899590682985
-0.09467102564048767
-0.17329381383132936
-0.19078256166648866
-0.19078256166648866
-0.16618154919815065
-0.09467102564048767
-0.15411209280776977
-0.16824899590682985
-0.16405545151901246
-0.14984136040496826
-0.16824899590682985
-0.20009367144775392
-0.19078256166648866
-0.16824899590682985
-0.20009367144775392
-0.16824899590682985
-0.16824899590682985
-0.16824899590682985
-0.15427845288391112
-0.15427845288391112
-0.17568575907821654
-0.16048495417404174
-0.13763524163837432
-0.16807910371894835
-0.15427845288391112
-0.17568575907821654
-0.09565622676486969
-0.269194807301712
-0.15968536902542113
-0.15968536902542113
-0.10267890935707093
-0.15427845288391112
-0.17568575907821654
-0.27496113945121764
-0.17568575907821654
-0.15427845288391112
-0.15968536902542113
-0.27496113945121764
-0.15968536902542113
-0.27496113945121764
-0.15427845288391112
-0.15427845288391112
-0.15968533922309874
-0.15427842308158873
-0.12196269203300476
-0.15427845288391112
-0.14489367176170348
-0.34408793945121763
-0.049080939451217664
-0.009983034292221082
-0.009983034292221082
-0.009983034292221082
-0.049080939451217664
0.013629017910003649
-0.009983034292221082
-0.009983034292221082
-0.26492644480552674
0.04957395656967162
0.013629017910003649
-0.046203882852554334
-0.049080939451217664
0.04957395656967162
0.03344863518142699
0.013629017910003649
0.03344863518142699
0.04924946888351439
0.013629017910003649
0.010683386167526232
0.013629017910003649
0.09197209640407561
-0.009983034292221082
0.04192806054878234
0.013629017910003649
0.00837557097816466
0.013629017910003649
0.022656349977493273
0.04192806054878234
-0.01340649942016603
-0.037712440126419056
-0.08992715467357634
-0.037199902428627
-0.09055751585292815
-0.037712440126419056
-0.06840248429107665
-0.09055751585292815
-0.09055751585292815
-0.037712440126419056
-0.06840248429107665
-0.09055751585292815
-0.01383964613819122
-0.08555421129608154
-0.06840248429107665
-0.01772193633842467
-0.11683271848487853
-0.22825793945121764
-0.09055751585292815
-0.11683271848487853
-0.09055751585292815
-0.12057657563018798
-0.07223673188018798
-0.037712440126419056
-0.06840248429107665
-0.037712440126419056
-0.22825793945121764
-0.22825793945121764
-0.26701200008392334
-0.03771245502758025
-0.09055756055641173
-0.24866593945121765
-0.37111493945121765
-0.10825193989372253
-0.10825193989372253
-0.10825193989372253
-0.24866593945121765
-0.10825193989372253
-0.10825193989372253
-0.21061344015693664
-0.10285958218669891
-0.24866593945121765
-0.10825193989372253
-0.10825193989372253
-0.10285958218669891
-0.10285958218669891
-0.10420292371940612
-0.10825193989372253
-0.10285958218669891
-0.10825193989372253
-0.21061344015693664
-0.10825193989372253
-0.13473355526161193
-0.10285958218669891
-0.1622952328929901
-0.10825193989372253
-0.10825193989372253
-0.10825193989372253
-0.13537255990600586
-0.10825193989372253
-0.1649570869216919
-0.01912279481124879
-0.012479815483093237
-0.33817903995513915
-0.03778193945121766
-0.01912279481124879
0.015249060548782334
-0.01912279481124879
-0.01912279481124879
-0.01912279481124879
-0.01912279481124879
-0.01912279481124879
-0.03778193945121766
-0.01912279481124879
-0.01912279481124879
0.030598716892242417
-0.012479815483093237
-0.03778193945121766
-0.01912279481124879
-0.01912279481124879
-0.01912279481124879
-0.01912279481124879
-0.009954020921707163
-0.03778193945121766
-0.03778193945121766
0.043566986377716055
-0.01912279481124879
-0.25292953579559324
-0.01912279481124879
-0.01912279481124879
-0.01912279481124879
-0.01912279481124879
0.21817106054878233
0.21817106054878233
0.21817106054878233
0.21817106054878233
0.21817106054878233
0.21817106054878233
0.21817106054878233
-0.20982493945121766
0.21817106054878233
0.21817106054878233
0.21817106054878233
0.21817106054878233
0.21817106054878233
0.21817106054878233
0.21817106054878233
0.18245606054878238
0.3310130605487823
0.21817106054878233
0.21817106054878233
0.21817106054878233
0.21817106054878233
0.21817106054878233
0.21817106054878233
0.3310130605487823
0.21817106054878233
0.21817106054878233
0.21817106054878233
0.18245606054878238
0.21817106054878233
0.21817106054878233
0.07625306054878234
0.07625306054878234
0.07625306054878234
0.07625306054878234
0.07625306054878234
0.07625306054878234
0.15196206054878236
0.15196206054878236
0.07625306054878234
0.07625306054878234
-0.7071189880371094
0.07625306054878234
0.07625306054878234
0.07625306054878234
0.07625306054878234
0.07625306054878234
0.07625306054878234
0.07625306054878234
0.07625306054878234
0.07625306054878234
0.07625306054878234
0.07625306054878234
0.07625306054878234
0.07625306054878234
0.07625306054878234
0.07625306054878234
-0.3498383394512177
0.07625306054878234
0.07625306054878234
0.07625306054878234
0.07625306054878234
-0.033452939451217634
-0.033452939451217634
-0.033452939451217634
-0.033452939451217634
-0.033452939451217634
-0.033452939451217634
-0.31451113945121767
-0.033452939451217634
-0.033452939451217634
-0.033452939451217634
-0.033452939451217634
-0.033452939451217634
-0.033452939451217634
-0.033452939451217634
-0.033452939451217634
-0.20444793945121764
-0.02900993945121766
-0.033452939451217634
-0.033452939451217634
-0.033452939451217634
-0.033452939451217634
-0.033452939451217634
-1.0775232315063477
-0.033452939451217634
-0.033452939451217634
-0.033452939451217634
-0.033452939451217634
-0.033452939451217634
-0.033452939451217634
-0.004917939451217657
-0.004917939451217657
-0.02900993945121766
0.03273106054878233
-0.3611466884613037
0.04368472532844542
0.03273106054878233
0.03273106054878233
-0.03778193945121766
0.11725706054878232
0.04368472532844542
0.03273106054878233
0.11725706054878232
0.03273106054878233
0.03704806054878235
0.04368472532844542
0.06023630933380125
0.03273106054878233
0.03273106054878233
0.03704806054878235
0.03273106054878233
0.06157234744644163
0.03273106054878233
0.03273106054878233
0.06023630933380125
0.03273106054878233
-0.17649515529708862
0.03273106054878233
0.03273106054878233
0.03273106054878233
0.04368472532844542
0.05032229857063292
0.04941356615638731
0.03273106054878233
0.03273106054878233
-0.21959993945121764
-0.21959993945121764
-0.21959993945121764
-0.21959993945121764
-0.21959993945121764
-0.21959993945121764
-0.21959993945121764
-0.29968633945121764
-0.21959993945121764
-0.21959993945121764
-0.21959993945121764
-0.21959993945121764
-0.21959993945121764
-0.21959993945121764
-0.21959993945121764
-0.21959993945121764
-0.21959993945121764
-0.21959993945121764
-0.21959993945121764
-0.21959993945121764
-0.21959993945121764
-0.21959993945121764
-0.21959993945121764
-0.21959993945121764
-0.17880693945121764
-0.20444793945121764
-0.21959993945121764
-0.21959993945121764
-0.20444793945121764
-0.17880693945121764
-0.05404193945121766
0.07577605722045899
-0.03778193945121766
-0.05404193945121766
-0.03778193945121766
-0.05404193945121766
-0.05404193945121766
-0.05404193945121766
-0.05404193945121766
-0.05404193945121766
0.07577605722045899
-0.05404193945121766
-0.05404193945121766
-0.05404193945121766
-0.05404193945121766
-0.05404193945121766
-0.05502562470626832
-0.05404193945121766
-0.05404193945121766
-0.05502562470626832
-0.05404193945121766
-0.05404193945121766
-0.05404193945121766
-0.05404193945121766
-0.05541832990837098
-0.05404193945121766
-0.05404193945121766
-0.05541832990837098
-0.33407793945121766
-0.05404193945121766
-0.09333693945121763
-0.09333693945121763
-0.09333693945121763
-0.09333693945121763
-0.09333693945121763
-0.09333693945121763
-0.09333693945121763
-0.09333693945121763
-0.26000393945121764
-0.09333693945121763
-0.09333693945121763
-0.09333693945121763
-0.09333693945121763
-0.09333693945121763
-0.09333693945121763
-0.09333693945121763
-0.09333693945121763
-0.09333693945121763
-0.09333693945121763
-0.09333693945121763
-0.09333693945121763
0.023622060548782353
-0.09333693945121763
0.023622060548782353
-0.09333693945121763
-0.07699693945121766
-0.09333693945121763
-0.09333693945121763
-0.09333693945121763
-0.07699693945121766
0.14971806054878234
0.14971806054878234
0.14971806054878234
0.21028006054878234
0.14971806054878234
0.14971806054878234
0.21028006054878234
0.14971806054878234
0.17236306054878237
0.14971806054878234
0.14971806054878234
0.14971806054878234
0.17236306054878237
0.14971806054878234
0.14971806054878234
0.14971806054878234
-0.28287963945121763
0.14971806054878234
0.14971806054878234
0.14971806054878234
0.14971806054878234
0.14971806054878234
0.14971806054878234
0.14971806054878234
0.14971806054878234
0.14971806054878234
0.14971806054878234
0.14971806054878234
0.14971806054878234
0.14971806054878234
-0.08809593945121763
-0.08809593945121763
-0.08809593945121763
-0.08809593945121763
-0.08809593945121763
-0.08809593945121763
-0.08809593945121763
-0.30659883945121763
-0.08809593945121763
-0.08809593945121763
-0.08809593945121763
-0.08809593945121763
-0.08809593945121763
-0.08809593945121763
-0.08809593945121763
-0.08809593945121763
-0.08809593945121763
-0.045027939451217636
-0.08809593945121763
-0.08809593945121763
-0.08809593945121763
-0.08809593945121763
-0.08809593945121763
-0.08809593945121763
-0.08809593945121763
-0.08809593945121763
-0.08809593945121763
-0.08809593945121763
-0.045027939451217636
-0.08809593945121763
-1.006213665008545
-0.13707193945121765
-0.12111493945121765
-0.13707193945121765
-0.13707193945121765
-0.13707193945121765
-0.13707193945121765
-0.13707193945121765
-0.13707193945121765
-0.12111493945121765
-0.13707193945121765
-0.13707193945121765
-0.13707193945121765
-0.13707193945121765
-0.13707193945121765
-0.13707193945121765
-0.13707193945121765
-0.13707193945121765
-0.13707193945121765
-0.13707193945121765
-0.13707193945121765
-0.13707193945121765
-0.13707193945121765
-0.13707193945121765
-0.13707193945121765
-0.13707193945121765
-0.13707193945121765
-0.13707193945121765
-0.13707193945121765
-0.13707193945121765
-0.37111493945121765
-0.24148493945121766
-0.24148493945121766
-0.24148493945121766
-0.24148493945121766
-0.24148493945121766
-0.24148493945121766
-0.24148493945121766
-0.24148493945121766
-0.24148493945121766
-0.29968633945121764
-0.24148493945121766
-0.24148493945121766
-0.24148493945121766
-0.24148493945121766
-0.24148493945121766
-0.24148493945121766
-0.24148493945121766
-0.24148493945121766
-0.24148493945121766
-0.24148493945121766
-0.24148493945121766
-0.24148493945121766
-0.22217893945121764
-0.24148493945121766
-0.22217893945121764
-0.24148493945121766
-0.24148493945121766
-0.24148493945121766
-0.24148493945121766
-0.24148493945121766
-0.2582119394512177
-0.2582119394512177
-0.2582119394512177
-0.2582119394512177
-0.2582119394512177
-0.25636093945121763
-0.23111493945121764
