0.8417421579360962
0.5119756460189819
0.5119756460189819
0.8417421579360962
1.409497117996216
0.5119756460189819
0.5119756460189819
0.5119756460189819
0.9256384724807738
0.5119756460189819
0.5119756460189819
0.5119756460189819
0.5119756460189819
0.5119756460189819
0.5119756460189819
0.5119756460189819
0.5119756460189819
0.5119756460189819
0.5119756460189819
0.5119756460189819
0.5119756460189819
0.5119756460189819
0.5119756460189819
0.5119756460189819
0.5119756460189819
1.409497117996216
0.5119756460189819
0.5119756460189819
0.5119756460189819
0.5119756460189819
0.2640681564807892
0.2640681564807892
0.2640681564807892
0.2640681564807892
0.2640681564807892
0.2640681564807892
0.2640681564807892
0.2640681564807892
0.2640681564807892
0.2640681564807892
0.2640681564807892
0.2640681564807892
0.2640681564807892
0.2640681564807892
0.2640681564807892
0.2640681564807892
0.2640681564807892
0.2640681564807892
0.2640681564807892
0.2640681564807892
0.2640681564807892
0.2640681564807892
0.2640681564807892
0.24844315648078918
0.2640681564807892
0.24844315648078918
0.2640681564807892
0.2640681564807892
0.024146264791488625
0.2640681564807892
0.3198152914237976
0.3198152914237976
0.3198152914237976
0.3198152914237976
0.3198152914237976
0.3198152914237976
0.3198152914237976
0.3198152914237976
0.33933151218414304
0.33933151218414304
0.3198152914237976
0.0023692058887481715
0.3198152914237976
0.3198152914237976
0.3198152914237976
0.3198152914237976
0.3198152914237976
0.3198152914237976
0.3198152914237976
0.3198152914237976
0.3198152914237976
0.3198152914237976
0.3198152914237976
0.3198152914237976
0.3198152914237976
0.3198152914237976
0.3198152914237976
0.3198152914237976
0.3198152914237976
0.3198152914237976
0.7704670429229736
0.7704670429229736
0.7704670429229736
0.7704670429229736
0.7704670429229736
0.7704670429229736
0.7704670429229736
0.7704670429229736
0.7704670429229736
0.7704670429229736
0.7704670429229736
0.7704670429229736
0.7704670429229736
0.7704670429229736
0.7704670429229736
0.7704670429229736
0.7704670429229736
0.7704670429229736
0.7704670429229736
0.7704670429229736
0.7704670429229736
0.7704670429229736
0.7704670429229736
0.48343920707702637
0.7704670429229736
0.7704670429229736
0.7704670429229736
0.7704670429229736
0.7704670429229736
0.06849138317489623
0.09195387160491941
0.09195387160491941
0.09195387160491941
0.09195387160491941
0.542205810546875
0.09195387160491941
0.09195387160491941
0.06849141297721861
0.09195387160491941
0.09195387160491941
0.09195387160491941
0.09195387160491941
0.09195387160491941
0.09195387160491941
0.09195387160491941
0.09195387160491941
0.09195387160491941
0.09195387160491941
0.09195387160491941
0.09195387160491941
0.09195387160491941
0.09195387160491941
0.09195387160491941
0.09195387160491941
0.09195387160491941
0.09195387160491941
0.09195387160491941
0.09195387160491941
0.09195387160491941
0.7795048952102661
0.7795048952102661
0.7795048952102661
0.7795048952102661
0.7795048952102661
0.7795048952102661
0.7795048952102661
0.7795048952102661
0.7795048952102661
0.7795047760009766
0.7795047760009766
0.7795048952102661
0.7795048952102661
0.7795048952102661
0.7795048952102661
0.7795048952102661
0.7795048952102661
0.7795048952102661
0.7795048952102661
0.7795048952102661
0.7795048952102661
0.7795048952102661
0.7795048952102661
0.7795048952102661
0.7795048952102661
0.7795048952102661
0.7795048952102661
0.7795048952102661
0.7795048952102661
0.023766905069351196
0.023766905069351196
0.023766905069351196
0.021897739896774293
0.023766905069351196
0.3999399244785309
0.023766905069351196
0.023766905069351196
0.023766905069351196
0.023766905069351196
0.021897739896774293
0.023766905069351196
0.023766949772834778
0.023766949772834778
0.023766905069351196
0.023766905069351196
0.023766905069351196
0.023766905069351196
0.023766905069351196
0.023766905069351196
0.023766905069351196
0.023766905069351196
0.023766905069351196
0.023766905069351196
0.023766905069351196
0.023766905069351196
0.023766905069351196
0.023766905069351196
0.023766905069351196
0.023766905069351196
0.3576963440513611
0.3576963440513611
0.3576963440513611
0.3576963440513611
0.3576963440513611
0.6393920183181763
0.3576963440513611
0.3576963440513611
0.3576963440513611
0.3576963440513611
0.3576963440513611
0.3576963440513611
0.3576963440513611
0.3576963440513611
0.3576963440513611
0.3576963440513611
0.3576963440513611
0.3576963440513611
0.4077432197589874
0.3576963440513611
0.3576963440513611
0.3576963440513611
0.3576963440513611
0.3576963440513611
0.3576963440513611
0.4077432197589874
0.3576963440513611
0.3576963440513611
0.3576963440513611
0.3576963440513611
0.1689881144241333
0.1689881144241333
0.1689881144241333
0.1689881144241333
0.1689881144241333
0.168765703890419
0.1689881144241333
0.1689881144241333
0.1689881144241333
0.1689881144241333
0.168765703890419
0.168765703890419
0.1689881144241333
0.168765703890419
0.1689881144241333
0.1689881144241333
0.1689880995229721
0.1689880995229721
0.4055843660182953
0.1689881144241333
0.1689881144241333
0.1689881144241333
0.1689881144241333
0.1689881144241333
0.1689881144241333
0.1689881144241333
0.1689881144241333
0.1689881144241333
0.1689881144241333
0.1689881144241333
0.09241811619949342
0.09241811619949342
0.09241811619949342
0.09241811619949342
0.09241811619949342
0.09241811619949342
0.09241811619949342
0.09241811619949342
0.09241811619949342
0.09241811619949342
0.4728515148162842
0.09241811619949342
0.09241811619949342
0.09241811619949342
0.09241811619949342
0.09241811619949342
0.09241811619949342
0.09241811619949342
0.09241811619949342
0.09241811619949342
0.09241811619949342
0.08981459186935425
0.09241811619949342
0.08615692853927612
0.09241811619949342
0.08981459186935425
0.09241811619949342
0.08615692853927612
0.09241811619949342
0.09241811619949342
0.15404188733673096
0.15404188733673096
0.15404188733673096
0.15404188733673096
0.15404188733673096
0.15404188733673096
0.15404188733673096
0.15404188733673096
0.15404188733673096
0.15404188733673096
0.15404188733673096
0.15404188733673096
0.15404188733673096
0.15139066560459136
0.15139066560459136
0.15404188733673096
0.15404188733673096
0.15404188733673096
0.15404188733673096
0.15404188733673096
0.15404190223789216
0.15404190223789216
0.15404188733673096
0.2618791460990906
0.15404188733673096
0.15404188733673096
0.15404188733673096
0.15404188733673096
0.15404188733673096
0.15404188733673096
0.15041245496940614
0.15041245496940614
0.15041245496940614
0.4859849810600281
0.15041245496940614
0.15041245496940614
0.15041245496940614
0.15041245496940614
0.15041245496940614
0.15041245496940614
0.15041245496940614
0.15041245496940614
0.15041245496940614
0.15041245496940614
0.15041245496940614
0.15041245496940614
0.15041245496940614
0.15041245496940614
0.15826501663017273
0.15041245496940614
0.15041245496940614
0.15826501663017273
0.15041242516708375
0.15041242516708375
0.15041245496940614
0.15041245496940614
0.15041245496940614
0.15041245496940614
0.15041245496940614
0.15041245496940614
0.1601565139400482
0.1601565139400482
0.1601565139400482
0.19437195306587218
0.1601565139400482
0.1601565139400482
0.1601565139400482
0.1601565139400482
0.1601565139400482
0.1601565139400482
0.1601565139400482
0.1601565139400482
0.19437195306587218
0.1601565139400482
0.1601565139400482
0.1601565139400482
0.1601565139400482
0.1601565139400482
0.1601565139400482
0.1601565139400482
0.1601565139400482
0.1601565139400482
0.1601565139400482
0.1601565139400482
0.1601565437423706
0.1601565437423706
0.1601565139400482
0.1601565139400482
0.1601565139400482
0.46648148793983457
0.06465875967407225
0.06465875967407225
0.06465875967407225
0.06465875967407225
0.06465875967407225
0.06465875967407225
0.06465875967407225
0.06465875967407225
0.4394543879398346
0.06465875967407225
0.06465875967407225
0.06465875967407225
0.06465875967407225
0.06465875967407225
0.06465875967407225
0.06465875967407225
0.06465875967407225
0.06465875967407225
0.06465875967407225
0.06465875967407225
0.06465875967407225
0.06465875967407225
0.06465875967407225
0.0780897813014984
0.06465875967407225
0.05945034405136107
0.06465875967407225
0.06465875967407225
0.0780897813014984
0.05945034405136107
0.1163411291770935
0.11561897684478759
0.11561897684478759
0.1163411291770935
0.1163411291770935
0.1163411291770935
0.1163411291770935
0.1163411291770935
0.1163411291770935
0.1163411291770935
0.1163411291770935
0.09315583006286621
0.09315583006286621
0.1163411291770935
0.1163411291770935
0.1163411291770935
0.1163411291770935
0.1163411291770935
0.1163411291770935
0.1163411291770935
0.1163411291770935
0.1163411291770935
0.1163411291770935
0.1163411291770935
0.1163411291770935
0.1163411291770935
0.1163411291770935
0.4582802951335907
0.1163411291770935
0.1163411291770935
0.17042658794021606
0.6393920183181763
0.17042658794021606
0.17042658794021606
0.17042658794021606
0.17042658794021606
0.17042658794021606
0.17042658794021606
0.17042658794021606
0.17042658794021606
0.17042658794021606
0.17042658794021606
0.17042658794021606
0.17042658794021606
0.17042658794021606
0.23146790022087096
0.17042658794021606
0.17042658794021606
0.17042658794021606
0.17042658794021606
0.17042658794021606
0.23146790022087096
0.17042658794021606
0.17042658794021606
0.17042658794021606
0.17042658794021606
0.17042658794021606
0.17042658794021606
0.17042658794021606
0.17042658794021606
0.06423948651123046
0.060603168010711694
0.8950435400009156
0.06423945670890807
0.06423945670890807
0.004239456809997544
0.06423945670890807
0.06423945670890807
0.06423945670890807
0.06423945670890807
0.06423945670890807
0.06423945670890807
0.06423945670890807
0.06423945670890807
0.004239456809997544
0.060603168010711694
0.06423945670890807
0.06423945670890807
0.06423945670890807
0.06423945670890807
0.06423945670890807
0.06423945670890807
0.06423945670890807
0.06423945670890807
0.06423945670890807
0.06423945670890807
0.5487401160491944
0.06423945670890807
0.06423945670890807
0.06423945670890807
0.06423945670890807
0.3254036311969757
0.32540366099929807
0.32540366099929807
0.3254036311969757
0.3254036311969757
0.3254036311969757
0.3254036311969757
0.4849194783782959
0.3254036311969757
0.3254036311969757
0.3254036311969757
0.3254036311969757
0.3254036311969757
0.3254036311969757
0.3254036311969757
0.28968863119697574
0.3315883049755096
0.3254036311969757
0.3254036311969757
0.3254036311969757
0.3254036311969757
0.3254036311969757
0.3254036311969757
0.3315883049755096
0.3254036311969757
0.3254036311969757
0.3254036311969757
0.28968863119697574
0.3254036311969757
0.3254036311969757
0.19965489610958098
0.19965489610958098
0.19965489610958098
0.19965489610958098
0.19965489610958098
0.19965489610958098
0.26438235125732423
0.26438235125732423
0.19965489610958098
0.19965489610958098
0.14886820316314697
0.19965489610958098
0.19965489610958098
0.19965489610958098
0.19965489610958098
0.19965489610958098
0.19965489610958098
0.19965489610958098
0.19965489610958098
0.19965489610958098
0.19965489610958098
0.19965489610958098
0.19965489610958098
0.19965489610958098
0.19965489610958098
0.19965489610958098
0.3291141322883606
0.19965489610958098
0.19965489610958098
0.19965489610958098
0.19965489610958098
0.05274491363716127
0.05274491363716127
0.05274491363716127
0.05274491363716127
0.05274491363716127
0.05274491363716127
0.30479936724777223
0.05274491363716127
0.05274491363716127
0.05274491363716127
0.05274491363716127
0.05274491363716127
0.05274491363716127
0.05274491363716127
0.05274491363716127
0.6076675499038696
0.054322926979064934
0.05274491363716127
0.05274491363716127
0.05274491363716127
0.05274491363716127
0.05274491363716127
0.15715503692626953
0.05274491363716127
0.05274491363716127
0.05274491363716127
0.05274491363716127
0.05274491363716127
0.05274491363716127
0.0629389683933258
0.0629389683933258
0.054322926979064934
0.16621342734909056
0.8731766939163208
0.16621342734909056
0.16621342734909056
0.16621342734909056
0.7564865505142212
0.09796354367446897
0.16621342734909056
0.16621342734909056
0.09796354367446897
0.16621342734909056
0.12399502481269836
0.16621342734909056
0.16621342734909056
0.16621342734909056
0.16621342734909056
0.12399502481269836
0.16621342734909056
0.16621342734909056
0.16621342734909056
0.16621342734909056
0.16621342734909056
0.16621342734909056
0.47551711460189816
0.16621342734909056
0.16621342734909056
0.16621342734909056
0.16621342734909056
0.16621342734909056
0.16621342734909056
0.16621342734909056
0.16621342734909056
0.5645848582839965
0.5645848582839965
0.5645848582839965
0.5645848582839965
0.5645848582839965
0.5645848582839965
0.5645848582839965
1.0072572797073365
0.5645848582839965
0.5645848582839965
0.5645848582839965
0.5645848582839965
0.5645848582839965
0.5645848582839965
0.5645848582839965
0.5645848582839965
0.5645848582839965
0.5645848582839965
0.5645848582839965
0.5645848582839965
0.5645848582839965
0.5645848582839965
0.5645848582839965
0.5645848582839965
0.6757035938186645
0.5992325389938354
0.5645848582839965
0.5645848582839965
0.5992325389938354
0.6757035938186645
0.15838064499092103
0.23468343737030029
0.17755617255401612
0.15838064499092103
0.17755617255401612
0.15838064499092103
0.1583807045955658
0.1583807045955658
0.15838064499092103
0.15838064499092103
0.23468343737030029
0.15838064499092103
0.15838064499092103
0.15838064499092103
0.15838064499092103
0.15838064499092103
0.15838064499092103
0.15838064499092103
0.15838064499092103
0.15838064499092103
0.15838064499092103
0.15838064499092103
0.15838064499092103
0.15838064499092103
0.15838064499092103
0.15838064499092103
0.15838064499092103
0.15838064499092103
0.6613302380447388
0.15838064499092103
0.0230858627586365
0.0230858627586365
0.0230858627586365
0.0230858627586365
0.0230858627586365
0.0230858627586365
0.0230858627586365
0.0230858627586365
0.317317053855896
0.0230858627586365
0.0230858627586365
0.0230858627586365
0.0230858627586365
0.0230858627586365
0.0230858627586365
0.0230858627586365
0.0230858627586365
0.0230858627586365
0.0230858627586365
0.0230858627586365
0.0230858627586365
0.009620880353927608
0.0230858627586365
0.009620880353927608
0.0230858627586365
0.024195415704727163
0.0230858627586365
0.0230858627586365
0.0230858627586365
0.024195415704727163
0.18894620185661315
0.18894620185661315
0.18894620185661315
0.17130735494613647
0.18894620185661315
0.18894620185661315
0.17130735494613647
0.18894620185661315
0.17505948527145387
0.18894620185661315
0.18894620185661315
0.18894620185661315
0.17505948527145387
0.18894620185661315
0.18894620185661315
0.18894620185661315
0.4812570400878906
0.18894620185661315
0.18894620185661315
0.18894620185661315
0.18894620185661315
0.18894620185661315
0.18894620185661315
0.18894620185661315
0.18894620185661315
0.18894620185661315
0.18894620185661315
0.18894620185661315
0.18894620185661315
0.18894620185661315
0.011505359119415304
0.011505359119415304
0.011505359119415304
0.011505359119415304
0.011505359119415304
0.011505359119415304
0.011505359119415304
0.5816933783782959
0.011505359119415304
0.011505359119415304
0.011505359119415304
0.011505359119415304
0.011505359119415304
0.011505359119415304
0.011505359119415304
0.011505359119415304
0.011505359119415304
0.04233151472854613
0.011505359119415304
0.011505359119415304
0.011505359119415304
0.011505359119415304
0.011505359119415304
0.011505359119415304
0.011505359119415304
0.011505359119415304
0.011505359119415304
0.011505359119415304
0.04233151472854613
0.011505359119415304
0.14886820316314697
0.13649669502449036
0.16280117630958557
0.13649669502449036
0.13649669502449036
0.13649669502449036
0.13649669502449036
0.13649669502449036
0.13649669502449036
0.16280117630958557
0.13649669502449036
0.13649669502449036
0.13649669502449036
0.13649669502449036
0.13649666522216797
0.13649666522216797
0.13649669502449036
0.13649669502449036
0.13649669502449036
0.13649669502449036
0.13649669502449036
0.13649669502449036
0.13649669502449036
0.13649669502449036
0.13649669502449036
0.13649669502449036
0.13649669502449036
0.13649669502449036
0.13649669502449036
0.13649669502449036
0.7459582090377808
0.13354450404167176
0.13354450404167176
0.13354450404167176
0.13354450404167176
0.13354450404167176
0.13354450404167176
0.13354450404167176
0.13354450404167176
0.13354450404167176
0.6084191172851563
0.13354450404167176
0.13354450404167176
0.13354450404167176
0.13354450404167176
0.13354450404167176
0.13354450404167176
0.13354450404167176
0.13354450404167176
0.13354450404167176
0.13354450404167176
0.13354450404167176
0.13354450404167176
0.19077554689788817
0.13354450404167176
0.19077554689788817
0.13354450404167176
0.13354450404167176
0.13354450404167176
0.13354450404167176
0.13354450404167176
0.15298870098304748
0.15298870098304748
0.15298870098304748
0.15298870098304748
0.15298870098304748
0.15110962719535828
0.17491309404373168
