0.5613787174224854
0.28978538513183594
0.28978538513183594
0.5613787174224854
1.096497392654419
0.28978538513183594
0.28978538513183594
0.28978538513183594
0.5719012374114989
0.28978538513183594
0.28978538513183594
0.28978538513183594
0.28978538513183594
0.28978538513183594
0.28978538513183594
0.28978538513183594
0.28978538513183594
0.28978538513183594
0.28978538513183594
0.28978538513183594
0.28978538513183594
0.28978538513183594
0.28978538513183594
0.28978538513183594
0.28978538513183594
1.096497392654419
0.28978538513183594
0.28978538513183594
0.28978538513183594
0.28978538513183594
0.01633918285369873
0.01633918285369873
0.01633918285369873
0.01633918285369873
0.01633918285369873
0.01633918285369873
0.01633918285369873
0.01633918285369873
0.01633918285369873
0.01633918285369873
0.01633918285369873
0.01633918285369873
0.01633918285369873
0.01633918285369873
0.01633918285369873
0.01633918285369873
0.01633918285369873
0.01633918285369873
0.01633918285369873
0.01633918285369873
0.01633918285369873
0.01633918285369873
0.01633918285369873
0.03196418285369873
0.01633918285369873
0.03196418285369873
0.01633918285369873
0.01633918285369873
0.14976511001586912
0.01633918285369873
0.007135643024444582
0.007135643024444582
0.007135643024444582
0.007135643024444582
0.007135643024444582
0.007135643024444582
0.007135643024444582
0.007135643024444582
0.01811624023437497
0.01811624023437497
0.007135643024444582
0.13766526109313965
0.007135643024444582
0.007135643024444582
0.007135643024444582
0.007135643024444582
0.007135643024444582
0.007135643024444582
0.007135643024444582
0.007135643024444582
0.007135643024444582
0.007135643024444582
0.007135643024444582
0.007135643024444582
0.007135643024444582
0.007135643024444582
0.007135643024444582
0.007135643024444582
0.007135643024444582
0.007135643024444582
0.5688575506210327
0.5688575506210327
0.5688575506210327
0.5688575506210327
0.5688575506210327
0.5688575506210327
0.5688575506210327
0.5688575506210327
0.5688575506210327
0.5688575506210327
0.5688575506210327
0.5688575506210327
0.5688575506210327
0.5688575506210327
0.5688575506210327
0.5688575506210327
0.5688575506210327
0.5688575506210327
0.5688575506210327
0.5688575506210327
0.5688575506210327
0.5688575506210327
0.5688575506210327
0.2603342533111572
0.5688575506210327
0.5688575506210327
0.5688575506210327
0.5688575506210327
0.5688575506210327
0.27157449319458005
0.27565826498794554
0.27565826498794554
0.27565826498794554
0.27565826498794554
0.11462485790252686
0.27565826498794554
0.27565826498794554
0.27157449319458005
0.27565826498794554
0.27565826498794554
0.27565826498794554
0.27565826498794554
0.27565826498794554
0.27565826498794554
0.27565826498794554
0.27565826498794554
0.27565826498794554
0.27565826498794554
0.27565826498794554
0.27565826498794554
0.27565826498794554
0.27565826498794554
0.27565826498794554
0.27565826498794554
0.27565826498794554
0.27565826498794554
0.27565826498794554
0.27565826498794554
0.27565826498794554
0.06311225891113281
0.06311225891113281
0.06311225891113281
0.06311225891113281
0.06311225891113281
0.06311225891113281
0.06311225891113281
0.06311225891113281
0.06311225891113281
0.06311225891113281
0.06311225891113281
0.06311225891113281
0.06311225891113281
0.06311225891113281
0.06311225891113281
0.06311225891113281
0.06311225891113281
0.06311225891113281
0.06311225891113281
0.06311225891113281
0.06311225891113281
0.06311225891113281
0.06311225891113281
0.06311225891113281
0.06311225891113281
0.06311225891113281
0.06311225891113281
0.06311225891113281
0.06311225891113281
0.0013159513473510742
0.0013159513473510742
0.0013159513473510742
0.023587509479522706
0.0013159513473510742
0.14436635007476806
0.0013159513473510742
0.0013159513473510742
0.0013159513473510742
0.0013159513473510742
0.023587509479522706
0.0013159513473510742
0.0013159513473510742
0.0013159513473510742
0.016940951347351074
0.016940951347351074
0.0013159513473510742
0.0013159513473510742
0.0013159513473510742
0.0013159513473510742
0.0013159513473510742
0.0013159513473510742
0.0013159513473510742
0.0013159513473510742
0.0013159513473510742
0.0013159513473510742
0.0013159513473510742
0.0013159513473510742
0.0013159513473510742
0.0013159513473510742
0.7028652150154113
0.7028652150154113
0.7028652150154113
0.7028652150154113
0.7028652150154113
0.33635697121810915
0.7028652150154113
0.7028652150154113
0.7028652150154113
0.7028652150154113
0.7028652150154113
0.7028652150154113
0.7028652150154113
0.7028652150154113
0.7028652150154113
0.7028652150154113
0.7028652150154113
0.7028652150154113
0.7975420492744445
0.7028652150154113
0.7028652150154113
0.7028652150154113
0.7028652150154113
0.7028652150154113
0.7028652150154113
0.7975420492744445
0.7028652150154113
0.7028652150154113
0.7028652150154113
0.7028652150154113
0.15861539191055296
0.15861539191055296
0.15861539191055296
0.15861539191055296
0.15861539191055296
0.15868517877578736
0.15861539191055296
0.15861539191055296
0.15861539191055296
0.15861539191055296
0.17184317877578736
0.15868517877578736
0.15861539191055296
0.17184317877578736
0.15861539191055296
0.15861539191055296
0.15861539191055296
0.15861539191055296
0.17467686042404174
0.15861539191055296
0.15861539191055296
0.15861539191055296
0.15861539191055296
0.15861539191055296
0.15861539191055296
0.15861539191055296
0.15861539191055296
0.15861539191055296
0.15861539191055296
0.15861539191055296
0.2004170576438904
0.2004170576438904
0.2004170576438904
0.2004170576438904
0.2004170576438904
0.2004170576438904
0.2004170576438904
0.2004170576438904
0.2004170576438904
0.2004170576438904
0.4121283292770386
0.2004170576438904
0.2004170576438904
0.2004170576438904
0.2004170576438904
0.2004170576438904
0.2004170576438904
0.2004170576438904
0.2004170576438904
0.2004170576438904
0.2004170576438904
0.20140083706474304
0.2004170576438904
0.2095856726169586
0.2004170576438904
0.20140083706474304
0.2004170576438904
0.2095856726169586
0.2004170576438904
0.2004170576438904
0.1995150684490204
0.1995150684490204
0.1995150684490204
0.1995150684490204
0.1995150684490204
0.1995150684490204
0.1995150684490204
0.1995150684490204
0.1995150684490204
0.1995150684490204
0.1995150684490204
0.1995150684490204
0.1995150684490204
0.21860939415740965
0.21860939415740965
0.1995150684490204
0.1995150684490204
0.1995150684490204
0.1995150684490204
0.1995150684490204
0.1995150684490204
0.1995150684490204
0.1995150684490204
0.44478827714920044
0.1995150684490204
0.1995150684490204
0.1995150684490204
0.1995150684490204
0.1995150684490204
0.1995150684490204
0.3419301954574585
0.3419301954574585
0.3419301954574585
0.37624940155029296
0.3419301954574585
0.3419301954574585
0.3419301954574585
0.3419301954574585
0.3419301954574585
0.3419301954574585
0.3419301954574585
0.3419301954574585
0.3419301954574585
0.3419301954574585
0.3419301954574585
0.3419301954574585
0.3419301954574585
0.3419301954574585
0.3194339327316284
0.3419301954574585
0.3419301954574585
0.3194339327316284
0.3419301954574585
0.3419301954574585
0.3419301954574585
0.3419301954574585
0.3419301954574585
0.3419301954574585
0.3419301954574585
0.3419301954574585
0.23397991494750975
0.23397991494750975
0.23397991494750975
0.20129245519638062
0.23397991494750975
0.23397991494750975
0.23397991494750975
0.23397991494750975
0.23397991494750975
0.23397991494750975
0.23397991494750975
0.23397991494750975
0.20129245519638062
0.23397991494750975
0.23397991494750975
0.23397991494750975
0.23397991494750975
0.23397991494750975
0.23397991494750975
0.23397991494750975
0.23397991494750975
0.23397991494750975
0.23397991494750975
0.23397991494750975
0.23397991494750975
0.23397991494750975
0.23397991494750975
0.23397991494750975
0.23397991494750975
0.29062799504470826
0.06566918458938598
0.06566918458938598
0.06566918458938598
0.06566918458938598
0.06566918458938598
0.06566918458938598
0.06566918458938598
0.06566918458938598
0.23657399504470827
0.06566918458938598
0.06566918458938598
0.06566918458938598
0.06566918458938598
0.06566918458938598
0.06566918458938598
0.06566918458938598
0.06566918458938598
0.06566918458938598
0.06566918458938598
0.06566918458938598
0.06566918458938598
0.06566918458938598
0.06566918458938598
0.07950312302017215
0.06566918458938598
0.06906278498458862
0.06566918458938598
0.06566918458938598
0.07950312302017215
0.06906278498458862
0.06426511784744265
0.060900986194610596
0.060900986194610596
0.06426511784744265
0.06426511784744265
0.06426511784744265
0.06426511784744265
0.06426511784744265
0.06426511784744265
0.06426511784744265
0.06426511784744265
0.010485475219726537
0.010485475219726537
0.06426511784744265
0.06426511784744265
0.06426511784744265
0.06426511784744265
0.06426511784744265
0.06426511784744265
0.06426511784744265
0.06426511784744265
0.06426511784744265
0.06426511784744265
0.06426511784744265
0.06426511784744265
0.06426511784744265
0.06426511784744265
0.05196080722427371
0.06426511784744265
0.06426511784744265
0.18654666006088255
0.1808850287818909
0.18654666006088255
0.18654666006088255
0.18654666006088255
0.18654666006088255
0.18654666006088255
0.18654666006088255
0.18654666006088255
0.18654666006088255
0.18654666006088255
0.18654666006088255
0.18654666006088255
0.18654666006088255
0.18654666006088255
0.1426850739746094
0.18654666006088255
0.18654666006088255
0.18654666006088255
0.18654666006088255
0.18654666006088255
0.1426850739746094
0.18654666006088255
0.18654666006088255
0.18654666006088255
0.18654666006088255
0.18654666006088255
0.18654666006088255
0.18654666006088255
0.18654666006088255
0.10892599287033078
0.12402815818786617
0.9735820770263672
0.10892599287033078
0.10892599287033078
0.2352550240325928
0.10892599287033078
0.10892599287033078
0.10892599287033078
0.10892599287033078
0.10892599287033078
0.10892599287033078
0.10892599287033078
0.10892599287033078
0.2352550240325928
0.12402815818786617
0.10892599287033078
0.10892599287033078
0.10892599287033078
0.10892599287033078
0.10892599287033078
0.10892599287033078
0.10892599287033078
0.10892599287033078
0.10892599287033078
0.10892599287033078
0.03310723800277715
0.10892599287033078
0.10892599287033078
0.10892599287033078
0.10892599287033078
0.36082942714309696
0.36082942714309696
0.36082942714309696
0.36082942714309696
0.36082942714309696
0.36082942714309696
0.36082942714309696
0.020650719661712613
0.36082942714309696
0.36082942714309696
0.36082942714309696
0.36082942714309696
0.36082942714309696
0.36082942714309696
0.36082942714309696
0.2894014271430969
0.5479630373764037
0.36082942714309696
0.36082942714309696
0.36082942714309696
0.36082942714309696
0.36082942714309696
0.36082942714309696
0.5479630373764037
0.36082942714309696
0.36082942714309696
0.36082942714309696
0.2894014271430969
0.36082942714309696
0.36082942714309696
0.32815682122421264
0.32815682122421264
0.32815682122421264
0.32815682122421264
0.32815682122421264
0.32815682122421264
0.4217874908981323
0.4217874908981323
0.32815682122421264
0.32815682122421264
0.25116777420043945
0.31499882122421263
0.32815682122421264
0.31499882122421263
0.32815682122421264
0.32815682122421264
0.32815682122421264
0.32815682122421264
0.32815682122421264
0.32815682122421264
0.32815682122421264
0.32815682122421264
0.32815682122421264
0.32815682122421264
0.32815682122421264
0.32815682122421264
0.010087473457336404
0.32815682122421264
0.32815682122421264
0.32815682122421264
0.32815682122421264
0.10561495519638064
0.10561495519638064
0.10561495519638064
0.10561495519638064
0.10561495519638064
0.10561495519638064
0.01861224623489377
0.10561495519638064
0.10561495519638064
0.10561495519638064
0.10561495519638064
0.10561495519638064
0.10561495519638064
0.10561495519638064
0.10561495519638064
0.664515062625885
0.11475932598114014
0.10561495519638064
0.10561495519638064
0.10561495519638064
0.10561495519638064
0.10561495519638064
1.0605743527412415
0.10561495519638064
0.10561495519638064
0.10561495519638064
0.10561495519638064
0.10561495519638064
0.10561495519638064
0.16503847941589356
0.16503847941589356
0.11475932598114014
0.17826175689697266
0.7323403358459473
0.17826175689697266
0.17826175689697266
0.17826175689697266
0.8793342267913818
0.3633529565353394
0.17826175689697266
0.17826175689697266
0.3633529565353394
0.17826175689697266
0.19312038159561162
0.17826175689697266
0.17826175689697266
0.17826175689697266
0.17826175689697266
0.19312038159561162
0.17826175689697266
0.17826175689697266
0.17826175689697266
0.17826175689697266
0.17826175689697266
0.17826175689697266
0.08755680631256102
0.17826175689697266
0.17826175689697266
0.17826175689697266
0.17826175689697266
0.17826175689697266
0.17826175689697266
0.17826175689697266
0.17826175689697266
0.025478831451416023
0.025478831451416023
0.025478831451416023
0.025478831451416023
0.025478801649093635
0.025478801649093635
0.025478831451416023
1.0846958907775879
0.025478831451416023
0.025478831451416023
0.025478831451416023
0.025478831451416023
0.025478831451416023
0.025478831451416023
0.025478831451416023
0.025478831451416023
0.025478831451416023
0.025478831451416023
0.025478831451416023
0.025478831451416023
0.025478831451416023
0.025478831451416023
0.025478831451416023
0.025478831451416023
0.21227458959197998
0.003097999095916737
0.025478831451416023
0.025478831451416023
0.003097999095916737
0.21227458959197998
0.12377714044189453
0.008379253166198697
0.09779983027267458
0.12377714044189453
0.09779983027267458
0.12377714044189453
0.12377714044189453
0.12377714044189453
0.12377714044189453
0.12377714044189453
0.008379253166198697
0.12377714044189453
0.12377714044189453
0.12377714044189453
0.12377714044189453
0.12377714044189453
0.12377714044189453
0.12377714044189453
0.12377714044189453
0.12377714044189453
0.12377714044189453
0.12377714044189453
0.12377714044189453
0.12377714044189453
0.12377714044189453
0.12377714044189453
0.12377714044189453
0.12377714044189453
0.4624437692184448
0.12377714044189453
0.17318312793731688
0.17318312793731688
0.17318312793731688
0.17318312793731688
0.17318312793731688
0.17318312793731688
0.17318312793731688
0.17318312793731688
0.3371796453552246
0.17318312793731688
0.17318312793731688
0.17318312793731688
0.17318312793731688
0.17318312793731688
0.17318312793731688
0.17318312793731688
0.17318312793731688
0.17318312793731688
0.17318312793731688
0.17318312793731688
0.17318312793731688
0.05131667450141908
0.17318312793731688
0.05131667450141908
0.17318312793731688
0.15620534176063539
0.17318312793731688
0.17318312793731688
0.17318312793731688
0.15620534176063539
0.24638068675994873
0.24638068675994873
0.24638068675994873
0.3551076076049805
0.24638068675994873
0.24638068675994873
0.3551076076049805
0.24638068675994873
0.28609990670776364
0.24638068675994873
0.24638068675994873
0.24638068675994873
0.28609990670776364
0.24638068675994873
0.24638068675994873
0.24638068675994873
0.155832715675354
0.24638068675994873
0.24638068675994873
0.24638068675994873
0.24638068675994873
0.24638068675994873
0.24638068675994873
0.24638068675994873
0.24638068675994873
0.24638068675994873
0.24638068675994873
0.24638068675994873
0.24638068675994873
0.24638068675994873
0.24916381132125853
0.24916381132125853
0.24916381132125853
0.24916381132125853
0.24916381132125853
0.24916381132125853
0.24916381132125853
0.4309622803382873
0.24916381132125853
0.24916381132125853
0.24916381132125853
0.24916381132125853
0.24916381132125853
0.24916381132125853
0.24916381132125853
0.24916381132125853
0.24916381132125853
0.19216109329223635
0.24916381132125853
0.24916381132125853
0.24916381132125853
0.24916381132125853
0.24916381132125853
0.24916381132125853
0.24916381132125853
0.24916381132125853
0.24916381132125853
0.24916381132125853
0.19216109329223635
0.24916381132125853
0.25116777420043945
0.21799096262359619
0.18692369953536986
0.21799096262359619
0.21799096262359619
0.21799096262359619
0.21799096262359619
0.21799096262359619
0.21799096262359619
0.18692369953536986
0.21799096262359619
0.21799096262359619
0.21799096262359619
0.21799096262359619
0.21799096262359619
0.21799096262359619
0.21799096262359619
0.21799096262359619
0.21799096262359619
0.21799096262359619
0.21799096262359619
0.21799096262359619
0.21799096262359619
0.21799096262359619
0.21799096262359619
0.21799096262359619
0.21799096262359619
0.21799096262359619
0.21799096262359619
0.21799096262359619
0.5855951142311097
0.2571219649887085
0.2571219649887085
0.2571219649887085
0.2571219649887085
0.2571219649887085
0.2571219649887085
0.2571219649887085
0.2571219649887085
0.2571219649887085
0.3406686782836914
0.2571219649887085
0.2571219649887085
0.2571219649887085
0.2571219649887085
0.2571219649887085
0.2571219649887085
0.2571219649887085
0.2571219649887085
0.2571219649887085
0.2571219649887085
0.2571219649887085
0.2571219649887085
0.2060089360694885
0.2571219649887085
0.2060089360694885
0.2571219649887085
0.2571219649887085
0.2571219649887085
0.2571219649887085
0.2571219649887085
0.2842841765937805
0.2842841765937805
0.2842841765937805
0.2842841765937805
0.2842841765937805
0.28294619620895384
0.22302583217620847
