1.632653
1.287338
1.49537
1.673913
2.02623
1.5470779000000001
1.257653
1.291667
1.883651
1.502551
1.238636
1.307927
1.302966
1.390957
1.0109650000000001
-0.125
1.291667
0.0
1.302966
1.482143
1.221154
1.341981
1.390957
0.0
1.347222
2.477551
1.473837
1.104167
1.49537
1.0109650000000001
0.12740400000000002
-1.21875
0.4442935
0.0
-1.09375
-1.09375
0.08297399999999999
0.08388200000000001
-1.09375
0.209216
0.420139
-0.082785
0.388393
0.01041700000000001
-1.09375
0.08388200000000001
-0.082785
0.20516299999999998
0.40880099999999997
0.197917
0.08388200000000001
0.4533279
0.424107
-0.09841
0.214177
-0.09841
0.24823099999999998
0.40880099999999997
0.24883700000000003
-1.09375
0.430913
0.12640200000000001
0.422255
-1.1762299999999999
0.370645
0.422255
0.05293700000000001
0.4868135
0.225873
0.31020099999999995
0.466627
-0.10619899999999999
0.05293700000000001
-0.015515999999999974
0.430913
-0.015515999999999974
0.460867
0.256697
0.370645
0.4868135
0.422607
0.231665
-0.015515999999999974
-0.015515999999999974
0.251736
-1.4262299999999999
0.04252
0.240437
0.4948226
0.5092539
1.62037
1.434211
1.607143
1.432927
1.625
1.6538462
1.302632
1.455882
1.515957
1.432927
1.466981
1.6538462
1.1762299999999999
1.75
1.432927
1.160714
0.0
1.515957
1.625
1.160714
1.427966
1.6538462
1.416667
0.979167
1.21875
1.55
1.21875
1.6630435
1.472222
-0.012541999999999998
0.03401399999999999
-0.632653
0.04531299999999999
0.20067999999999997
-0.09375
0.24234699999999998
-0.221939
-0.222731
-1.257653
0.13330399999999998
0.16422199999999998
-0.08002100000000001
-0.08002100000000001
-0.24668800000000002
0.04531299999999999
-0.221939
0.260204
0.02968499999999996
0.26317999999999997
0.24489799999999998
0.216184
0.050273999999999985
-0.08002100000000001
-0.036499000000000004
-0.153486
-1.257653
0.04531299999999999
0.13330399999999998
0.23771699999999998
-0.15801900000000002
-0.42857100000000004
-0.004629999999999995
-0.24234699999999998
-0.464286
-0.109043
-0.21266200000000002
-0.489035
-0.017857000000000012
-0.40625
-0.261364
0.028846200000000002
-0.21266200000000002
-0.322368
-0.078125
-0.03628999999999999
-0.017857000000000012
-0.208333
-0.004629999999999995
0.028846200000000002
-0.017857000000000012
0.017856999999999998
-1.5
-0.322368
-0.322368
-0.02651500000000001
-0.109043
-0.278846
0.017856999999999998
0.06979199999999999
-0.20072099999999998
-1.421875
0.083485
-0.41091
-0.151515
-0.009989999999999999
-0.244243
-0.13453700000000002
0.0
-1.536885
0.073495
-0.244243
0.073495
0.073495
0.1252029
-0.328125
-0.113948
-0.370645
-0.370645
-1.421875
0.06979199999999999
-1.421875
-0.07989400000000002
-0.07989400000000002
0.05196200000000001
0.1252029
0.05196200000000001
-1.546875
0.073495
0.46252
0.41091
0.506892
0.462872
0.199401
-0.125
0.489035
0.5361129
0.166667
0.489035
0.296962
0.462872
0.42172699999999996
0.09320200000000001
0.5270785
0.49158599999999997
0.319917
0.506892
0.327044
0.280702
-1.1359650000000001
-1.0109650000000001
0.5270785
0.292001
0.506892
0.51752
0.484405
0.41091
0.5361129
-1.1359650000000001
0.0
-0.4429109
-0.5113639
-0.5361129
-0.3259239
-0.06390960000000001
-0.0517079
-1.5470779000000001
-0.5361129
-1.5470779000000001
-0.24308659999999999
-0.0460526
-0.4533279
-0.4645306
-0.047077900000000006
-0.04452690000000001
-0.19985590000000003
-0.5113639
-0.22899750000000002
-0.06493490000000002
-0.3694459
-0.5361129
-0.07359290000000002
-0.0517079
-0.19985590000000003
-0.5113639
-0.04452690000000001
-0.5361129
-0.47564890000000004
-0.2391509
-0.380087
-0.170871
-0.16591
-0.18649900000000003
0.021532999999999997
0.04401999999999999
-0.16591
-0.00035200000000001896
0.00830599999999998
-0.422607
-0.283019
0.06420649999999999
-0.216184
-0.462872
-0.380087
0.06420649999999999
-0.422607
-0.422607
0.06420649999999999
0.06420649999999999
0.08664689999999999
0.027940999999999994
0.00830599999999998
-0.175162
0.0732409
-0.21440599999999999
-2.015507
-0.175162
-0.380087
-0.252683
-0.06197950000000001
-0.5270785
-0.2507055
-0.035492499999999996
-0.038043499999999994
-0.025946499999999997
-0.1470865
-0.19082150000000003
-0.0645585
-0.5023295
-0.4442935
0.05992950000000001
-0.1161685
-0.010757500000000003
-1.6536145
-0.5270785
-0.2507055
-0.2301165
-0.055900500000000006
-0.3168895
-0.1161685
0.0224404
-1.6630435
-0.317073
-0.2350775
0.0
-0.07433349999999998
-0.5023295
-1.5380435
-0.020186499999999996
-0.296703
-0.3059
-0.04401999999999999
-1.625
-0.017856999999999998
-0.095982
0.0
-0.022486999999999993
0.0505392
-0.1269
-0.260204
0.0
-0.03571400000000001
-0.506892
-0.04401999999999999
-0.20993
-1.642857
-0.214891
-0.329721
0.0
-0.17063500000000004
-0.329721
-0.22619
-0.142857
-0.415934
0.029220900000000008
-0.466627
-0.41369
-0.424107
-0.466627
-0.27119319999999997
-0.028846200000000002
-0.028846200000000002
-0.343201
-0.5178812
-0.055009199999999994
-0.1868652
-0.010989200000000005
-0.30769219999999997
-0.49313219999999997
0.018231700000000003
0.0
-0.013480000000000006
-0.010989200000000005
-1.6538462
0.009197299999999992
0.018231700000000003
-0.3120092
-0.1378892
-0.4473242
-0.23717919999999998
-0.27119319999999997
-0.2415082
-0.3512142
-0.1378892
-1.6538462
-0.010989200000000005
-0.4350962
-0.3168892
-0.546743
0.0
0.08799099999999999
0.197034
0.20913099999999998
-0.04531299999999999
0.20438699999999999
-1.427966
-0.081812
-0.2880509
0.08799099999999999
0.29500699999999996
-0.251736
-0.01562800000000003
-0.125334
-0.292001
-0.01562800000000003
-0.251736
0.170871
0.22588019999999998
0.2350775
-0.01562800000000003
-0.125334
-1.427966
0.290594
0.170871
-1.434211
0.08799099999999999
-0.209216
0.30013999999999996
0.2288325
-1.482143
-0.25868499999999994
-0.17191199999999998
-1.482143
-1.607143
0.0
-1.607143
0.02995400000000001
-0.09118599999999999
-0.388393
-0.06026799999999999
0.08571390000000001
-0.070407
-0.22333999999999998
0.0
0.017857000000000012
-1.607143
0.02040800000000001
0.017857000000000012
-0.134921
0.06493490000000002
0.017857000000000012
0.0783409
-1.607143
0.142857
0.11583000000000002
0.013227000000000017
-0.447368
-0.006079000000000001
0.055900500000000006
-0.32491899999999996
-0.0779221
-0.39838399999999996
-0.210884
0.035492499999999996
-1.627551
-0.49158599999999997
-0.194624
0.035492499999999996
-0.40880099999999997
-1.502551
-1.502551
-0.111594
0.035492499999999996
-0.39838399999999996
-0.270513
0.035492499999999996
0.0
-0.19958499999999998
0.035492499999999996
-0.19958499999999998
-0.44043699999999997
-0.45132099999999997
0.035492499999999996
-0.281397
0.0
-1.627551
0.0736685
-0.49158599999999997
-0.111594
-0.07051299999999999
0.10595700000000002
-0.24736799999999998
0.055554999999999966
0.13333299999999998
0.06929099999999999
0.23717919999999998
0.2554109
0.130208
-0.114035
-0.280702
0.2463765
0.130208
0.2554109
0.2902102
-0.23376999999999998
0.18439699999999998
0.18217
-1.416667
0.007245999999999975
0.210884
-1.416667
0.016259999999999997
-0.004329000000000027
0.14102499999999998
0.22619
-0.5495189
0.011299000000000003
0.2463765
-0.197917
0.22619
0.386161
0.5023295
0.355243
-0.410714
0.5023295
0.5103386
0.482143
-1.58871
0.141918
0.18544
-0.410714
0.45965599999999995
0.18544
-1.160714
0.5113639
-0.06046399999999996
-0.922872
0.45965599999999995
0.5103386
0.17624299999999998
0.015515999999999974
0.438123
0.141918
0.12835799999999997
0.06845299999999999
0.015515999999999974
-1.035714
0.402056
-1.035714
0.438123
0.16434899999999997
0.213325
0.3512142
0.114035
0.24736799999999998
0.322368
-1.226923
-0.06620899999999996
0.213325
0.447368
0.892857
-0.12640200000000001
-0.141918
0.130295
0.322368
0.447368
0.213325
0.322368
0.08002100000000001
0.31773799999999996
0.3604115
0.3509825
-1.302632
-0.073465
-0.141918
0.043522000000000005
-0.06567990000000001
0.08002100000000001
-0.166667
0.08002100000000001
0.0
-0.18317099999999997
-0.19358799999999998
0.10361900000000002
0.2507055
0.20803200000000002
0.186147
-0.07302619999999999
0.020589000000000024
-0.10970599999999997
0.054643
0.05988399999999999
-0.276373
0.13453700000000002
0.2507055
0.194805
-0.280701
0.217105
-0.19358799999999998
-0.18317099999999997
0.020589000000000024
0.2597399
0.2597399
0.765957
-0.23610799999999998
0.05988399999999999
0.21521300000000002
0.20803200000000002
0.194805
-0.10970599999999997
0.3174165
-0.081171
0.342105
-0.043522000000000005
1.877551
-1.221154
0.081812
0.286199
0.208333
0.4104499
0.07051299999999999
-1.221154
0.25432899999999997
0.25233099999999997
0.265306
0.06618399999999997
-1.221154
-0.16992400000000002
0.12606799999999996
0.3120092
0.06618399999999997
0.036499000000000004
0.07051299999999999
0.036499000000000004
0.036499000000000004
0.3259239
-0.0161288
0.252683
0.081812
0.06618399999999997
0.081812
0.278846
0.0
-1.346154
0.3259239
-0.18181799999999998
-1.473485
-0.06159999999999999
-0.295853
0.0645585
-0.43777099999999997
-0.16555799999999998
-0.05102040000000001
0.04040400000000001
0.0
-0.369318
-0.46252
0.07359290000000002
0.0645585
-0.18181799999999998
-0.12626300000000001
-0.18181799999999998
-0.46252
-0.369318
0.008657999999999999
0.04437200000000001
-0.186147
0.054740800000000006
-0.369318
-0.12476499999999999
0.015504000000000018
0.0
-0.46252
-0.364583
-0.38146199999999997
0.03405399999999997
-0.14100999999999997
0.18181799999999998
0.22091919999999998
0.208333
-0.272213
-0.6829270000000001
0.08302999999999999
-0.296962
0.2301165
0.3613195
0.03929499999999997
0.2301165
0.2957964
0.22091919999999998
0.192073
0.03929499999999997
0.03929499999999997
0.03405399999999997
0.194624
-0.17129899999999998
-0.256697
-0.050273999999999985
-0.08677299999999999
-0.272213
-0.020589000000000024
0.22091919999999998
0.113948
-0.087963
0.2682925
0.134921
-0.336257
-0.05988399999999999
-0.2657
-0.005240999999999996
0.043735000000000024
-0.23784699999999998
-0.055554999999999966
-0.166667
-0.04425599999999996
-0.24305499999999997
0.12626300000000001
0.17063500000000004
-0.04425599999999996
-0.31150799999999995
0.15277800000000002
-0.16958999999999996
-0.24305499999999997
-0.253472
-0.275793
-1.472222
0.265107
0.19985590000000003
0.243222
-1.472222
0.142955
-0.005240999999999996
-0.295992
-0.08956899999999995
0.06007499999999999
0.11698700000000001
0.20376
0.24305499999999997
0.186658
-0.05293700000000001
0.39838399999999996
0.5034729
0.198799
0.413848
0.377976
0.198799
0.395833
0.43633500000000003
0.39838399999999996
0.153486
0.369318
-0.24509769999999997
-0.09320200000000001
0.153486
0.377976
0.11698700000000001
-0.0022440000000000238
0.377976
0.153486
0.20376
0.4338765
0.36967
0.4429109
0.49380599999999997
0.23781399999999997
-0.054643
-2.316981
0.07989400000000002
-0.16434899999999997
0.283019
-0.716981
-1.341981
-0.4667339
0.131504
-0.12082699999999996
0.20407160000000002
0.20509690000000003
-0.331016
0.15801900000000002
0.12051900000000002
0.15801900000000002
-0.16434899999999997
0.12296200000000002
0.13185600000000003
0.19606250000000003
-0.08317799999999997
0.0
0.23423850000000002
0.005240999999999996
0.16057000000000002
0.04897600000000002
0.15338900000000003
0.15801900000000002
-0.12128099999999997
0.1868652
0.666667
0.070407
0.21875
0.0
0.234043
-0.10361900000000002
-0.08799099999999999
-0.379992
0.08288000000000001
0.12037
-1.515957
0.104413
-1.390957
-0.13330399999999998
-0.10361900000000002
-0.04897600000000002
-1.390957
-0.213325
0.1470865
-0.08302999999999999
-0.04897600000000002
-0.28679
-0.08302999999999999
-0.13330399999999998
-0.339727
-0.355243
0.1378892
-0.10806199999999999
0.1626144
0.1470865
-0.142857
-0.45965599999999995
-0.187443
0.0334762
-0.15338900000000003
-0.31773799999999996
0.12963
-1.87037
-0.23771699999999998
0.007180999999999993
-0.4494044
0.007180999999999993
0.0334762
0.033244499999999996
-0.31773799999999996
-0.192404
0.022486999999999993
-0.104413
-0.39120299999999997
-0.14814800000000003
-0.037037000000000014
0.06511389999999999
-1.62037
-0.043371999999999994
0.0334762
-0.17309799999999997
-0.484405
-0.20803200000000002
-1.87037
-0.021532999999999997
-0.021885000000000016
-0.29094299999999995
-0.40793
-0.17011600000000002
0.0
-0.40793
-0.47453199999999995
-0.06312499999999999
