1.142857
0.88474
1.310185
1.630435
2.02623
1.287338
0.767857
0.938725
1.8459149999999998
1.237245
0.829545
1.210366
1.116525
1.284574
0.34430000000000005
-0.125
0.938725
0.0
1.116525
1.132937
0.875
1.3042449999999999
1.284574
0.0
1.310185
2.2122450000000002
1.369186
0.8125
1.310185
0.34430000000000005
-0.21875
-1.21875
0.302989
0.0
-1.09375
-1.09375
-0.054957000000000034
-0.297697
-1.09375
0.02277499999999999
0.364583
-0.74945
0.03918700000000003
-0.28125
-1.09375
-0.297697
-0.74945
0.16168500000000002
0.14349499999999998
-0.15502499999999997
-0.297697
0.19358799999999998
0.299107
-0.765075
0.116616
-0.765075
0.210495
0.14349499999999998
0.14418600000000004
-1.09375
0.08170700000000003
-0.255177
0.39195199999999997
-1.1762299999999999
0.07377
0.39195199999999997
-0.23873
0.345509
-0.263923
0.27246499999999996
0.341627
-0.397866
-0.23873
-0.35480100000000003
0.08170700000000003
-0.35480100000000003
0.299576
0.159136
0.07377
0.345509
0.317956
-0.17623
-0.35480100000000003
-0.35480100000000003
0.06529499999999999
-1.4262299999999999
0.04252
-0.11250499999999997
0.244823
0.44473799999999997
1.435185
1.241228
1.257937
1.335366
0.625
1.403846
0.921053
1.416667
1.409574
1.335366
1.4292449999999999
1.403846
1.1762299999999999
1.37069
1.335366
0.821429
0.0
1.409574
0.625
0.821429
1.241525
1.403846
1.063725
0.6875
1.21875
1.55
1.21875
1.521739
1.435185
0.09782599999999997
0.52381
-1.142857
0.348668
0.657143
-0.46875
-0.267857
-0.07142800000000005
-0.432874
-0.767857
0.516717
0.357143
0.041354
0.028196
-0.42355699999999996
0.348668
-0.07142800000000005
0.625
0.11688299999999996
0.482143
0.46938799999999997
0.601329
0.442509
0.028196
0.10714299999999999
0.04464299999999999
-0.767857
0.348668
0.516717
0.5423279999999999
0.804245
0.267857
0.8101849999999999
0.267857
0.19642899999999996
0.784574
0.38473999999999997
-0.15569999999999995
0.6329370000000001
0.59375
0.329545
0.7788459999999999
0.38473999999999997
0.296053
0.625
0.544355
0.6329370000000001
0.43872500000000003
0.8101849999999999
0.7788459999999999
0.6329370000000001
0.892857
-0.5
0.296053
0.296053
0.943182
0.784574
0.375
0.892857
0.07777800000000001
-0.25
-1.125
0.209775
-0.7807
0.189611
-0.02459
-0.328947
-0.24026000000000003
0.0
-1.22541
0.185185
-0.328947
0.185185
0.16956
0.14671299999999998
-0.03125
0.085366
-0.07377
-0.07377
-1.125
0.07777800000000001
-1.125
0.179245
0.179245
0.24418600000000001
0.16233799999999998
0.24418600000000001
-1.25
0.185185
1.098882
0.7807
1.048557
1.024886
0.866066
-0.22844799999999998
0.15569999999999995
0.9430379999999999
0.45175299999999996
0.15569999999999995
0.866066
1.024886
1.049931
0.46819999999999995
1.052439
0.8929449999999999
0.947367
1.048557
0.691085
0.594425
-0.46930000000000005
-0.34430000000000005
1.052439
0.7722249999999999
1.048557
0.885297
0.9658849999999999
0.796325
0.9430379999999999
-0.46930000000000005
0.0
-0.474838
-0.590909
-0.9430379999999999
-0.412338
-0.14995799999999998
0.022847000000000006
-1.287338
-0.9430379999999999
-1.287338
-0.17952800000000002
-0.782895
-0.19358799999999998
-0.518879
-0.787338
-0.050093
0.022847000000000006
-0.590909
0.051039
-0.15440099999999995
-0.49128499999999997
-0.9430379999999999
0.155844
0.022847000000000006
0.022847000000000006
-0.590909
-0.050093
-0.9430379999999999
-0.519481
-0.07697199999999998
-0.275436
-0.252661
-0.15882000000000002
-0.48444600000000004
-0.059001000000000026
0.023670999999999998
-0.15882000000000002
0.07399599999999998
-0.236249
-0.317956
-0.195755
0.027552999999999994
-0.601329
-1.024886
-0.275436
0.027552999999999994
-0.317956
-0.317956
0.027552999999999994
0.027552999999999994
0.12678199999999998
-0.8661760000000001
-0.236249
-0.46526
-0.08184800000000003
-0.598319
-1.9108559999999999
-0.46526
-0.275436
-0.494186
-0.13344100000000003
-1.052439
-0.5119990000000001
-0.15949400000000002
-0.896739
-0.045933
-0.11216500000000001
-0.08655400000000002
0.046442999999999984
-0.70031
-0.302989
-0.014981999999999995
-0.271739
0.020869000000000026
-1.496988
-1.052439
-0.5119990000000001
-0.186373
-0.263802
-0.521739
-0.271739
-0.28786799999999996
-1.521739
-0.289634
-0.280214
0.0
-0.352384
-0.70031
-1.396739
-0.0038819999999999966
-0.517857
-0.42003100000000004
-0.023670999999999998
-1.467105
-0.892857
-0.267857
0.0
-0.08267200000000002
-0.39049900000000004
-0.10828300000000002
-0.625
0.0
-0.25992
-1.048557
-0.023670999999999998
-0.18249100000000001
-1.517857
-0.276332
-0.5740449999999999
0.0
-0.08267200000000002
-0.5740449999999999
-0.454132
-0.13149300000000003
-0.737088
-0.10551900000000003
-0.341627
-0.580357
-0.299107
-0.341627
-0.5109889999999999
-0.7788459999999999
-0.7788459999999999
-0.453947
-0.9345459999999999
0.09034000000000003
0.025399000000000005
0.11401100000000003
-0.403846
-0.582417
0.008492
0.0
0.12009799999999998
0.11401100000000003
-1.403846
0.11789300000000003
0.008492
-0.40894800000000003
0.005728000000000011
-0.5016719999999999
-0.34012099999999995
-0.5109889999999999
-0.394106
-0.48279299999999997
0.005728000000000011
-1.403846
0.11401100000000003
-0.18509599999999998
-0.30602
-0.330527
0.0
0.168049
-0.616525
0.23428100000000002
-0.348668
0.253573
-1.241525
-0.241525
-0.452703
0.168049
0.265232
-0.06529499999999999
-0.23178500000000002
-0.320472
-0.7722249999999999
-0.23178500000000002
-0.06529499999999999
0.252661
0.162321
0.280214
-0.23178500000000002
-0.320472
-1.241525
0.264419
0.252661
-1.241228
0.168049
-0.02277499999999999
0.37798000000000004
0.280511
-1.132937
-0.25
0.085366
-1.132937
-1.257937
0.0
-1.257937
0.21786899999999998
0.15163699999999997
-0.03918700000000003
0.007687999999999973
0.225974
0.22321000000000002
-0.31075400000000003
0.0
-0.6329370000000001
-1.257937
0.10430799999999996
-0.6329370000000001
0.17724799999999996
0.15440099999999995
-0.6329370000000001
0.363031
-1.257937
0.0048839999999999995
0.24881999999999999
0.17724799999999996
-0.341768
0.13036099999999995
0.263802
-0.441192
0.04164799999999996
-0.424745
-0.29851999999999995
0.15949400000000002
-1.362245
-0.8929449999999999
-0.026878999999999986
0.15949400000000002
-0.14349499999999998
-1.237245
-1.237245
0.04732900000000001
0.15949400000000002
-0.424745
-0.327778
0.15949400000000002
0.0
-0.12072
0.15949400000000002
-0.12072
-0.15154800000000002
-0.18601499999999999
0.15949400000000002
-0.362245
0.0
-1.362245
0.021901000000000004
-0.8929449999999999
0.04732900000000001
-0.06372500000000003
0.35957399999999995
-0.6289469999999999
0.37145999999999996
0.48627499999999996
0.380821
0.34012099999999995
0.34861299999999995
0.18627499999999997
-0.14267200000000002
-0.594425
0.458014
0.18627499999999997
0.34861299999999995
0.449301
0.12622999999999995
0.32457299999999994
0.430461
-1.063725
0.31671
0.29851999999999995
-1.063725
0.27164099999999997
-0.05398500000000006
0.45550599999999997
0.454132
-0.764571
0.17779999999999996
0.458014
0.15502499999999997
0.454132
0.42857100000000004
0.70031
0.588145
-1.071429
0.70031
0.599624
0.696428
-1.169355
0.09962400000000005
0.17857100000000004
-1.071429
0.613756
0.17857100000000004
-0.821429
0.590909
-0.42355699999999996
-0.5186200000000001
0.613756
0.586466
0.276397
0.35480100000000003
0.672757
0.09962400000000005
0.5326099999999999
0.11607100000000004
0.35480100000000003
-0.696429
0.675325
-0.696429
0.672757
0.508192
0.488521
0.48279299999999997
0.14267200000000002
0.6289469999999999
-0.296053
-0.780769
0.04065999999999992
0.488521
0.748947
0.767857
0.24201899999999998
-0.09962400000000005
0.401155
-0.296053
0.457518
0.488521
-0.296053
-0.028196
0.514132
0.600686
0.575935
-0.921053
0.01644699999999999
-0.09962400000000005
0.07894699999999999
0.346207
-0.028196
-0.45175299999999996
-0.028196
0.0
-0.07223999999999997
0.20901000000000003
0.399834
0.5119990000000001
0.425445
0.558442
0.307827
0.325626
-0.08868699999999996
0.419505
0.425445
-0.5404399999999999
0.24026000000000003
0.5119990000000001
0.24819700000000006
-0.649122
-0.375
0.20901000000000003
-0.07223999999999997
0.325626
0.402598
0.402598
1.659574
0.16649000000000003
0.425445
0.352505
0.425445
0.24819700000000006
-0.08868699999999996
0.436963
-0.026129999999999987
0.37069
-0.06578899999999999
1.612245
-0.875
0.241525
0.495098
-0.791667
0.569315
0.06372500000000003
-0.875
0.566551
0.568182
0.2630390000000001
0.009739999999999971
-0.875
0.17623
0.435185
0.40894800000000003
0.009739999999999971
-0.10714299999999999
0.416667
-0.10714299999999999
-0.10714299999999999
0.412338
0.370967
0.494186
0.241525
0.009739999999999971
0.241525
-0.375
0.0
-1.0
0.412338
-0.5044569999999999
-1.443182
-0.34277199999999997
-0.647129
-0.046442999999999984
-0.746753
-0.232816
-0.244898
0.015150999999999998
0.0
-0.630682
-1.098882
-0.155844
-0.046442999999999984
-0.5044569999999999
-0.132997
-0.5044569999999999
-1.098882
-0.630682
-0.310245
-0.05032499999999998
-0.558442
-0.46334299999999995
-0.630682
-0.183865
-0.055813999999999975
0.0
-1.098882
-0.33125
-0.343001
0.09387899999999999
-0.342364
0.25407899999999994
0.06847999999999999
-0.689103
-0.5139370000000001
-0.585366
0.074208
-0.866066
0.186373
0.35794600000000004
0.09981899999999999
0.186373
-0.15983399999999998
0.06847999999999999
-0.710366
0.09981899999999999
0.09981899999999999
0.09387899999999999
0.026878999999999986
-0.49234300000000003
-0.159136
-0.442509
-0.335366
-0.5139370000000001
-0.325626
0.06847999999999999
-0.085366
-0.976852
0.04877999999999999
-0.17724799999999996
-0.9658849999999999
-0.425445
-0.5330109999999999
-0.005940000000000001
-0.025610999999999995
-0.20081
-0.37145999999999996
-0.148148
-0.19366
-0.497685
0.132997
0.08267200000000002
-0.19366
-0.613756
-0.8101849999999999
-0.514132
-0.497685
-0.216435
-0.5423279999999999
-1.435185
0.13255299999999998
-0.022847000000000006
0.26554999999999995
-1.435185
0.077519
-0.005940000000000001
-0.258955
-0.5423279999999999
-0.007093000000000016
0.0625
0.397866
0.497685
0.45960900000000005
0.23873
0.424745
0.569315
0.304025
0.5330109999999999
0.320437
0.304025
-0.3125
0.615683
0.424745
-0.04464299999999999
0.630682
-0.30392199999999997
-0.46819999999999995
-0.04464299999999999
0.320437
0.0625
-0.15673099999999995
0.320437
-0.04464299999999999
0.397866
0.584239
0.556686
0.474838
0.569257
0.491745
-0.419505
-2.279245
-0.179245
-0.508192
-0.05855499999999997
-1.6792449999999999
-1.3042449999999999
-0.40221799999999996
0.138937
-0.429245
-0.008191999999999977
-0.016907000000000005
-0.9599449999999999
-0.804245
0.04575499999999999
-0.804245
-0.508192
-0.13043500000000002
0.06494100000000003
0.09249400000000002
-0.482062
0.0
-0.045099
0.005940000000000001
-0.067
-0.019670999999999994
0.005940000000000001
-0.804245
-0.459382
-0.025399000000000005
0.31372500000000003
-0.22321000000000002
-0.292614
0.0
-0.556126
-0.399834
-0.168049
-0.9402739999999999
0.08461200000000002
0.048821
-1.409574
0.025610999999999995
-1.284574
-0.516717
-0.399834
0.019670999999999994
-1.284574
-0.488521
0.11216500000000001
-0.074208
0.019670999999999994
-0.472074
-0.074208
-0.516717
-0.233344
-0.588145
-0.005728000000000011
-0.409574
0.090426
0.11216500000000001
-0.41206299999999996
-0.613756
-0.09981899999999999
-0.031339000000000006
-0.005940000000000001
-0.514132
0.15692
-1.685185
-0.5423279999999999
-0.07294
-0.5625
-0.07294
-0.031339000000000006
0.061803
-0.500974
-0.19366
0.08267200000000002
-0.025610999999999995
-0.497685
0.0
0.148148
-0.20131399999999994
-1.435185
0.13093300000000002
-0.031339000000000006
-0.146773
-0.9658849999999999
-0.425445
-1.685185
0.059001000000000026
0.132997
-0.475806
-0.538306
-0.04656100000000002
0.0
-0.538306
-0.6498820000000001
-0.15999999999999998
