0.2899131774902344
1.1374912858009338
0.4720315933227539
0.4796745777130127
0.4179965019226075
0.7370731830596924
0.4720315933227539
0.6092290878295898
0.5438185578155519
0.41466546058654785
0.6324775218963623
0.7370731830596924
0.4720315933227539
0.6092290878295898
0.7836949825286865
0.42574024200439453
0.623652458190918
0.46921253204345703
0.7370731830596924
1.2036154568195343
0.6855047941207886
0.8130784034729004
0.7643210887908936
0.44639015197753906
1.2036154568195343
2.1494397580623628
0.6092290878295898
0.44639015197753906
0.711695671081543
0.623652458190918
0.24759697914123535
0.23900914192199707
0.24759697914123535
0.23900914192199707
0.22310388088226318
0.28338634967803955
0.2811996042728424
0.24759697914123535
0.22310388088226318
0.23900914192199707
0.2362414002418518
0.22310388088226318
0.23900914192199707
0.2811996042728424
0.24186941981315613
0.2793615460395813
0.23900914192199707
0.23900914192199707
0.25263121724128723
0.2362414002418518
0.1337449550628662
0.23900914192199707
0.2362414002418518
0.15409603714942932
0.25304436683654785
0.15517941117286682
0.23900914192199707
0.2811996042728424
0.052224093675613426
0.23900914192199707
0.083391262550354
0.1380201413822174
0.083391262550354
0.12152261878967285
0.12152261878967285
0.1380201413822174
0.09906951930046082
0.083391262550354
0.12288147661209103
0.17102823111534116
0.12152261878967285
0.018467981878280637
0.12805048968315125
0.083391262550354
0.083391262550354
0.083391262550354
0.1380201413822174
0.083391262550354
0.28982750918388367
0.12647707607269287
0.2660823002052307
0.15238456274986267
0.28982750918388367
0.083391262550354
0.12647707607269287
0.18152777697563172
0.2660823002052307
0.09906951930046082
0.11036456968307495
0.2660823002052307
0.011353492736816406
0.6482055187225342
0.21678996086120605
0.21678996086120605
0.011353254318237305
0.6482056379318237
0.011353492736816406
0.011353492736816406
0.21678996086120605
0.011353492736816406
0.011353492736816406
0.011353492736816406
0.6482055187225342
0.21678996086120605
0.011353492736816406
0.21678996086120605
0.21678996086120605
0.21678996086120605
0.21678996086120605
0.011353492736816406
0.21678996086120605
0.21678996086120605
0.21678996086120605
0.2500030994415283
0.011353492736816406
0.011353492736816406
0.21678996086120605
0.21678996086120605
0.011353492736816406
0.09706567106628416
0.01837616955947874
0.04119500314903257
0.0751389542789459
0.0655198672981262
0.30847787857055664
0.04119500314903257
0.07455336844635008
0.09051512060546874
0.07941609418106077
0.07941609418106077
0.01889923011970518
0.01646238768386843
0.07803940570068357
0.07455336844635008
0.0655198672981262
0.07787379419517515
0.0655198672981262
0.0567269304962158
0.02008357441139219
0.01889923011970518
0.08777850663375852
0.07941609418106077
0.07941609418106077
0.0567269304962158
0.07941609418106077
0.0567269304962158
0.07314383780670164
0.07941609418106077
0.07663857733917234
0.19088923931121826
0.1600535809993744
0.1600535809993744
0.19088923931121826
0.1917199194431305
0.1917199194431305
0.19088923931121826
0.1600535809993744
0.1917199194431305
0.1600535809993744
0.1600535809993744
0.1600535809993744
0.1600535809993744
0.1600535809993744
0.1917199194431305
0.1917199194431305
0.1600535809993744
0.1917199194431305
0.1600535809993744
0.1600535809993744
0.1917199194431305
0.1917199194431305
0.1917199194431305
0.1917199194431305
0.1600535809993744
0.1600535809993744
0.1600535809993744
0.1600535809993744
0.1600535809993744
0.08825677633285522
0.08817893266677856
0.08911585807800293
0.1484129197692871
0.08815062046051025
0.28467920422554016
0.08911585807800293
0.07089370489120483
0.08817893266677856
0.08817893266677856
0.1484129197692871
0.08817893266677856
0.07089370489120483
0.08848041296005249
0.08911585807800293
0.08911585807800293
0.09405592083930969
0.08911585807800293
0.08817893266677856
0.08911585807800293
0.08810719847679138
0.08911585807800293
0.08911585807800293
0.08911585807800293
0.08817893266677856
0.08710882067680359
0.09405592083930969
0.09405592083930969
0.08816483616828918
0.08368325233459473
0.32847901144981384
0.32249172488212585
0.35668786326408386
0.30536605874061584
0.32249172488212585
0.29224085807800293
0.3224988178348541
0.3632126645183563
0.3298962310886383
0.30536605874061584
0.32847901144981384
0.32847901144981384
0.3298962310886383
0.32847901144981384
0.30536605874061584
0.3493320540523529
0.3298962310886383
0.32847901144981384
0.36813614192199706
0.32249396005630493
0.3493320540523529
0.3298962310886383
0.32249172488212585
0.32847901144981384
0.32249172488212585
0.36813614192199706
0.32774512926101684
0.3298962310886383
0.3225136593914032
0.3623228565788269
0.14966214282073975
0.20027950984992982
0.1485382078365326
0.15365018529453278
0.15747000855960847
0.2034739206768036
0.20051849467315674
0.14888629896202088
0.2019252834991455
0.2027291713432312
0.19647392139205933
0.15028070912132263
0.1494888274148941
0.15014993653068542
0.20230407101669312
0.15090364796676636
0.15746999365844727
0.14966214282073975
0.463413000995636
0.14989910108604432
0.15154481513061524
0.15432790500679017
0.2178930400089264
0.1559270976261139
0.2178930400089264
0.15365018529453278
0.15432790500679017
0.15719156546154023
0.2178930400089264
0.1487239657119751
0.1402510820503235
0.06745613800239564
0.1402510820503235
0.07369868146133424
0.0771358727092743
0.1402818380470276
0.1402736126060486
0.0771358727092743
0.14025716172409058
0.1391531942958832
0.31751710176467896
0.06745613800239564
0.1402736126060486
0.1391531942958832
0.1391531942958832
0.0765507041091919
0.1402736126060486
0.1402510820503235
0.0771358727092743
0.1402736126060486
0.14031319009017945
0.13850857661628724
0.061823350059509286
0.07723706364631652
0.05942484425258637
0.1385168914642334
0.1402736126060486
0.12896185517311096
0.08786227987957002
0.1402736126060486
0.11866304379081725
0.16978132825469971
0.1252334425983429
0.1086187670764923
0.1086187670764923
0.1684562871990204
0.17117130857086182
0.1086187670764923
0.12524536352729798
0.1086187670764923
0.10874633591747283
0.1694502542552948
0.11616247993087768
0.1851774243850708
0.12230978293609619
0.1086187670764923
0.17117130857086182
0.10899941723918914
0.1086187670764923
0.19993433456993104
0.10861879687881469
0.17072817783927918
0.11616247993087768
0.2612009644508362
0.1751142154273987
0.17117130857086182
0.19993433456993104
0.10874633591747283
0.12524536352729798
0.19993433456993104
0.19153179205131532
0.17394916690063478
0.20214100158882142
0.338349312543869
0.16942076361846925
0.15748177445602418
0.16942076361846925
0.16942076361846925
0.20214100158882142
0.20214100158882142
0.16942076361846925
0.16802473343086244
0.19153179205131532
0.15227036154937745
0.1663371471233368
0.1663371471233368
0.18418575800132753
0.18487401283454896
0.16634409840393066
0.16942076361846925
0.1739096490211487
0.1736403923778534
0.1746209708518982
0.18363647139739991
0.16657726443481446
0.16942076361846925
0.18399991071891786
0.16942076361846925
0.16942076361846925
0.1739096490211487
0.18344854880447387
0.18382611442680358
0.1661268429862976
0.17470030432510375
0.19696634579772948
0.1654792087184906
0.18335127402420043
0.1661268429862976
0.20683010984535216
0.20294236708755492
0.2031959848510742
0.20397537518615722
0.19900004511642455
0.1845824377643585
0.16613596249694823
0.21388595868225097
0.1661268429862976
0.18335127402420043
0.20294960905189513
0.21388595868225097
0.20397537518615722
0.21388595868225097
0.17535510231132506
0.18382611442680358
0.20397537518615722
0.1845824377643585
0.20683010984535216
0.17535510231132506
0.19527607728118895
0.2769149949054718
0.01088514789009093
0.08488368852996825
0.07653498514556883
0.0753451125230789
0.01088514789009093
0.03066852553749083
0.07591712339782714
0.08340018852615355
0.23818675807800294
0.03185912831687926
0.08083501323127745
0.04334592954254152
0.01088514789009093
0.0320145176258087
0.08156046136283873
0.03066852553749083
0.08296707137489318
0.031822829088211046
0.030451743444442736
0.03066852553749083
0.031468390068054186
0.031137226661682116
0.07653498514556883
0.12230316569137573
0.03066852553749083
0.02383230706596373
0.030248491605758654
0.03014054759407042
0.13964337875175475
0.023790106977462755
0.14798532449531554
0.08489179898643492
0.1435563295021057
0.12452207528877257
0.14798532449531554
0.1415188463859558
0.12452207528877257
0.1236256214313507
0.14798532449531554
0.09768399619388579
0.12335129105377196
0.12726598874473571
0.1156642426624298
0.1415188463859558
0.14798532449531554
0.13044916116523742
0.16777758323478698
0.12335129105377196
0.0868424924545288
0.1236256214313507
0.13044916116523742
0.0999526830844879
0.1488234552078247
0.09768399619388579
0.14798532449531554
0.16777758323478698
0.16777758323478698
0.29016926884651184
0.14798532449531554
0.1236256214313507
0.19170175063705444
0.2928190231323242
0.16880113947486877
0.1687138782749176
0.1687138782749176
0.19170175063705444
0.1687138782749176
0.16879783141708374
0.1691711651096344
0.16969351041412353
0.19170175063705444
0.1687138782749176
0.1687138782749176
0.16969351041412353
0.16969351041412353
0.1587690984649658
0.16949833500480652
0.16969351041412353
0.1687138782749176
0.1691711651096344
0.16949833500480652
0.12203219289016723
0.16969351041412353
0.2649102615127563
0.1687138782749176
0.1687138782749176
0.16949833500480652
0.12349442708587646
0.1687138782749176
0.16870460975265503
0.042306705768585195
0.007873054742813135
0.1204626441001892
0.042205348070144644
0.042306705768585195
0.1292281617298126
0.042306705768585195
0.042306705768585195
0.042306705768585195
0.04259888773727416
0.042306705768585195
0.042977824266433706
0.042306705768585195
0.042306705768585195
0.04646389380836485
0.04288825035095217
0.019910528715133657
0.042306705768585195
0.042306705768585195
0.042306705768585195
0.042306705768585195
0.042306705768585195
0.019910528715133657
0.019910528715133657
0.0422982121067047
0.042306705768585195
0.7368657264007569
0.042306705768585195
0.042306705768585195
0.042306705768585195
0.042306705768585195
0.1605013911590576
0.1605013911590576
0.15216454909896848
0.2794906799659729
0.2794906799659729
0.15216454909896848
0.15216454909896848
0.15652485676765443
0.3226415519580841
0.3226415519580841
0.3226415519580841
0.3188977842197418
0.14894983218765256
0.2794906799659729
0.15216454909896848
0.25600878824806217
0.29499740097808835
0.15393772767639158
0.2988826637134552
0.17957225488281248
0.15216454909896848
0.15216454909896848
0.16852954076385496
0.4196112820892334
0.2978951339588165
0.1666068141326904
0.2978951339588165
0.11644954909896854
0.15216454909896848
0.15216454909896848
0.0999304394416809
0.11524343892860411
0.15770715877342223
0.11511847779083251
0.20268339320945739
0.13548273250389098
0.1503595598716736
0.1503595598716736
0.20071065828132628
0.0999304394416809
0.7565971910953522
0.11535180017280577
0.15768695279884337
0.0999304394416809
0.1994155387573242
0.11524343892860411
0.11524343892860411
0.15722603008079528
0.11524343892860411
0.11524343892860411
0.2073649059228897
0.2073649059228897
0.15064767405319213
0.20130582556056975
0.11524343892860411
0.11535180017280577
0.27096425807800295
0.11524343892860411
0.11535180017280577
0.15064767405319213
0.15064767405319213
0.04709191971969606
0.0506621485347748
0.04728593283843996
0.046927530109405535
0.04771300011825563
0.047403413593292254
0.23534606820220946
0.047403413593292254
0.04771300011825563
0.0506621485347748
0.04709191971969606
0.04771300011825563
0.04771300011825563
0.047415185510635394
0.04710932427597048
0.12689702158737182
0.05189078925132751
0.0471814458961487
0.047639149963378924
0.047499347269058245
0.04728593283843996
0.047403413593292254
0.6970811188220978
0.04712067896080019
0.04771300011825563
0.04736547523689272
0.047403413593292254
0.047595698177337664
0.04771300011825563
0.07590935632896423
0.07590935632896423
0.05166885135650634
0.11743960218048094
1.6913520097732544
0.12641385631179808
0.1217475278816223
0.1217475278816223
0.050243868883132925
0.19613114192199704
0.12020725445365904
0.11922398643112181
0.19613114192199704
0.1217475278816223
0.11592214192199707
0.12641385631179808
0.11714148954963682
0.11929986314392088
0.1180590136489868
0.11592214192199707
0.1217475278816223
0.1358418209991455
0.11202925877189635
0.11160514192199705
0.11714148954963682
0.11160514192199705
0.19546665807800293
0.1217475278816223
0.12019777731513975
0.1161184950313568
0.12641385631179808
0.12960890369033812
0.13900453285789488
0.11160514192199705
0.1161184950313568
0.12809274302482604
0.13149899946212767
0.18696845279693602
0.09545338855743407
0.20020643578529357
0.14946565733909606
0.13149899946212767
0.3839886158241272
0.09545338855743407
0.20020643578529357
0.1293208371257782
0.15701825128555297
0.12716747032165526
0.09545338855743407
0.1467233370399475
0.09545338855743407
0.20438087688446044
0.18696845279693602
0.1146304677581787
0.18696845279693602
0.09545338855743407
0.1467233370399475
0.18696845279693602
0.09545338855743407
0.07550776871871948
0.12359635477828979
0.09545338855743407
0.10056851016044616
0.12678064351844787
0.10996175679397582
0.024832141921997064
0.15603514192199708
0.04109214192199706
0.024832141921997064
0.04109214192199706
0.02920303993034362
0.024832141921997064
0.024832141921997064
0.024832141921997064
0.024832141921997064
0.15603514192199708
0.024832141921997064
0.024832141921997064
0.024832141921997064
0.024832141921997064
0.024832141921997064
0.024832141921997064
0.024832141921997064
0.024832141921997064
0.024832141921997064
0.024832141921997064
0.024832141921997064
0.024832141921997064
0.024832141921997064
0.041503918693542474
0.024832141921997064
0.024832141921997064
0.02784307055282592
0.25520385807800294
0.03324599318313598
0.09772926532936094
0.014462858078002905
0.014307826396942114
0.01365938746643064
0.014462858078002905
0.09772926532936094
0.013660519954681372
0.013660519954681372
0.18112985807800291
0.014462858078002905
0.014462858078002905
0.014462858078002905
0.014462858078002905
0.09772926532936094
0.014039605495452856
0.09772926532936094
0.014040737983703588
0.013798325893402075
0.014163732168197607
0.014462858078002905
0.014040737983703588
0.21766222046661376
0.014039605495452856
0.10252403689575196
0.09772926532936094
0.0018771419219970609
0.014039605495452856
0.014039605495452856
0.014039605495452856
0.0018771419219970609
0.23598281985092162
0.22923548465538024
0.11217968111801147
0.17979785778045654
0.2369410539226532
0.10387040620613097
0.17979785778045654
0.23598281985092162
0.24799149020004274
0.10387040620613097
0.23539857512283324
0.2369410539226532
0.24799149020004274
0.10387040620613097
0.10387040620613097
0.11217968111801147
0.40080170709342955
0.23598281985092162
0.10387040620613097
0.11217968111801147
0.10387040620613097
0.24259807115364074
0.10391388779449462
0.11217968111801147
0.20946244841384887
0.20946244841384887
0.11217968111801147
0.11217968111801147
0.11217968111801147
0.10387040620613097
0.021741783910751322
0.021741783910751322
0.02169812350845335
0.010867244297027567
0.0093710783061981
0.027428365045547465
0.08774865298843382
0.5546309623016358
0.030372971004486105
0.027428365045547465
0.021675116115570048
0.08774865298843382
0.01832593112564085
0.021679914289474467
0.021741783910751322
0.021741783910751322
0.018479860120773295
0.01712414823722841
0.021741783910751322
0.021741783910751322
0.02169812350845335
0.01569182305908201
0.02169812350845335
0.08774865298843382
0.021733826690673808
0.03030110030746458
0.021741783910751322
0.01741555958366392
0.046591522323608414
0.02169812350845335
0.6949621140956879
0.0702327511138916
0.04239320755004883
0.12137085412216186
0.05819785807800293
0.023065330726623534
0.05819785807800293
0.0702327511138916
0.023065330726623534
0.03227308392524719
0.059753509504318236
0.0702327511138916
0.10811844680976868
0.023065330726623534
0.068820210439682
0.023065330726623534
0.05819785807800293
0.05819785807800293
0.05819785807800293
0.05819785807800293
0.0702327511138916
0.05819785807800293
0.023065330726623534
0.07780811403465271
0.07780811403465271
0.05819785807800293
0.023065330726623534
0.023065330726623534
0.05819785807800293
0.07694235656929016
0.36387109756469727
0.16147515117645264
0.16449704706192017
0.1622699195098877
0.18037277400016785
0.13668560921669007
0.1622699195098877
0.16217970788002015
0.15858006417274476
0.1442098015499115
0.39667212660446166
0.18037277400016785
0.15016078888893128
0.15016078888893128
0.1622699195098877
0.16217970788002015
0.1622699195098877
0.15016078888893128
0.15858006417274476
0.15178364455223084
0.1613355272960663
0.16261085807800293
0.1630580419254303
0.1649495993747711
0.15858006417274476
0.1475339864387512
0.16211390435218812
0.16261085807800293
0.15016078888893128
0.15858006417274476
0.15858006417274476
0.18960058581542968
0.18960058581542968
0.1795282949180603
0.1833182860584259
0.18960058581542968
0.17676456899261475
0.2573034620285034
