0.5429376363754272
0.4127814769744873
0.4127814769744873
0.5429376363754272
1.3640804052352906
0.4127814769744873
0.4127814769744873
0.4127814769744873
0.2773131484222411
0.4127814769744873
0.4127814769744873
0.4127814769744873
0.4127814769744873
0.4127814769744873
0.4127814769744873
0.4127814769744873
0.4127814769744873
0.4127814769744873
0.4127814769744873
0.4127814769744873
0.4127814769744873
0.4127814769744873
0.4127814769744873
0.4127814769744873
0.4127814769744873
1.3640804052352906
0.4127814769744873
0.4127814769744873
0.4127814769744873
0.4127814769744873
0.05847567319869995
0.05847567319869995
0.058475762605667114
0.058475762605667114
0.058475762605667114
0.058475762605667114
0.058475762605667114
0.058475762605667114
0.058475762605667114
0.058475762605667114
0.058475762605667114
0.058475762605667114
0.058475762605667114
0.058475762605667114
0.058475762605667114
0.058475762605667114
0.058475762605667114
0.058475762605667114
0.058475762605667114
0.058475762605667114
0.058475762605667114
0.058475762605667114
0.058475762605667114
0.042850762605667114
0.058475762605667114
0.042850762605667114
0.058475762605667114
0.058475762605667114
0.3933914065361023
0.058475762605667114
0.022380994300842283
0.022380994300842283
0.02238105390548706
0.02238105390548706
0.022380994300842283
0.022380994300842283
0.022380994300842283
0.022380994300842283
0.02816807773590091
0.02816807773590091
0.022380994300842283
0.17661928063964843
0.022380994300842283
0.022380994300842283
0.022380994300842283
0.022380994300842283
0.022380994300842283
0.022380994300842283
0.022380994300842283
0.022380994300842283
0.022380994300842283
0.022380994300842283
0.022380994300842283
0.022380994300842283
0.022380994300842283
0.022380994300842283
0.022380994300842283
0.022380994300842283
0.022380994300842283
0.022380994300842283
0.13345801830291748
0.13345801830291748
0.13345801830291748
0.13345801830291748
0.13345777988433838
0.13345777988433838
0.13345801830291748
0.13345801830291748
0.13345801830291748
0.13345801830291748
0.13345801830291748
0.13345801830291748
0.13345801830291748
0.13345801830291748
0.13345801830291748
0.13345801830291748
0.13345801830291748
0.13345801830291748
0.13345801830291748
0.13345801830291748
0.13345801830291748
0.13345801830291748
0.13345801830291748
0.5094316005706787
0.13345801830291748
0.13345801830291748
0.13345801830291748
0.13345801830291748
0.13345801830291748
0.18602698638534543
0.19166149222183226
0.19166149222183226
0.19166149222183226
0.19166149222183226
0.3060159683227539
0.19166149222183226
0.19166149222183226
0.18602698638534543
0.19166149222183226
0.19166149222183226
0.19166149222183226
0.19166149222183226
0.19166149222183226
0.19166149222183226
0.19166149222183226
0.19166149222183226
0.19166149222183226
0.19166149222183226
0.19166149222183226
0.19166149222183226
0.19166149222183226
0.19166149222183226
0.19166149222183226
0.19166149222183226
0.19166149222183226
0.19166149222183226
0.19166149222183226
0.19166149222183226
0.19166149222183226
0.05997109413146973
0.05997109413146973
0.05997109413146973
0.05997109413146973
0.05997109413146973
0.05997109413146973
0.05997109413146973
0.05997109413146973
0.05997109413146973
0.059970855712890625
0.059970855712890625
0.05997109413146973
0.05997109413146973
0.05997109413146973
0.05997109413146973
0.05997109413146973
0.05997109413146973
0.05997109413146973
0.05997109413146973
0.05997109413146973
0.05997109413146973
0.05997109413146973
0.05997109413146973
0.05997109413146973
0.05997109413146973
0.05997109413146973
0.05997109413146973
0.05997109413146973
0.05997109413146973
0.2405415177345276
0.2405415177345276
0.2405415177345276
0.24825294366836548
0.2405415177345276
0.6998860501251221
0.2405415177345276
0.2405415177345276
0.2405415177345276
0.2405415177345276
0.24825294366836548
0.2405415177345276
0.2405415177345276
0.2405415177345276
0.2561665177345276
0.2561665177345276
0.2405415177345276
0.2405415177345276
0.2405415177345276
0.2405415177345276
0.2405415177345276
0.2405415177345276
0.2405415177345276
0.2405415177345276
0.2405415177345276
0.2405415177345276
0.2405415177345276
0.2405415177345276
0.2405415177345276
0.2405415177345276
0.33102396316528315
0.33102396316528315
0.33102396316528315
0.33102396316528315
0.33102396316528315
0.31219967846679686
0.33102396316528315
0.33102396316528315
0.33102396316528315
0.33102396316528315
0.33102396316528315
0.33102396316528315
0.33102396316528315
0.33102396316528315
0.3310239035606384
0.3310239035606384
0.33102396316528315
0.33102396316528315
0.5063151854133605
0.33102396316528315
0.33102396316528315
0.33102396316528315
0.33102396316528315
0.33102396316528315
0.33102396316528315
0.5063151854133605
0.33102396316528315
0.33102396316528315
0.33102396316528315
0.33102396316528315
0.014973592222213727
0.014973592222213727
0.014973592222213727
0.014973592222213727
0.014973592222213727
0.013323695678710945
0.014973592222213727
0.014973592222213727
0.014973592222213727
0.014973592222213727
0.0883973615436554
0.013323695678710945
0.014973592222213727
0.0883973615436554
0.014973592222213727
0.014973592222213727
0.014973622024536115
0.014973622024536115
0.1484105239830017
0.014973592222213727
0.014973592222213727
0.014973592222213727
0.014973592222213727
0.014973592222213727
0.014973592222213727
0.014973592222213727
0.014973592222213727
0.014973592222213727
0.014973592222213727
0.014973592222213727
0.021163151632308974
0.021163151632308974
0.021163151632308974
0.021163151632308974
0.021163151632308974
0.021163151632308974
0.021163151632308974
0.021163151632308974
0.021163151632308974
0.021163151632308974
0.3208688199520111
0.021163151632308974
0.021163151632308974
0.021163151632308974
0.021163151632308974
0.021163151632308974
0.021163151632308974
0.021163151632308974
0.0211630920276642
0.0211630920276642
0.021163151632308974
0.01841010725593567
0.021163151632308974
0.0032510101795196755
0.021163151632308974
0.01841010725593567
0.021163151632308974
0.0032510101795196755
0.021163151632308974
0.021163151632308974
0.03184887162590028
0.03184887162590028
0.03184887162590028
0.03184887162590028
0.03184887162590028
0.03184887162590028
0.03184887162590028
0.03184887162590028
0.03184887162590028
0.03184887162590028
0.03184887162590028
0.03184887162590028
0.03184887162590028
0.05876389297294615
0.05876389297294615
0.03184887162590028
0.03184887162590028
0.03184887162590028
0.03184887162590028
0.03184887162590028
0.0318488120212555
0.0318488120212555
0.03184887162590028
0.21089965105056763
0.03184887162590028
0.03184887162590028
0.03184887162590028
0.03184887162590028
0.03184887162590028
0.03184887162590028
0.09898506128120421
0.09898506128120421
0.09898506128120421
0.11109900353431701
0.09898506128120421
0.09898506128120421
0.09898506128120421
0.09898506128120421
0.09898506128120421
0.09898506128120421
0.09898506128120421
0.09898506128120421
0.09898506128120421
0.09898506128120421
0.09898506128120421
0.09898506128120421
0.09898506128120421
0.09898506128120421
0.043287912775993365
0.09898506128120421
0.09898506128120421
0.043287912775993365
0.09898506128120421
0.09898506128120421
0.09898506128120421
0.09898506128120421
0.09898506128120421
0.09898506128120421
0.09898506128120421
0.09898506128120421
0.1300864325323105
0.1300864325323105
0.1300864325323105
0.12464249134063721
0.1300864325323105
0.1300864325323105
0.1300864325323105
0.1300864325323105
0.1300864325323105
0.1300864325323105
0.1300864325323105
0.1300864325323105
0.12464249134063721
0.1300864325323105
0.1300864325323105
0.1300864325323105
0.1300864325323105
0.1300864325323105
0.1300864325323105
0.1300864325323105
0.1300864325323105
0.1300864325323105
0.1300864325323105
0.1300864325323105
0.13008640272998812
0.13008640272998812
0.1300864325323105
0.1300864325323105
0.1300864325323105
0.13845158508491517
0.0416292193889618
0.0416292193889618
0.0416292193889618
0.0416292193889618
0.0416292193889618
0.0416292193889618
0.0416292193889618
0.0416292193889618
0.07235765545654299
0.0416292193889618
0.0416292193889618
0.0416292193889618
0.0416292193889618
0.0416292193889618
0.0416292193889618
0.0416292193889618
0.0416292193889618
0.0416292193889618
0.0416292193889618
0.0416292193889618
0.0416292193889618
0.0416292193889618
0.0416292193889618
0.21017775342369083
0.0416292193889618
0.03699327938270569
0.04162927899360658
0.04162927899360658
0.21017775342369083
0.03699327938270569
0.11130057195472715
0.10727724432945251
0.10727724432945251
0.11130057195472715
0.11130057195472715
0.11130057195472715
0.11130057195472715
0.11130057195472715
0.11130057195472715
0.11130057195472715
0.11130057195472715
0.16438152893638613
0.16438152893638613
0.11130057195472715
0.11130057195472715
0.11130057195472715
0.11130057195472715
0.11130057195472715
0.11130057195472715
0.11130057195472715
0.11130057195472715
0.11130057195472715
0.11130057195472715
0.11130057195472715
0.11130057195472715
0.11130057195472715
0.11130057195472715
0.041940439561843845
0.11130060175704953
0.11130060175704953
0.2301239734840393
0.30098946088790896
0.2301239734840393
0.2301239734840393
0.2301239734840393
0.2301239734840393
0.2301239734840393
0.2301239734840393
0.2301239734840393
0.2301239734840393
0.2301239734840393
0.2301239734840393
0.2301239734840393
0.2301239734840393
0.2301239734840393
0.20318945086288454
0.2301239734840393
0.2301239734840393
0.2301239734840393
0.2301239734840393
0.2301239734840393
0.20318945086288454
0.2301239734840393
0.2301239734840393
0.2301239734840393
0.2301239734840393
0.2301239734840393
0.2301239734840393
0.2301239734840393
0.2301239734840393
0.012698178863525422
0.04247604608535771
0.28089101910591124
0.012698119258880647
0.012698119258880647
0.023552498416900658
0.012698119258880647
0.012698119258880647
0.012698119258880647
0.012698119258880647
0.012698119258880647
0.012698119258880647
0.012698119258880647
0.012698119258880647
0.023552498416900658
0.042476105690002486
0.012698119258880647
0.012698119258880647
0.012698119258880647
0.012698119258880647
0.012698119258880647
0.012698119258880647
0.012698119258880647
0.012698119258880647
0.012698119258880647
0.012698119258880647
0.048110203929901174
0.012698119258880647
0.012698119258880647
0.012698119258880647
0.012698119258880647
0.3210515521965027
0.3210515521965027
0.3210515521965027
0.3210515521965027
0.3210515521965027
0.3210515521965027
0.3210515521965027
0.3400537619400025
0.3210515521965027
0.3210515521965027
0.3210515521965027
0.3210515521965027
0.3210515521965027
0.3210515521965027
0.3210515521965027
0.24962355219650267
0.48957557905197135
0.3210515521965027
0.3210515521965027
0.3210515521965027
0.3210515521965027
0.3210515521965027
0.3210515521965027
0.48957557905197135
0.3210515521965027
0.3210515521965027
0.3210515521965027
0.24962355219650267
0.3210515521965027
0.3210515521965027
0.38923989960861205
0.38923989960861205
0.38923989960861205
0.3892399592132568
0.3892399592132568
0.38923989960861205
0.45418970828628535
0.45418970828628535
0.38923989960861205
0.38923989960861205
0.532119870185852
0.37608189960861205
0.38923989960861205
0.37608189960861205
0.38923989960861205
0.38923989960861205
0.38923989960861205
0.38923989960861205
0.38923989960861205
0.38923989960861205
0.38923989960861205
0.38923989960861205
0.38923989960861205
0.38923989960861205
0.38923989960861205
0.38923989960861205
0.050649123126983664
0.38923989960861205
0.38923989960861205
0.38923989960861205
0.38923989960861205
0.23053651548385623
0.23053651548385623
0.23053651548385623
0.23053651548385623
0.23053645587921145
0.23053645587921145
0.2280351922111511
0.23053651548385623
0.23053651548385623
0.23053651548385623
0.23053651548385623
0.23053651548385623
0.23053651548385623
0.23053651548385623
0.23053651548385623
1.0373234594421388
0.20079869031906128
0.23053651548385623
0.23053651548385623
0.23053651548385623
0.23053651548385623
0.23053651548385623
0.4202003479003906
0.23053651548385623
0.23053651548385623
0.23053651548385623
0.23053651548385623
0.23053651548385623
0.23053651548385623
0.27515823945236206
0.27515823945236206
0.20079869031906128
0.2527487874031067
0.39377617835998535
0.2527487874031067
0.2527487874031067
0.2527487576007843
1.7987125074310302
0.43729713773918155
0.2527487874031067
0.2527487874031067
0.43729713773918155
0.2527487874031067
0.16136898732376104
0.2527487874031067
0.2527487874031067
0.2527487874031067
0.2527487874031067
0.16136898732376104
0.2527487874031067
0.2527487874031067
0.2527487874031067
0.2527487874031067
0.2527487874031067
0.2527487874031067
0.061240998016357406
0.2527487874031067
0.2527487874031067
0.2527487874031067
0.2527487874031067
0.2527487874031067
0.2527487874031067
0.2527487874031067
0.2527487874031067
0.1973912502117157
0.1973912502117157
0.1973912502117157
0.1973912502117157
0.1973912502117157
0.1973912502117157
0.1973912502117157
0.6987530144386291
0.1973912502117157
0.1973912502117157
0.1973912502117157
0.1973912502117157
0.1973912502117157
0.1973912502117157
0.1973912502117157
0.1973912502117157
0.1973912502117157
0.1973912502117157
0.1973912502117157
0.1973912502117157
0.1973912502117157
0.1973912502117157
0.1973912502117157
0.1973912502117157
0.21922958736991882
0.15973712801933287
0.1973912502117157
0.1973912502117157
0.15973712801933287
0.21922958736991882
0.1464038895931244
0.09368661286163327
0.175411023065567
0.1464038895931244
0.175411023065567
0.1464038895931244
0.146403859790802
0.146403859790802
0.1464038895931244
0.1464038895931244
0.09368661286163327
0.1464038895931244
0.1464038895931244
0.1464038895931244
0.1464038895931244
0.1464038895931244
0.1464038895931244
0.1464038895931244
0.1464038895931244
0.1464038895931244
0.1464038895931244
0.1464038895931244
0.1464038895931244
0.1464038895931244
0.1464038895931244
0.1464038895931244
0.1464038895931244
0.1464038895931244
0.6401987078208924
0.1464038895931244
0.03233294158935546
0.03233294158935546
0.03233294158935546
0.03233294158935546
0.03233294158935546
0.03233294158935546
0.03233294158935546
0.03233294158935546
0.5177705133514404
0.03233288198471068
0.03233294158935546
0.03233294158935546
0.03233294158935546
0.03233294158935546
0.03233294158935546
0.03233294158935546
0.03233294158935546
0.03233294158935546
0.03233294158935546
0.03233294158935546
0.03233294158935546
0.04805481031608583
0.03233294158935546
0.04805481031608583
0.03233294158935546
0.02827481979560853
0.03233294158935546
0.03233294158935546
0.03233294158935546
0.02827481979560853
0.39529600739479065
0.39529600739479065
0.39529600739479065
0.5261299929637909
0.39529600739479065
0.39529600739479065
0.5261299929637909
0.39529600739479065
0.4365536530265808
0.39529600739479065
0.39529597759246826
0.39529597759246826
0.4365536530265808
0.39529600739479065
0.39529600739479065
0.39529600739479065
0.301568754360199
0.39529600739479065
0.39529600739479065
0.39529600739479065
0.39529600739479065
0.39529600739479065
0.39529600739479065
0.39529600739479065
0.39529600739479065
0.39529600739479065
0.39529600739479065
0.39529600739479065
0.39529600739479065
0.39529600739479065
0.0391545544910431
0.0391545544910431
0.0391545544910431
0.0391545544910431
0.0391545544910431
0.0391545544910431
0.0391545544910431
0.4860174813919067
0.0391545544910431
0.0391545544910431
0.0391545544910431
0.0391545544910431
0.03915443528175355
0.03915443528175355
0.0391545544910431
0.0391545544910431
0.0391545544910431
0.18260375148296354
0.0391545544910431
0.0391545544910431
0.0391545544910431
0.0391545544910431
0.0391545544910431
0.0391545544910431
0.0391545544910431
0.0391545544910431
0.0391545544910431
0.0391545544910431
0.18260375148296354
0.0391545544910431
1.7506318092346191
0.04921841824150086
0.04023946627235414
0.04921841824150086
0.04921841824150086
0.04921841824150086
0.04921841824150086
0.04921841824150086
0.04921841824150086
0.04023946627235414
0.04921841824150086
0.04921841824150086
0.04921841824150086
0.04921841824150086
0.04921838843917847
0.04921838843917847
0.04921841824150086
0.04921841824150086
0.04921841824150086
0.04921841824150086
0.04921841824150086
0.04921841824150086
0.04921841824150086
0.04921841824150086
0.04921841824150086
0.04921841824150086
0.04921841824150086
0.04921841824150086
0.04921841824150086
0.04921841824150086
0.5515194964408875
0.08848042756080626
0.08848042756080626
0.08848042756080626
0.08848042756080626
0.08848042756080626
0.08848042756080626
0.08848042756080626
0.08848042756080626
0.08848042756080626
0.4590931534767151
0.08848042756080626
0.08848042756080626
0.08848042756080626
0.08848042756080626
0.08848042756080626
0.0884803381538391
0.0884803381538391
0.08848042756080626
0.08848042756080626
0.08848042756080626
0.08848042756080626
0.08848042756080626
0.07118466009902952
0.08848042756080626
0.07118466009902952
0.08848042756080626
0.08848042756080626
0.08848042756080626
0.08848042756080626
0.08848042756080626
0.15626487351036072
0.15626487351036072
0.15626487351036072
0.15626487351036072
0.15626487351036072
0.1884008616313934
0.01740195989608767
