0.5352187156677246
1.0653886795043945
0.3250848054885864
0.36765754222869873
1.2237142086029054
0.158697247505188
0.3250848054885864
0.171189546585083
0.41026762668609607
0.3470865488052368
0.17374110221862793
0.158697247505188
0.3250848054885864
0.171189546585083
0.0923086404800415
0.3058127164840698
0.21303117275238037
0.30270540714263916
0.158697247505188
0.5547972917556763
0.9015152454376221
0.1531059741973877
0.12241506576538086
0.34517014026641846
0.5547972917556763
1.4539903163909913
0.171189546585083
0.34517014026641846
0.17348754405975342
0.21303117275238037
0.2495177984237671
0.3386175334453583
0.2495177984237671
0.3386175036430359
0.24041998386383057
0.20725637674331665
0.18435025215148926
0.2495177984237671
0.24041998386383057
0.3386175036430359
0.028749287128448486
0.24041998386383057
0.3386175036430359
0.18435025215148926
0.27936863899230957
0.34956860542297363
0.3386175036430359
0.3386175036430359
0.20311778783798218
0.028749287128448486
0.17035025358200073
0.3386175036430359
0.028749287128448486
0.211384117603302
0.27509063482284546
0.193101704120636
0.3386175036430359
0.18435025215148926
0.15222928524017332
0.3386175036430359
0.08805407430648804
0.1359793677520752
0.08805407430648804
0.1347385778617859
0.13473863746643067
0.1359793677520752
0.10062350179672241
0.08805407430648804
0.10067838880538937
0.19315332624435422
0.13473863746643067
0.2172847879562378
0.13676740076065064
0.08805407430648804
0.08805407430648804
0.08805407430648804
0.1359793677520752
0.08805407430648804
0.3137300148200989
0.15421999837875366
0.30243693139076233
0.19349039937973023
0.3137300148200989
0.08805407430648804
0.15421999837875366
0.22081912900924683
0.30243693139076233
0.10062350179672241
0.10513956691741944
0.30243693139076233
0.892007052898407
0.74138343334198
0.5003321170806885
0.5003321170806885
0.8920071125030518
0.7413833141326904
0.892007052898407
0.892007052898407
0.5003321170806885
0.892007052898407
0.892007052898407
0.892007052898407
0.74138343334198
0.5003321170806885
0.892007052898407
0.5003321170806885
0.5003321170806885
0.5003321170806885
0.5003321170806885
0.892007052898407
0.5003321170806885
0.5003321170806885
0.5003321170806885
0.6030828952789307
0.892007052898407
0.892007052898407
0.5003321170806885
0.5003321170806885
0.892007052898407
0.1714054482975006
0.05009716952133181
0.2658678909568787
0.036543367263793924
0.1445250639886856
0.2821267247200012
0.2658678909568787
0.1345925161809921
0.15339918313407896
0.15191258287143705
0.15191258287143705
0.05041110718536379
0.07334858382034304
0.14988247847270963
0.1345925459833145
0.1445250639886856
0.1391471753091812
0.1445250639886856
0.06243592703628542
0.04653024876403811
0.05041110718536379
0.07155644690704344
0.15191258287143705
0.15191258287143705
0.06243592703628542
0.15191258287143705
0.06243592703628542
0.11031320488166807
0.15191258287143705
0.1138492802352905
0.8206204175949097
0.6565796732902527
0.6565796732902527
0.8206204175949097
0.38306719064712524
0.38306719064712524
0.8206204175949097
0.6565796732902527
0.38306719064712524
0.6565797328948975
0.6565797328948975
0.6565796732902527
0.6565796732902527
0.6565796732902527
0.38306719064712524
0.38306719064712524
0.6565796732902527
0.38306719064712524
0.6565796732902527
0.6565796732902527
0.38306719064712524
0.38306719064712524
0.38306719064712524
0.38306719064712524
0.6565796732902527
0.6565796732902527
0.6565796732902527
0.6565796732902527
0.6565796732902527
0.12753301858901978
0.1236535906791687
0.02537745237350464
0.09333831740379334
0.15378302335739136
0.33094167709350586
0.02537745237350464
0.13209044933319092
0.1236535906791687
0.1236535906791687
0.09333831740379334
0.1236535906791687
0.13209033012390137
0.12230688333511353
0.02537745237350464
0.02537745237350464
0.030630722641944885
0.02537745237350464
0.1236535906791687
0.02537745237350464
0.15622985363006592
0.02537745237350464
0.02537745237350464
0.02537745237350464
0.1236535906791687
0.05644194781780243
0.030630722641944885
0.030630722641944885
0.12419188022613525
0.12542474269866943
0.32357918182373047
0.2994217769241333
0.35304783740997314
0.28804783979415893
0.2994217769241333
0.49569833278656006
0.2902301446533203
0.3547009722328186
0.33045582929611206
0.28804783979415893
0.32357918182373047
0.32357918182373047
0.33045582929611206
0.32357918182373047
0.28804783979415893
0.3787919477558136
0.33045582929611206
0.32357918182373047
0.351758961107254
0.2815854148006439
0.3787919328546524
0.33045582929611206
0.2994217769241333
0.32357918182373047
0.2994217769241333
0.35285726609420776
0.32309477487564087
0.33045582929611206
0.2889366046524048
0.3536399201488495
0.03935485167064667
0.1015091596321106
0.07574041766681672
0.04983157498397828
0.044926075466060644
0.05236297354469299
0.10017929060020447
0.07073468548812867
0.051590388842010504
0.05249098522224427
0.08766321346530914
0.05649452910194397
0.056431180067443854
0.04156011596689224
0.09892859143772126
0.0341089127735138
0.04492600841083527
0.039354896374130255
0.4526986488647461
0.06841546875991822
0.04722011668243409
0.051667845077896124
0.07329096478977204
0.07957541031398774
0.07329096478977204
0.04983157498397828
0.051667845077896124
0.04558010233201981
0.07329096478977204
0.048959797449493414
0.14158305836963653
0.05281942648935317
0.14158305836963653
0.04195971475791932
0.040788483488082894
0.1912071437959671
0.14510178132104873
0.040788483488082894
0.14612365825223922
0.059848222268104545
0.41859543323516846
0.05281942648935317
0.14510178132104873
0.059848222268104545
0.059848222268104545
0.03921928690624238
0.14510178132104873
0.14158305836963653
0.040788453685760506
0.14510168446350097
0.1809507788543701
0.1430777723941803
0.05040064020204543
0.04644333720207214
0.017506244910240165
0.14763417495822906
0.14510178132104873
0.13397546708583832
0.055431600046634666
0.14510178132104873
0.05218578975772857
0.07741367917633056
0.03291815620040893
0.051238478237152094
0.051238478237152094
0.14943496983623505
0.14577169817066193
0.051238478237152094
0.03289646010971069
0.051238478237152094
0.05617705088233947
0.13965019684410096
0.050804735237121576
0.1569997159976959
0.05787790699195862
0.051238478237152094
0.14577169817066193
0.05664832990741729
0.051238478237152094
0.032746768480777746
0.051238448434829706
0.058089838438987726
0.050804735237121576
0.2786842882633209
0.07944040101146697
0.14577169817066193
0.032746768480777746
0.05617705088233947
0.03289646010971069
0.032746768480777746
0.14624093449783326
0.11793820536804199
0.2456562367744446
0.4039241075515747
0.09837846434783935
0.17430452979278566
0.09837846434783935
0.09837846434783935
0.2456562367744446
0.2456562367744446
0.09837846434783935
0.09588618553352356
0.14624093449783326
0.20655973232460023
0.14544393099021913
0.14544393099021913
0.12467236793708801
0.1362300810880661
0.09825793619441986
0.09837846434783935
0.12113682902526855
0.14936523850250244
0.11071242368888855
0.10093550360870361
0.10832944489192962
0.09837846434783935
0.12620179331970216
0.09837846434783935
0.09837846434783935
0.12113682902526855
0.11836669911022187
0.10833346415634156
0.18777358103866576
0.1008571082906723
0.1515982853281021
0.19047206212158202
0.09645150173778534
0.18777358103866576
0.1522875832426071
0.11365307439441681
0.1137671725856781
0.10432567764396668
0.1933626676158905
0.10968134869213104
0.1701573090660095
0.2977595286476135
0.18777358103866576
0.09645150173778534
0.07826342750663758
0.2977595286476135
0.10432567764396668
0.2977595286476135
0.09522148538703919
0.10833346415634156
0.10432570744628906
0.10968130398864746
0.1522875832426071
0.09522148538703919
0.10842239428634644
0.40760536093521116
0.021223811944961535
0.07239550217056273
0.07559937103652953
0.04126152261161803
0.021223811944961535
0.11903524263763426
0.08249395950698851
0.09465536340141295
0.3549187593826294
0.027291895309448255
0.028506635269165026
0.04353141919708253
0.021223811944961535
0.04005617038345338
0.053828357299804674
0.11903524263763426
0.060734628280639635
0.02854448691940309
0.10638928278350829
0.11903524263763426
0.07501923902893065
0.005092801013946546
0.07559937103652953
0.05993536879348754
0.11903524263763426
0.015533403362274156
0.1179600195493698
0.11964972182178496
0.050387479560852044
0.027029530014038072
0.007657006614685047
0.14022758890533446
0.04540200818920134
0.0747340174846649
0.007657006614685047
0.05659101926612853
0.0747340174846649
0.07676069461631774
0.007657006614685047
0.15368510805892943
0.07464155577945708
0.04942600325489044
0.11533579126739502
0.05659101926612853
0.007657006614685047
0.06362703465747832
0.12396915280151366
0.07464155577945708
0.16462679230499266
0.07676069461631774
0.06362703465747832
0.16800795518684386
0.033255830638885486
0.15368510805892943
0.007657006614685047
0.12396915280151366
0.12396915280151366
0.4438561797142029
0.007657006614685047
0.07676066481399535
0.32201538550949094
0.6236492395401001
0.176068107963562
0.17711089122390747
0.17711089122390747
0.32201538550949094
0.17711089122390747
0.17611847388839721
0.15309716332054138
0.1669567035446167
0.32201538550949094
0.17711089122390747
0.17711089122390747
0.1669567035446167
0.1669567035446167
0.1982865011138916
0.1543848918685913
0.1669567035446167
0.17711089122390747
0.15309716332054138
0.1543848918685913
0.15508100146484374
0.1669567035446167
0.2743915723571777
0.17711089122390747
0.17711089122390747
0.1543848918685913
0.15467498767471313
0.17711089122390747
0.16982401478385925
0.0024759615020751857
0.00485775232315061
0.3791041851043701
0.006233021076202383
0.0024759615020751857
0.20530885652446745
0.0024759615020751857
0.0024759615020751857
0.0024759615020751857
0.06772087460327147
0.0024759615020751857
0.07958061939048766
0.0024759615020751857
0.0024759615020751857
0.05190507873153688
0.02330616474151609
0.08207185620498658
0.0024759615020751857
0.0024759615020751857
0.0024759615020751857
0.0024759615020751857
0.0024759615020751857
0.08207185620498658
0.08207185620498658
0.00013484114837647443
0.0024759615020751857
0.6389288577331543
0.0024759615020751857
0.0024759615020751857
0.0024759615020751857
0.0024759615020751857
0.21755942748641965
0.21755936788177488
0.20564553187942503
0.2159644071922302
0.2159644071922302
0.20564553187942503
0.20564553187942503
0.2885974545097351
0.3466900591716766
0.3466900591716766
0.3466900591716766
0.35047943936443327
0.19225958036041257
0.2159644071922302
0.20564553187942503
0.24323268165206913
0.23676330540466306
0.21093174861526487
0.2758992020950317
0.22076502488708494
0.20564553187942503
0.20564553187942503
0.18873068736648557
0.4017690489082336
0.27765747951126096
0.2217569057807922
0.27765747951126096
0.16993053187942508
0.20564553187942503
0.20564553187942503
0.1364539007835388
0.17025509878921508
0.2662464122467041
0.17044890329170226
0.27497986361312865
0.19657805964279174
0.22232617817115785
0.22232617817115785
0.2758279483013153
0.1364539007835388
0.03147631883621216
0.1701175014667511
0.2610456089668274
0.1364539007835388
0.31365023955631255
0.17025509878921508
0.17025509878921508
0.35589043453264235
0.17025509878921508
0.17025509878921508
0.28649998113441466
0.28649998113441466
0.28840443894195555
0.30126178666877745
0.17025509878921508
0.1701175014667511
0.25463222778167727
0.17025509878921508
0.1701175014667511
0.28840443894195555
0.28840443894195555
0.04214815443801878
0.19200463944625856
0.011989522516250628
0.06729875153350828
0.01809920722198488
0.018029350578308123
0.3666648758041382
0.018029290973663348
0.01809920722198488
0.19200463944625856
0.04214815443801878
0.01809920722198488
0.01809920722198488
0.021069336473464984
0.011377494991302473
0.4994036400871277
0.022922902088165276
0.0679629629249573
0.02416845017623903
0.01879711800765993
0.011989522516250628
0.018029290973663348
0.18963712453842163
0.04864798134613035
0.01809920722198488
0.05953099185180666
0.018029290973663348
0.030187565624237078
0.01809920722198488
0.04752386614990234
0.04752386614990234
0.05311444280624389
0.115510080619812
1.4293068647384644
0.11604297594642637
0.1044898374519348
0.10448977784729002
0.40106470936965943
0.13014295890045163
0.11931547956085203
0.10305166678047178
0.13014295890045163
0.1044898374519348
0.09396373118209839
0.11604297594642637
0.10232392387008665
0.09599075154876707
0.09495264725303648
0.09423257793235779
0.1044898374519348
0.16511165039157866
0.03794101314163206
0.01214566393280031
0.10232392387008665
0.10458517508125303
0.34129770656661984
0.1044898374519348
0.0935260398826599
0.10778031186676024
0.11604297594642637
0.20957376496410368
0.12687394456481932
0.01214566393280031
0.10778031186676024
0.27246440158843993
0.2664333652114868
0.3449429343795776
0.16821236120223998
0.5964479516601562
0.2736502956008911
0.2664333652114868
0.7066142528785706
0.16821236120223998
0.5964476536369323
0.18416155086517333
0.30506295667648314
0.27524197803497313
0.16821236120223998
0.18692899452209472
0.16821236120223998
0.2720602820968628
0.3449429343795776
0.17792070613861083
0.3449429343795776
0.16821236120223998
0.18692899452209472
0.3449429343795776
0.16821236120223998
0.2351359811706543
0.1972175682144165
0.16821236120223998
0.32335025774002074
0.19683240299987792
0.2405371156616211
0.007881594226837152
0.021113769985198982
0.024065061862945547
0.009082955644607538
0.00364540463256835
0.06822161130714416
0.00908292584228515
0.003299546764373773
0.009082955644607538
0.009082955644607538
0.022295253253936775
0.008453739212036127
0.009082955644607538
0.009082955644607538
0.01066376023101806
0.006106538103103631
0.2680560822029114
0.009722483680725091
0.009082955644607538
0.2680560822029114
0.01066376023101806
0.01066376023101806
0.0013380224246978822
0.009082955644607538
0.029328597114562982
0.006106538103103631
0.009082955644607538
0.05888791136550903
0.39921601122665407
0.04926328115272521
0.06211321091938021
0.053999036190032934
0.011022478702545191
0.0026549402503967534
0.018810630205154444
0.06211321091938021
0.002742439868927027
0.002742439868927027
0.24748025852584837
0.11266109311294553
0.00986114180374148
0.11266109311294553
0.017964035633087183
0.06211321091938021
0.021340638759613062
0.06211321091938021
0.028667465212821985
0.0009457167358398189
0.030368446943283056
0.017964035633087183
0.028667465212821985
0.0610834903831482
0.021340638759613062
0.0892974681968689
0.06211321091938021
0.029325974910736075
0.021340638759613062
0.021340638759613062
0.021340638759613062
0.0378044674091339
0.32300943082141875
0.29025047963428496
0.0963319981651306
0.09303852893829345
0.3257793778734207
0.09927837496566772
0.09303852893829345
0.32300943082141875
0.30274337811756136
0.09927837496566772
0.31842528229522704
0.3257793629722595
0.30274337811756136
0.09927837496566772
0.09927837496566772
0.0963319981651306
0.6072223969146728
0.32300943082141875
0.09927837496566772
0.0963319981651306
0.09927837496566772
0.27197003310489654
0.107691332157135
0.0963319981651306
0.047301396186828604
0.047301396186828604
0.0963319981651306
0.0963319981651306
0.0963319981651306
0.09927837496566772
0.01327020555114744
0.01327020555114744
0.01015365748977659
0.035354891127586385
0.0038644608917236534
0.1252273979721069
0.04327685266113279
0.6140726479782105
0.020122819847106954
0.1252273979721069
0.052808767848968485
0.04327685266113279
0.01213257879638674
0.005918509059905985
0.01327020555114744
0.01327020555114744
0.015935414737701437
0.05155789650726317
0.01327020555114744
0.01327020555114744
0.01015365748977659
0.04033035904788973
0.01015365748977659
0.04327685266113279
0.011224693351745585
0.0235121014652252
0.01327020555114744
0.03975295395278933
0.04992300473403932
0.01015365748977659
0.6546476185321808
0.028681816799163817
0.02999436855316162
0.14900499795150757
0.021959426147460936
0.04129553054046631
0.021959426147460936
0.028681816799163817
0.04129553054046631
0.056742727756500244
0.06444680903625488
0.028681816799163817
0.173050346118927
0.04129553054046631
0.024059993880271913
0.04129541133117676
0.021959426147460936
0.021959426147460936
0.021959426147460936
0.021959426147460936
0.028681816799163817
0.021959426147460936
0.04129553054046631
0.26716929887008667
0.26716929887008667
0.021959426147460936
0.04129553054046631
0.04129553054046631
0.021959426147460936
0.009612483637809754
0.3823540210723877
0.08856296479225159
0.06460933327198029
0.06001718282222748
0.25720825731277464
0.12069588839530945
0.06001718282222748
0.07560814857006073
0.1484856599521637
0.08672806560516358
0.6236992448104859
0.25720825731277464
0.15050598918914795
0.15050598918914795
0.06001718282222748
0.07560814857006073
0.06001719772338868
0.15050604879379273
0.1484856599521637
0.151475637550354
0.08489747285366059
0.17265102207183838
0.07863423168182374
0.11145189749145507
0.1484856599521637
0.16211215006256102
0.11340297698497773
0.10366611122608185
0.15050598918914795
0.1484856599521637
0.1484856599521637
0.13055661213111877
0.13055661213111877
0.039240642306327816
0.0931218851776123
0.13055661213111877
0.0736767861328125
0.2785611009597778
