0.6126084327697754
0.264695405960083
0.264695405960083
0.6126084327697754
0.8214651107788087
0.264695405960083
0.264695405960083
0.264695405960083
0.2968613261413573
0.264695405960083
0.264695405960083
0.264695405960083
0.264695405960083
0.264695405960083
0.264695405960083
0.264695405960083
0.264695405960083
0.264695405960083
0.264695405960083
0.006203413009643555
0.264695405960083
0.264695405960083
0.264695405960083
0.264695405960083
0.006203413009643555
0.5297180175781251
0.264695405960083
0.264695405960083
0.264695405960083
0.264695405960083
0.004182755947113037
0.004182755947113037
0.004182755947113037
0.004182755947113037
0.004182755947113037
0.004182755947113037
0.004182755947113037
0.004182755947113037
0.004182755947113037
0.004182755947113037
0.004182755947113037
0.004182755947113037
0.004182755947113037
0.004182755947113037
0.004182755947113037
0.004182755947113037
0.004182755947113037
0.004182755947113037
0.004182755947113037
0.004182755947113037
0.004182755947113037
0.004182755947113037
0.004182755947113037
0.011442244052886963
0.004182755947113037
0.011442244052886963
0.004182755947113037
0.004182755947113037
0.12706724405288694
0.004182755947113037
0.04670275594711304
0.04670275594711304
0.04670275594711304
0.04670275594711304
0.04670275594711304
0.04670275594711304
0.04670275594711304
0.04670275594711304
0.066152755947113
0.066152755947113
0.04670275594711304
0.11243324405288696
0.04670275594711304
0.04670275594711304
0.04670275594711304
0.04670275594711304
0.04670275594711304
0.04670275594711304
0.04670275594711304
0.04670275594711304
0.04670275594711304
0.04670275594711304
0.04670275594711304
0.04670275594711304
0.04670275594711304
0.04670275594711304
0.04670275594711304
0.04670275594711304
0.04670275594711304
0.04670275594711304
0.5754282474517822
0.772503137588501
0.850532054901123
0.850532054901123
0.5754282474517822
0.772503137588501
0.5754282474517822
0.5754282474517822
0.850532054901123
0.5754282474517822
0.5754282474517822
0.5754282474517822
0.772503137588501
0.850532054901123
0.5754282474517822
0.850532054901123
0.850532054901123
0.850532054901123
0.850532054901123
0.5754282474517822
0.850532054901123
0.850532054901123
0.850532054901123
0.991234540939331
0.5754282474517822
0.5754282474517822
0.850532054901123
0.850532054901123
0.5754282474517822
0.09836227104568485
0.10069976723861696
0.10069976723861696
0.10069976723861696
0.10894583142471315
0.1828741431236267
0.10069976723861696
0.10069976723861696
0.09836227104568485
0.10069976723861696
0.10069976723861696
0.10069976723861696
0.10069976723861696
0.10069976723861696
0.10069976723861696
0.10894583142471315
0.10069976723861696
0.10894583142471315
0.11926804459762574
0.10069976723861696
0.10069976723861696
0.10069976723861696
0.10069976723861696
0.10069976723861696
0.11926804459762574
0.10069976723861696
0.11926804459762574
0.10069976723861696
0.10069976723861696
0.10069976723861696
0.8635494709014893
0.6212100982666016
0.6212100982666016
0.8635494709014893
0.8966977596282959
0.8966977596282959
0.8635494709014893
0.6212100982666016
0.8966977596282959
0.6212100982666016
0.6212100982666016
0.6212100982666016
0.6212100982666016
0.6212100982666016
0.8966977596282959
0.8966977596282959
0.6212100982666016
0.8966977596282959
0.6212100982666016
0.6212100982666016
0.8966977596282959
0.8966977596282959
0.8966977596282959
0.8966977596282959
0.6212100982666016
0.6212100982666016
0.6212100982666016
0.6212100982666016
0.6212100982666016
0.027067244052886963
0.027067244052886963
0.027067244052886963
0.002477244052886962
0.027067244052886963
0.15563824405288695
0.027067244052886963
0.027067244052886963
0.027067244052886963
0.027067244052886963
0.002477244052886962
0.027067244052886963
0.027067244052886963
0.027067244052886963
0.04269224405288696
0.04269224405288696
0.027067244052886963
0.027067244052886963
0.027067244052886963
0.027067244052886963
0.027067244052886963
0.027067244052886963
0.027067244052886963
0.027067244052886963
0.027067244052886963
0.027067244052886963
0.027067244052886963
0.027067244052886963
0.027067244052886963
0.027067244052886963
0.005078824234008739
0.005078824234008739
0.005078824234008739
0.05066183395385737
0.005078824234008739
0.00858649964523317
0.005078824234008739
0.005078824234008739
0.005078824234008739
0.05066183395385737
0.005078824234008739
0.005078824234008739
0.005078824234008739
0.005078824234008739
0.05066183395385737
0.005078824234008739
0.005078824234008739
0.005078824234008739
0.10230840621948234
0.005078824234008739
0.005078824234008739
0.005078824234008739
0.005078824234008739
0.005078824234008739
0.005078824234008739
0.10230840621948234
0.005078824234008739
0.005078824234008739
0.005078824234008739
0.005078824234008739
0.18940524405288695
0.18940524405288695
0.18940524405288695
0.18940524405288695
0.18940524405288695
0.18496224405288697
0.18940524405288695
0.18940524405288695
0.18940524405288695
0.18940524405288695
0.19812024405288697
0.18496224405288697
0.18940524405288695
0.19812024405288697
0.18940524405288695
0.18940524405288695
0.18940524405288695
0.18940524405288695
0.16121324405288695
0.18940524405288695
0.18940524405288695
0.18940524405288695
0.18940524405288695
0.18940524405288695
0.18940524405288695
0.18940524405288695
0.18940524405288695
0.18940524405288695
0.18940524405288695
0.18940524405288695
0.271253244052887
0.271253244052887
0.271253244052887
0.271253244052887
0.271253244052887
0.271253244052887
0.271253244052887
0.271253244052887
0.271253244052887
0.271253244052887
0.40206724405288696
0.271253244052887
0.271253244052887
0.271253244052887
0.271253244052887
0.271253244052887
0.271253244052887
0.271253244052887
0.271253244052887
0.271253244052887
0.271253244052887
0.26824324405288696
0.271253244052887
0.25206724405288694
0.271253244052887
0.26824324405288696
0.271253244052887
0.25206724405288694
0.271253244052887
0.271253244052887
0.29880624405288697
0.29880624405288697
0.29880624405288697
0.29880624405288697
0.29880624405288697
0.29880624405288697
0.29880624405288697
0.29880624405288697
0.29880624405288697
0.29880624405288697
0.29880624405288697
0.29880624405288697
0.29880624405288697
0.27405524405288695
0.27405524405288695
0.29880624405288697
0.29880624405288697
0.29880624405288697
0.29880624405288697
0.29880624405288697
0.29880624405288697
0.29880624405288697
0.29880624405288697
0.40206724405288696
0.29880624405288697
0.29880624405288697
0.29880624405288697
0.29880624405288697
0.29880624405288697
0.29880624405288697
0.294924244052887
0.294924244052887
0.294924244052887
0.36917224405288696
0.294924244052887
0.294924244052887
0.294924244052887
0.294924244052887
0.294924244052887
0.294924244052887
0.294924244052887
0.294924244052887
0.294924244052887
0.294924244052887
0.294924244052887
0.294924244052887
0.294924244052887
0.294924244052887
0.27216524405288695
0.294924244052887
0.294924244052887
0.27216524405288695
0.294924244052887
0.294924244052887
0.294924244052887
0.294924244052887
0.294924244052887
0.294924244052887
0.294924244052887
0.294924244052887
0.18091324405288695
0.18091324405288695
0.18091324405288695
0.15206724405288696
0.18091324405288695
0.18091324405288695
0.18091324405288695
0.18091324405288695
0.18091324405288695
0.18091324405288695
0.18091324405288695
0.18091324405288695
0.15206724405288696
0.18091324405288695
0.18091324405288695
0.18091324405288695
0.18091324405288695
0.18091324405288695
0.18091324405288695
0.18091324405288695
0.18091324405288695
0.18091324405288695
0.18091324405288695
0.18091324405288695
0.18091324405288695
0.18091324405288695
0.18091324405288695
0.18091324405288695
0.18091324405288695
0.283824244052887
0.018592244052886953
0.018592244052886953
0.018592244052886953
0.018592244052886953
0.018592244052886953
0.018592244052886953
0.018592244052886953
0.018592244052886953
0.22977024405288698
0.018592244052886953
0.018592244052886953
0.018592244052886953
0.018592244052886953
0.018592244052886953
0.018592244052886953
0.018592244052886953
0.018592244052886953
0.018592244052886953
0.018592244052886953
0.018592244052886953
0.018592244052886953
0.018592244052886953
0.018592244052886953
0.12510675594711307
0.018592244052886953
0.01829524405288696
0.018592244052886953
0.018592244052886953
0.12510675594711307
0.01829524405288696
0.03500424405288699
0.027067244052886963
0.027067244052886963
0.03500424405288699
0.03500424405288699
0.03500424405288699
0.03500424405288699
0.03500424405288699
0.03500424405288699
0.03500424405288699
0.03500424405288699
0.03656875594711306
0.03656875594711306
0.03500424405288699
0.03500424405288699
0.03500424405288699
0.03500424405288699
0.03500424405288699
0.03500424405288699
0.03500424405288699
0.03500424405288699
0.03500424405288699
0.03500424405288699
0.03500424405288699
0.03500424405288699
0.03500424405288699
0.03500424405288699
0.03988824405288699
0.03500424405288699
0.03500424405288699
0.13931224405288695
0.14775724405288698
0.13931224405288695
0.13931224405288695
0.13931224405288695
0.13931224405288695
0.13931224405288695
0.13931224405288695
0.13931224405288695
0.13931224405288695
0.13931224405288695
0.13931224405288695
0.13931224405288695
0.13931224405288695
0.13931224405288695
0.10484524405288698
0.13931224405288695
0.13931224405288695
0.13931224405288695
0.13931224405288695
0.13931224405288695
0.10484524405288698
0.13931224405288695
0.13931224405288695
0.13931224405288695
0.13931224405288695
0.13931224405288695
0.13931224405288695
0.13931224405288695
0.13931224405288695
0.159207755947113
0.172932755947113
0.8813541412353516
0.159207755947113
0.159207755947113
0.26838775594711306
0.159207755947113
0.159207755947113
0.159207755947113
0.159207755947113
0.159207755947113
0.159207755947113
0.159207755947113
0.159207755947113
0.26838775594711306
0.172932755947113
0.159207755947113
0.159207755947113
0.159207755947113
0.159207755947113
0.159207755947113
0.159207755947113
0.159207755947113
0.159207755947113
0.159207755947113
0.159207755947113
0.010938244052887014
0.159207755947113
0.159207755947113
0.159207755947113
0.159207755947113
0.4015037559471131
0.4015037559471131
0.4015037559471131
0.2490725063285828
0.2490725063285828
0.4015037559471131
0.4015037559471131
0.053577755947113004
0.4015037559471131
0.4015037559471131
0.4015037559471131
0.4015037559471131
0.4015037559471131
0.2490725063285828
0.4015037559471131
0.330075755947113
0.579312755947113
0.4015037559471131
0.4015037559471131
0.4015037559471131
0.4015037559471131
0.4015037559471131
0.4015037559471131
0.579312755947113
0.4015037559471131
0.4015037559471131
0.4015037559471131
0.330075755947113
0.4015037559471131
0.4015037559471131
0.301879755947113
0.301879755947113
0.301879755947113
0.301879755947113
0.301879755947113
0.301879755947113
0.442163755947113
0.442163755947113
0.301879755947113
0.301879755947113
0.10880851745605469
0.288721755947113
0.301879755947113
0.288721755947113
0.301879755947113
0.301879755947113
0.301879755947113
0.301879755947113
0.301879755947113
0.301879755947113
0.301879755947113
0.301879755947113
0.1847882194252014
0.301879755947113
0.301879755947113
0.301879755947113
0.047400755947113016
0.301879755947113
0.301879755947113
0.1847882194252014
0.1847882194252014
0.21319275594711307
0.21319275594711307
0.21319275594711307
0.21319275594711307
0.21319275594711307
0.21319275594711307
0.09557475594711307
0.21319275594711307
0.21319275594711307
0.21319275594711307
0.21319275594711307
0.21319275594711307
0.21319275594711307
0.21319275594711307
0.21319275594711307
0.7823759162979126
0.22293275594711304
0.21319275594711307
0.21319275594711307
0.21319275594711307
0.21319275594711307
0.21319275594711307
0.7721388339996338
0.21319275594711307
0.21319275594711307
0.21319275594711307
0.21319275594711307
0.21319275594711307
0.21319275594711307
0.27574975594711304
0.27574975594711304
0.22293275594711304
0.22293275594711304
0.7428860664367676
0.22293275594711304
0.22293275594711304
0.22293275594711304
0.19373424405288697
0.37990975594711307
0.22293275594711304
0.22293275594711304
0.37990975594711307
0.22293275594711304
0.2280347559471131
0.22293275594711304
0.22293275594711304
0.22293275594711304
0.22293275594711304
0.2280347559471131
0.22293275594711304
0.22293275594711304
0.22293275594711304
0.18351173400878906
0.22293275594711304
0.22293275594711304
0.007067295803070084
0.22293275594711304
0.22293275594711304
0.22293275594711304
0.22293275594711304
0.22293275594711304
0.22293275594711304
0.18351173400878906
0.22293275594711304
0.3452492440528869
0.3452492440528869
0.3452492440528869
0.3452492440528869
0.3452492440528869
0.3452492440528869
0.3452492440528869
0.38421024405288695
0.3452492440528869
0.3452492440528869
0.3452492440528869
0.3452492440528869
0.3452492440528869
0.3452492440528869
0.3452492440528869
0.3452492440528869
0.3452492440528869
0.3452492440528869
0.3452492440528869
0.3452492440528869
0.3452492440528869
0.3452492440528869
0.3452492440528869
0.3452492440528869
0.29629824405288696
0.32706724405288695
0.3452492440528869
0.3452492440528869
0.32706724405288695
0.29629824405288696
0.11243324405288696
0.05913975594711307
0.09117024405288698
0.11243324405288696
0.09117024405288698
0.11243324405288696
0.11243324405288696
0.11243324405288696
0.11243324405288696
0.11243324405288696
0.05913975594711307
0.11243324405288696
0.11243324405288696
0.11243324405288696
0.11243324405288696
0.11243324405288696
0.11243324405288696
0.11243324405288696
0.11243324405288696
0.11243324405288696
0.11243324405288696
0.11243324405288696
0.11243324405288696
0.11243324405288696
0.11243324405288696
0.11243324405288696
0.11243324405288696
0.11243324405288696
0.37891924405288696
0.11243324405288696
0.21225224405288695
0.21225224405288695
0.21225224405288695
0.21225224405288695
0.21225224405288695
0.21225224405288695
0.21225224405288695
0.21225224405288695
0.36040024405288695
0.21225224405288695
0.21225224405288695
0.21225224405288695
0.21225224405288695
0.21225224405288695
0.21225224405288695
0.21225224405288695
0.21225224405288695
0.21225224405288695
0.21225224405288695
0.21225224405288695
0.21225224405288695
0.07969924405288697
0.21225224405288695
0.07969924405288697
0.21225224405288695
0.19373424405288697
0.21225224405288695
0.21225224405288695
0.21225224405288695
0.19373424405288697
0.28543275594711304
0.28543275594711304
0.28543275594711304
0.37990975594711307
0.28543275594711304
0.28543275594711304
0.37990975594711307
0.28543275594711304
0.320758755947113
0.28543275594711304
0.28543275594711304
0.28543275594711304
0.320758755947113
0.28543275594711304
0.28543275594711304
0.28543275594711304
0.14471424405288696
0.28543275594711304
0.28543275594711304
0.28543275594711304
0.28543275594711304
0.28543275594711304
0.28543275594711304
0.28543275594711304
0.28543275594711304
0.28543275594711304
0.28543275594711304
0.28543275594711304
0.28543275594711304
0.28543275594711304
0.20631224405288695
0.20631224405288695
0.20631224405288695
0.20631224405288695
0.20631224405288695
0.20631224405288695
0.20631224405288695
0.3980352440528869
0.20631224405288695
0.20631224405288695
0.20631224405288695
0.20631224405288695
0.20631224405288695
0.20631224405288695
0.20631224405288695
0.20631224405288695
0.20631224405288695
0.15750224405288699
0.20631224405288695
0.20631224405288695
0.20631224405288695
0.20631224405288695
0.20631224405288695
0.20631224405288695
0.20631224405288695
0.20631224405288695
0.20631224405288695
0.20631224405288695
0.15750224405288699
0.20631224405288695
0.47293275594711304
0.18664124405288696
0.16343124405288695
0.18664124405288696
0.18664124405288696
0.18664124405288696
0.18664124405288696
0.18664124405288696
0.18664124405288696
0.16343124405288695
0.18664124405288696
0.18664124405288696
0.18664124405288696
0.18664124405288696
0.18664124405288696
0.18664124405288696
0.18664124405288696
0.18664124405288696
0.18664124405288696
0.18664124405288696
0.18664124405288696
0.18664124405288696
0.18664124405288696
0.18664124405288696
0.18664124405288696
0.18664124405288696
0.18664124405288696
0.18664124405288696
0.18664124405288696
0.18664124405288696
0.44706724405288695
0.21225224405288695
0.21225224405288695
0.21225224405288695
0.21225224405288695
0.21225224405288695
0.21225224405288695
0.21225224405288695
0.21225224405288695
0.21225224405288695
0.27706724405288696
0.21225224405288695
0.21225224405288695
0.21225224405288695
0.21225224405288695
0.21225224405288695
0.21225224405288695
0.21225224405288695
0.21225224405288695
0.21225224405288695
0.21225224405288695
0.21225224405288695
0.21225224405288695
0.16536524405288694
0.21225224405288695
0.16536524405288694
0.21225224405288695
0.21225224405288695
0.21225224405288695
0.21225224405288695
0.21225224405288695
0.25287324405288697
0.25287324405288697
0.25287324405288697
0.25287324405288697
0.25287324405288697
0.24837824405288694
0.18706724405288694
