0.7652114629745483
0.528418779373169
0.528418779373169
0.7652114629745483
0.8474120855331422
0.528418779373169
0.528418779373169
0.528418779373169
0.8348648900222777
0.528418779373169
0.528418779373169
0.528418779373169
0.528418779373169
0.528418779373169
0.528418779373169
0.528418779373169
0.528418779373169
0.528418779373169
0.528418779373169
0.528418779373169
0.528418779373169
0.528418779373169
0.528418779373169
0.528418779373169
0.528418779373169
0.8474120855331422
0.528418779373169
0.528418779373169
0.528418779373169
0.528418779373169
0.09934991598129272
0.09934991598129272
0.09934991598129272
0.09934991598129272
0.09934991598129272
0.09934991598129272
0.09934991598129272
0.09934991598129272
0.09934991598129272
0.09934991598129272
0.09934991598129272
0.09934991598129272
0.09934991598129272
0.09934991598129272
0.09934991598129272
0.09934991598129272
0.09934991598129272
0.09934991598129272
0.09934991598129272
0.09934991598129272
0.09934991598129272
0.09934991598129272
0.09934991598129272
0.08372491598129272
0.09934991598129272
0.08372491598129272
0.09934991598129272
0.09934991598129272
0.04526627659797666
0.09934991598129272
0.18135298635482788
0.18135298635482788
0.18135286714553833
0.18135286714553833
0.18135298635482788
0.18135298635482788
0.18135298635482788
0.18135298635482788
0.18787467929840085
0.18787467929840085
0.18135298635482788
0.01535980826950073
0.18135298635482788
0.18135298635482788
0.18135298635482788
0.18135298635482788
0.18135298635482788
0.18135298635482788
0.18135298635482788
0.18135298635482788
0.18135298635482788
0.18135298635482788
0.18135298635482788
0.18135298635482788
0.18135298635482788
0.18135298635482788
0.18135298635482788
0.18135298635482788
0.18135298635482788
0.18135298635482788
1.3187559247016907
1.3187559247016907
1.3187559247016907
1.3187559247016907
1.3187562227249146
1.3187562227249146
1.3187559247016907
1.3187559247016907
1.3187559247016907
1.3187559247016907
1.3187559247016907
1.3187559247016907
1.3187559247016907
1.3187559247016907
1.3187559247016907
1.3187559247016907
1.3187559247016907
1.3187559247016907
1.3187559247016907
1.3187559247016907
1.3187559247016907
1.3187559247016907
1.3187559247016907
0.5645721554756165
1.3187559247016907
1.3187559247016907
1.3187559247016907
1.3187559247016907
1.3187559247016907
0.15071786818885802
0.08208495175552366
0.08208495175552366
0.08208495175552366
0.08208495175552366
0.1253076046705246
0.08208495175552366
0.08208495175552366
0.15071782348537444
0.08208495175552366
0.08208495175552366
0.08208495175552366
0.08208495175552366
0.08208495175552366
0.08208495175552366
0.08208495175552366
0.08208495175552366
0.08208495175552366
0.08208495175552366
0.08208495175552366
0.08208495175552366
0.08208495175552366
0.08208495175552366
0.08208495175552366
0.08208495175552366
0.08208495175552366
0.08208495175552366
0.08208495175552366
0.08208495175552366
0.08208495175552366
0.05407357215881348
0.05407357215881348
0.05407357215881348
0.05407357215881348
0.05407357215881348
0.05407357215881348
0.05407357215881348
0.05407357215881348
0.05407357215881348
0.05407355725765228
0.05407355725765228
0.05407357215881348
0.05407357215881348
0.05407357215881348
0.05407357215881348
0.05407357215881348
0.05407357215881348
0.05407357215881348
0.05407357215881348
0.05407357215881348
0.05407357215881348
0.05407357215881348
0.05407357215881348
0.05407357215881348
0.05407357215881348
0.05407357215881348
0.05407357215881348
0.05407357215881348
0.05407357215881348
0.002571612596511841
0.002571612596511841
0.002571612596511841
0.0072423748874664295
0.002571612596511841
0.16890183091163635
0.002571612596511841
0.002571612596511841
0.002571612596511841
0.002571612596511841
0.0072423748874664295
0.002571612596511841
0.0025716274976730347
0.0025716274976730347
0.002571612596511841
0.002571612596511841
0.002571612596511841
0.002571612596511841
0.002571612596511841
0.002571612596511841
0.002571612596511841
0.002571612596511841
0.002571612596511841
0.002571612596511841
0.002571612596511841
0.002571612596511841
0.002571612596511841
0.002571612596511841
0.002571612596511841
0.002571612596511841
0.22910134950637817
0.22910134950637817
0.22910134950637817
0.22910134950637817
0.22910134950637817
0.32784977555274963
0.22910134950637817
0.22910134950637817
0.22910134950637817
0.22910134950637817
0.22910134950637817
0.22910134950637817
0.22910134950637817
0.22910134950637817
0.22910131970405578
0.22910131970405578
0.22910134950637817
0.22910134950637817
0.23701546015930175
0.22910134950637817
0.22910134950637817
0.22910134950637817
0.22910134950637817
0.22910134950637817
0.22910134950637817
0.23701546015930175
0.22910134950637817
0.22910134950637817
0.22910134950637817
0.22910134950637817
0.004075845904731756
0.004075845904731756
0.004075845904731756
0.004075845904731756
0.004075845904731756
0.032273833897018434
0.004075845904731756
0.004075845904731756
0.004075845904731756
0.004075845904731756
0.017646243121528626
0.032273833897018434
0.004075845904731756
0.017646243121528626
0.004075845904731756
0.004075845904731756
0.004075905509376532
0.004075905509376532
0.011718838518142698
0.004075845904731756
0.004075845904731756
0.004075845904731756
0.004075845904731756
0.004075845904731756
0.004075845904731756
0.004075845904731756
0.004075845904731756
0.004075845904731756
0.004075845904731756
0.004075845904731756
0.00207501961040496
0.00207501961040496
0.00207501961040496
0.00207501961040496
0.00207501961040496
0.00207501961040496
0.00207501961040496
0.00207501961040496
0.00207501961040496
0.00207501961040496
0.20776142179965973
0.00207501961040496
0.00207501961040496
0.00207501961040496
0.00207501961040496
0.00207501961040496
0.00207501961040496
0.00207501961040496
0.00207501961040496
0.00207501961040496
0.00207501961040496
0.01898374007606507
0.00207501961040496
0.010782292485237127
0.00207501961040496
0.01898374007606507
0.00207501961040496
0.010782292485237127
0.00207501961040496
0.00207501961040496
0.051033497863769525
0.051033497863769525
0.051033497863769525
0.051033497863769525
0.051033497863769525
0.051033497863769525
0.051033497863769525
0.051033497863769525
0.051033497863769525
0.051033497863769525
0.051033497863769525
0.051033497863769525
0.051033497863769525
0.02964008732032776
0.02964008732032776
0.051033497863769525
0.051033497863769525
0.051033497863769525
0.051033497863769525
0.051033497863769525
0.05103346806144714
0.05103346806144714
0.051033497863769525
0.271996408700943
0.051033497863769525
0.051033497863769525
0.051033497863769525
0.051033497863769525
0.051033497863769525
0.051033497863769525
0.02274896181297302
0.02274896181297302
0.02274896181297302
0.2081654816865921
0.02274896181297302
0.02274896181297302
0.02274896181297302
0.02274896181297302
0.02274896181297302
0.02274896181297302
0.02274896181297302
0.02274896181297302
0.02274896181297302
0.02274896181297302
0.02274896181297302
0.02274896181297302
0.02274896181297302
0.02274896181297302
0.05815226550388336
0.02274896181297302
0.02274896181297302
0.05815226550388336
0.022748902208328245
0.022748902208328245
0.02274896181297302
0.02274896181297302
0.02274896181297302
0.02274896181297302
0.02274896181297302
0.02274896181297302
0.043668191324424746
0.043668191324424746
0.043668191324424746
0.03748670166301728
0.043668191324424746
0.043668191324424746
0.043668191324424746
0.043668191324424746
0.043668191324424746
0.043668191324424746
0.043668191324424746
0.043668191324424746
0.03748670166301728
0.043668191324424746
0.043668191324424746
0.043668191324424746
0.043668191324424746
0.043668191324424746
0.043668191324424746
0.043668191324424746
0.043668191324424746
0.043668191324424746
0.043668191324424746
0.043668191324424746
0.043668221126747134
0.043668221126747134
0.043668191324424746
0.043668191324424746
0.043668191324424746
0.1507129480342865
0.02453410490417479
0.02453410490417479
0.02453410490417479
0.02453410490417479
0.02453410490417479
0.02453410490417479
0.02453410490417479
0.02453410490417479
0.15308969847049714
0.02453410490417479
0.02453410490417479
0.02453410490417479
0.02453410490417479
0.02453410490417479
0.02453410490417479
0.02453410490417479
0.02453410490417479
0.02453410490417479
0.02453410490417479
0.02453410490417479
0.02453410490417479
0.02453410490417479
0.02453410490417479
0.09977207352447509
0.02453410490417479
0.045363948549270616
0.02453410490417479
0.02453410490417479
0.09977207352447509
0.045363948549270616
0.0368590506248474
0.028056371106147754
0.028056371106147754
0.0368590506248474
0.0368590506248474
0.0368590506248474
0.0368590506248474
0.0368590506248474
0.0368590506248474
0.0368590506248474
0.0368590506248474
0.06956779853248596
0.06956779853248596
0.0368590506248474
0.0368590506248474
0.0368590506248474
0.0368590506248474
0.0368590506248474
0.0368590506248474
0.0368590506248474
0.0368590506248474
0.0368590506248474
0.0368590506248474
0.0368590506248474
0.0368590506248474
0.0368590506248474
0.0368590506248474
0.1172996461391449
0.03685902082252501
0.03685902082252501
0.03861257004833221
0.014136597514152527
0.03861257004833221
0.03861257004833221
0.03861257004833221
0.03861257004833221
0.03861257004833221
0.03861257004833221
0.03861257004833221
0.03861257004833221
0.03861257004833221
0.03861257004833221
0.03861257004833221
0.03861257004833221
0.03861257004833221
0.004957762901306145
0.03861257004833221
0.03861257004833221
0.03861257004833221
0.03861257004833221
0.03861257004833221
0.004957762901306145
0.03861257004833221
0.03861257004833221
0.03861257004833221
0.03861257004833221
0.03861257004833221
0.03861257004833221
0.03861257004833221
0.03861257004833221
0.0032540703372955226
0.002185556888580298
0.005361837148666393
0.003254040534973135
0.003254040534973135
0.07035754815483092
0.003254040534973135
0.003254040534973135
0.003254040534973135
0.003254040534973135
0.003254040534973135
0.003254040534973135
0.003254040534973135
0.003254040534973135
0.07035754815483092
0.00218552708625791
0.003254040534973135
0.003254040534973135
0.003254040534973135
0.003254040534973135
0.003254040534973135
0.003254040534973135
0.003254040534973135
0.003254040534973135
0.003254040534973135
0.003254040534973135
0.06612547962799072
0.003254040534973135
0.003254040534973135
0.003254040534973135
0.003254040534973135
0.061697096096038795
0.061697096096038795
0.061697096096038795
0.061697096096038795
0.061697096096038795
0.061697096096038795
0.061697096096038795
0.09380747862815858
0.061697096096038795
0.061697096096038795
0.061697096096038795
0.061697096096038795
0.061697096096038795
0.061697096096038795
0.061697096096038795
0.025982096096038854
0.06020808909225461
0.061697096096038795
0.061697096096038795
0.061697096096038795
0.061697096096038795
0.061697096096038795
0.061697096096038795
0.06020808909225461
0.061697096096038795
0.061697096096038795
0.061697096096038795
0.025982096096038854
0.061697096096038795
0.061697096096038795
0.05612937018203734
0.05612937018203734
0.05612937018203734
0.056129310577392566
0.056129310577392566
0.05612937018203734
0.1568643935699463
0.1568643935699463
0.05612937018203734
0.05612937018203734
0.23907428979873657
0.05612937018203734
0.05612937018203734
0.05612937018203734
0.05612937018203734
0.05612937018203734
0.05612937018203734
0.05612937018203734
0.05612937018203734
0.05612937018203734
0.05612937018203734
0.05612937018203734
0.05612937018203734
0.05612937018203734
0.05612937018203734
0.05612937018203734
0.13809638536300659
0.05612937018203734
0.05612937018203734
0.05612937018203734
0.05612937018203734
0.03526600056838991
0.03526600056838991
0.03526600056838991
0.03526600056838991
0.035265940963745135
0.035265940963745135
0.11111353760833739
0.03526600056838991
0.03526600056838991
0.03526600056838991
0.03526600056838991
0.03526600056838991
0.03526600056838991
0.03526600056838991
0.03526600056838991
0.03725415414142608
0.047813861351013176
0.03526600056838991
0.03526600056838991
0.03526600056838991
0.03526600056838991
0.03526600056838991
0.19445884227752686
0.03526600056838991
0.03526600056838991
0.03526600056838991
0.03526600056838991
0.03526600056838991
0.03526600056838991
0.04006854698371887
0.04006854698371887
0.047813861351013176
0.05153686241722105
0.8046417236328125
0.05153686241722105
0.05153686241722105
0.051536832614898664
0.031102105434417715
0.09320512606811521
0.05153686241722105
0.05153686241722105
0.09320512606811521
0.05153686241722105
0.026448655975341795
0.05153686241722105
0.05153686241722105
0.05153686241722105
0.05153686241722105
0.026448655975341795
0.05153686241722105
0.05153686241722105
0.05153686241722105
0.05153686241722105
0.05153686241722105
0.05153686241722105
0.0069601144416809035
0.05153686241722105
0.05153686241722105
0.05153686241722105
0.05153686241722105
0.05153686241722105
0.05153686241722105
0.05153686241722105
0.05153686241722105
0.06774566279411315
0.06774566279411315
0.06774566279411315
0.06774566279411315
0.06774567769527434
0.06774567769527434
0.06774566279411315
0.17568427021636962
0.06774566279411315
0.06774566279411315
0.06774566279411315
0.06774566279411315
0.06774566279411315
0.06774566279411315
0.06774566279411315
0.06774566279411315
0.06774566279411315
0.06774566279411315
0.06774566279411315
0.06774566279411315
0.06774566279411315
0.06774566279411315
0.06774566279411315
0.06774566279411315
0.09124095114898681
0.03110526448059081
0.06774566279411315
0.06774566279411315
0.03110526448059081
0.09124095114898681
0.05435605101394653
0.10168124911880494
0.04358200674819945
0.05435605101394653
0.04358200674819945
0.05435605101394653
0.05435605101394653
0.05435605101394653
0.05435605101394653
0.05435605101394653
0.10168124911880494
0.05435605101394653
0.05435605101394653
0.05435605101394653
0.05435605101394653
0.05435605101394653
0.05435605101394653
0.05435605101394653
0.05435605101394653
0.05435605101394653
0.05435605101394653
0.05435605101394653
0.05435605101394653
0.05435605101394653
0.05435605101394653
0.05435605101394653
0.05435605101394653
0.05435605101394653
0.14227250224399568
0.05435605101394653
0.02589762246894839
0.02589762246894839
0.02589762246894839
0.02589762246894839
0.02589762246894839
0.02589762246894839
0.02589762246894839
0.02589762246894839
0.07160176354789734
0.02589762246894839
0.02589762246894839
0.02589762246894839
0.02589762246894839
0.02589762246894839
0.02589762246894839
0.02589762246894839
0.02589762246894839
0.02589762246894839
0.02589762246894839
0.02589762246894839
0.02589762246894839
0.07025467826080323
0.02589762246894839
0.07025467826080323
0.02589762246894839
0.022428376405715933
0.02589762246894839
0.02589762246894839
0.02589762246894839
0.022428376405715933
0.11309306269454955
0.11309306269454955
0.11309306269454955
0.1897980568599701
0.11309306269454955
0.11309306269454955
0.1897980568599701
0.11309306269454955
0.11135553105163576
0.11309306269454955
0.11309306269454955
0.11309306269454955
0.11135553105163576
0.11309306269454955
0.11309306269454955
0.11309306269454955
0.03514105457515716
0.11309306269454955
0.11309306269454955
0.11309306269454955
0.11309306269454955
0.11309306269454955
0.11309306269454955
0.11309306269454955
0.11309306269454955
0.11309306269454955
0.11309306269454955
0.11309306269454955
0.11309306269454955
0.11309306269454955
0.018344157642364523
0.018344157642364523
0.018344157642364523
0.018344157642364523
0.018344157642364523
0.018344157642364523
0.018344157642364523
0.06392565100326537
0.018344157642364523
0.018344157642364523
0.018344157642364523
0.018344157642364523
0.018344157642364523
0.018344157642364523
0.018344157642364523
0.018344157642364523
0.018344157642364523
0.010258493793487533
0.018344157642364523
0.018344157642364523
0.018344157642364523
0.018344157642364523
0.018344157642364523
0.018344157642364523
0.018344157642364523
0.018344157642364523
0.018344157642364523
0.018344157642364523
0.010258493793487533
0.018344157642364523
0.14268863201141357
0.013305393712997438
0.012406781315803528
0.013305393712997438
0.013305393712997438
0.013305393712997438
0.013305393712997438
0.013305393712997438
0.013305393712997438
0.012406781315803528
0.013305393712997438
0.013305393712997438
0.013305393712997438
0.013305393712997438
0.013305453317642213
0.013305453317642213
0.013305393712997438
0.013305393712997438
0.013305393712997438
0.013305393712997438
0.013305393712997438
0.013305393712997438
0.013305393712997438
0.013305393712997438
0.013305393712997438
0.013305393712997438
0.013305393712997438
0.013305393712997438
0.013305393712997438
0.013305393712997438
0.046360597014427185
0.00742450296401978
0.00742450296401978
0.00742450296401978
0.00742450296401978
0.00742450296401978
0.00742450296401978
0.00742450296401978
0.00742450296401978
0.00742450296401978
0.06326990132198333
0.00742450296401978
0.00742450296401978
0.00742450296401978
0.00742450296401978
0.00742450296401978
0.007424413557052617
0.007424413557052617
0.00742450296401978
0.00742450296401978
0.00742450296401978
0.00742450296401978
0.00742450296401978
0.08050605999374388
0.00742450296401978
0.08050605999374388
0.00742450296401978
0.00742450296401978
0.00742450296401978
0.00742450296401978
0.00742450296401978
0.01569116007995605
0.01569116007995605
0.01569116007995605
0.01569116007995605
0.01569116007995605
0.02133486301517487
0.08173169255256651
