0.12493634223937988
0.9355316758155823
0.1417250633239746
0.2771432399749756
0.6948264598846436
0.5649769306182861
0.1417250633239746
0.35260605812072754
0.6928840523529054
0.23778367042541504
0.3757643699645996
0.5649769306182861
0.1417250633239746
0.35260605812072754
0.6280765533447266
0.1561734676361084
0.4186718463897705
0.16590070724487305
0.5649769306182861
0.6452111005783081
0.5259314775466919
0.5455925464630127
0.6046786308288574
0.08242559432983398
0.6452111005783081
1.5287910461425782
0.35260605812072754
0.08242559432983398
0.546954870223999
0.4186718463897705
0.13907909393310547
0.16313403844833374
0.13907909393310547
0.16313400864601135
0.05621030926704407
0.08693701028823853
0.03648388385772705
0.13907909393310547
0.05621030926704407
0.16313400864601135
0.07025772333145142
0.05621030926704407
0.16313400864601135
0.03648388385772705
0.013848543167114258
0.08209875226020813
0.16313400864601135
0.16313400864601135
0.11662733554840088
0.07025772333145142
0.012338519096374512
0.16313400864601135
0.07025772333145142
0.141704261302948
0.13077795505523682
0.177362859249115
0.16313400864601135
0.03648388385772705
0.5555118083953857
0.16313400864601135
0.0838225350189209
0.0052268042755126976
0.0838225350189209
0.015914903621673582
0.015914903621673582
0.0052268042755126976
0.0504174098777771
0.0838225350189209
0.04473936107635501
0.10647326257705692
0.015914903621673582
0.6194399488601685
0.06017689559936523
0.0838225350189209
0.0838225350189209
0.0838225350189209
0.0052268042755126976
0.0838225350189209
0.02448611114501953
0.16750817153930664
0.11092667128562927
0.09920500371932983
0.02448611114501953
0.0838225350189209
0.16750817153930664
0.16007761810302734
0.11092667128562927
0.0504174098777771
0.0890795454788208
0.11092667128562927
0.17830681800842285
0.5611722469329834
0.04773211479187012
0.04773211479187012
0.17830681800842285
0.5611721277236938
0.17830681800842285
0.17830681800842285
0.04773211479187012
0.17830681800842285
0.17830681800842285
0.17830681800842285
0.5611722469329834
0.04773211479187012
0.17830681800842285
0.04773211479187012
0.04773211479187012
0.04773211479187012
0.04773211479187012
0.17830681800842285
0.04773211479187012
0.04773211479187012
0.04773211479187012
0.13621234893798828
0.17830681800842285
0.17830681800842285
0.04773211479187012
0.04773211479187012
0.17830681800842285
0.360966469789505
0.046581700675964344
0.18337775790023803
0.20668949209976195
0.41345115029144286
0.24894672632217407
0.18337775790023803
0.3180986794166565
0.31018983914947507
0.3643049153022766
0.3643049153022766
0.047667637699127186
0.023708656661987293
0.3753523381881714
0.3180986794166565
0.41345115029144286
0.3315971049003601
0.41345115029144286
0.3046345266036987
0.05616737925338744
0.047667637699127186
0.34745080792236327
0.3643049153022766
0.3643049153022766
0.3046345266036987
0.3643049153022766
0.3046345266036987
0.3488063367538452
0.3643049153022766
0.34230597340393065
0.002983689308166504
0.31749510765075684
0.31749510765075684
0.002983689308166504
0.6540591716766357
0.6540591716766357
0.002983689308166504
0.31749510765075684
0.6540591716766357
0.31749510765075684
0.31749510765075684
0.31749510765075684
0.31749510765075684
0.31749510765075684
0.6540591716766357
0.6540591716766357
0.31749510765075684
0.6540591716766357
0.31749510765075684
0.31749510765075684
0.6540591716766357
0.6540591716766357
0.6540591716766357
0.6540591716766357
0.31749510765075684
0.31749510765075684
0.31749510765075684
0.31749510765075684
0.31749510765075684
0.20783281326293945
0.16080379486083984
0.04483121633529663
0.07293130508422851
0.20574325323104858
0.3348205946884155
0.04483121633529663
0.046046435832977295
0.16080379486083984
0.16080379486083984
0.07293130508422851
0.16080379486083984
0.04604646563529968
0.2050122618675232
0.02920621633529663
0.02920621633529663
0.010915607213973999
0.04483121633529663
0.16080379486083984
0.04483121633529663
0.20766949653625488
0.04483121633529663
0.04483121633529663
0.04483121633529663
0.16080379486083984
0.12535107135772705
0.010915607213973999
0.010915607213973999
0.16239595413208008
0.07482069730758667
0.374229462814331
0.4418191630363464
0.7798960525512695
0.7860851008415222
0.4418191630363464
0.03974303250122069
0.398344190788269
0.8225868958950042
0.38160827941894526
0.7860851008415222
0.374229462814331
0.374229462814331
0.38160827941894526
0.374229462814331
0.7860851008415222
0.7509520966529846
0.38160827941894526
0.374229462814331
0.4414556163406371
0.37341550178527827
0.7509520966529846
0.38160827941894526
0.4418191630363464
0.374229462814331
0.4418191630363464
0.449268950805664
0.36693319864273066
0.38160827941894526
0.39198574609756465
0.8267237860679626
0.05820347720336916
0.1604352409248352
0.01323749476623537
0.062090355693817156
0.011564392387390154
0.1450066578578949
0.16039152091789244
0.06766347938728334
0.14096142000007628
0.14151100462722777
0.17370844652938844
0.07328569767951965
0.06739975863647463
0.0378075761528015
0.16204024499702452
0.05198176556777956
0.011564422189712542
0.05820347720336916
0.30336334809875487
0.07106502705764772
0.0715540831680298
0.021076936065673846
0.05594096726226805
0.10070290023040773
0.05594096726226805
0.062090355693817156
0.021076936065673846
0.007408935367584246
0.05594096726226805
0.027859378396987933
0.1735111912384033
0.002149061332702651
0.1735111912384033
0.12066970862007143
0.12391789353942873
0.21939764820480345
0.17336867653274535
0.12391789353942873
0.17377237879180907
0.08636964953994752
0.36778417229652405
0.002149061332702651
0.17336867653274535
0.08636964953994752
0.08636964953994752
0.12131394542312623
0.17336867653274535
0.1735111912384033
0.12391789353942873
0.17336873613739012
0.20970956884765624
0.1739766391506195
0.0031394521102905415
0.1750792324542999
0.05393759809875487
0.17427582466506958
0.17336867653274535
0.15975316762924197
0.014129622806549058
0.17336867653274535
0.022452598892211906
0.1338252364768982
0.0007907985820770347
0.08510798820114135
0.08510798820114135
0.2259982465877533
0.22874548427009583
0.08510798820114135
0.0007709502353668296
0.08510798820114135
0.1149080456123352
0.20460926882171632
0.013943886838912956
0.30387449415969847
0.06295079144287108
0.08510798820114135
0.22874548427009583
0.1146905482635498
0.08510798820114135
0.07033866039657594
0.08510804780578612
0.12084179512405396
0.013943886838912956
0.3614889085292816
0.2113845408782959
0.22874548427009583
0.07033866039657594
0.1149080456123352
0.0007709502353668296
0.07033866039657594
0.3666201678581238
0.2371061888999939
0.27743290341567994
0.36973008392333984
0.13412673748207093
0.251386269695282
0.13412673748207093
0.13412673748207093
0.27743290341567994
0.27743290341567994
0.13412673748207093
0.12766398466300966
0.3666201678581238
0.16672869003486634
0.23678640998077394
0.23678640998077394
0.3189397898979187
0.37877283967208863
0.09436214489746092
0.13412673748207093
0.2601646629638672
0.3054496697883606
0.21169050014686586
0.31830148375701905
0.2025283721752167
0.13412673748207093
0.34939257777404786
0.13412673748207093
0.13412673748207093
0.2601646629638672
0.09671965674972532
0.07382947640037535
0.033047680421829206
0.0008982717990875244
0.26607248620605467
0.032611732049942
0.032262627645492536
0.033047680421829206
0.029944236711502092
0.0830163701019287
0.08991354270362856
0.13185679479026796
0.012832283973693848
0.07950672940826414
0.06808180050468443
0.18602040843582152
0.033047680421829206
0.032262627645492536
0.15953260226631166
0.18602040843582152
0.13185679479026796
0.18602040843582152
0.03883794383621214
0.07382947640037535
0.13185682459259035
0.07950675921058653
0.029944236711502092
0.03883794383621214
0.17581466273880003
0.2480672686405182
0.02829992208480836
0.07696641054153441
0.13693214025497435
0.1212113555908203
0.02829992208480836
0.06618454489707948
0.10970873203277587
0.033039039039611806
0.2828601607589722
0.18042618598937987
0.1292604860305786
0.16653907861709594
0.02829992208480836
0.21985692348480224
0.09309858646392821
0.06618454489707948
0.07362509336471557
0.1867812928199768
0.0570570770263672
0.06618454489707948
0.013157809114456187
0.17116666402816771
0.13693214025497435
0.08338785574340823
0.06618454489707948
0.13399542935180664
0.05623259577751161
0.05489232573509217
0.06891369416809079
0.11268337137985229
0.1319959602718353
0.028982162475585938
0.0935700535774231
0.03346009472656247
0.1319959602718353
0.08290083626556394
0.03346009472656247
0.024663343227386447
0.1319959602718353
0.020263626373290988
0.029872550762176486
0.14738463862991336
0.025033707462310817
0.08290083626556394
0.1319959602718353
0.053410544193267795
0.032018884218215915
0.029872550762176486
0.05017365435409543
0.024663343227386447
0.053410544193267795
0.02691940883445737
0.009721352851867648
0.020263626373290988
0.1319959602718353
0.032018884218215915
0.032018884218215915
0.25580720223999026
0.1319959304695129
0.024663343227386447
0.17323008834838866
0.41703422063827517
0.1606577402305603
0.17763892471313475
0.17763892471313475
0.17323008834838866
0.17763892471313475
0.16130325853347777
0.11727825462341307
0.11482713281631468
0.17323008834838866
0.17763892471313475
0.17763892471313475
0.11482713281631468
0.11482713281631468
0.09049822724151613
0.10558710157394408
0.11482713281631468
0.17763892471313475
0.11727825462341307
0.10558710157394408
0.048130947711944594
0.11482713281631468
0.26096329748153685
0.17763892471313475
0.17763892471313475
0.10558710157394408
0.060871101016998275
0.17763892471313475
0.16351608097076414
0.0009677356719970387
0.0019398808479309526
0.5849094271659852
0.07987701358795163
0.0009677356719970387
0.4585339935588837
0.0009677356719970387
0.0009677356719970387
0.0009677356719970387
0.159785205745697
0.0009677356719970387
0.20689239563941952
0.0009677356719970387
0.0009677356719970387
0.007674494190216041
0.008030283451080367
0.14130722942352292
0.0009677356719970387
0.0009677356719970387
0.0009677356719970387
0.0009677356719970387
0.0009677356719970387
0.14130722942352292
0.14130722942352292
0.005746965980529817
0.0009677356719970387
0.6090338398895264
0.0009677356719970387
0.0009677356719970387
0.0009677356719970387
0.0009677356719970387
0.22191275586700443
0.22191275586700443
0.20280457963562015
0.4073991917572022
0.4073991917572022
0.20280457963562015
0.20280457963562015
0.17162839080810544
0.4165125631294251
0.4165125631294251
0.4165125631294251
0.41196305980300907
0.19861008157348636
0.4073991917572022
0.20280457963562015
0.17048431956100463
0.2859999083328246
0.21726478566741947
0.32889230479812626
0.2563553594551087
0.20280457963562015
0.20280457963562015
0.21142919292068485
0.6197417520332336
0.3448311232528687
0.20817406406021122
0.3448311232528687
0.1313765796356201
0.20280457963562015
0.20280457963562015
0.15976022908401488
0.1823749465675354
0.28299920985412597
0.18205820748519896
0.3722635431022644
0.21032654473495482
0.2798349762496948
0.2798349762496948
0.35991471240234374
0.15976022908401488
0.4822103977203369
0.16946233889007567
0.2783272189826965
0.14660222908401488
0.3733885509700775
0.1823749465675354
0.1823749465675354
0.35909264514160155
0.1823749465675354
0.1823749465675354
0.38990115353775023
0.38990115353775023
0.4324390811653137
0.4112897140712738
0.1823749465675354
0.18262033889007567
0.08254967457580564
0.1823749465675354
0.18262033889007567
0.4324390811653137
0.4324390811653137
0.08885400987625125
0.21020757652282718
0.10581165052413943
0.12647133565902713
0.10015558696746829
0.10211485124588016
0.09132029561233523
0.10211485124588016
0.10015552736282352
0.21020757652282718
0.08885400987625125
0.10015552736282352
0.10015552736282352
0.10658740497589114
0.08283143735885623
0.7194343650894165
0.1105688214302063
0.14192825056076053
0.11018084980010989
0.10342549777984622
0.10581165052413943
0.10211485124588016
0.2152554988861084
0.09424358106613162
0.10015552736282352
0.14478480316162112
0.10211485124588016
0.12089907623291019
0.10015552736282352
0.15458239421081543
0.15458239421081543
0.14551013708114624
0.1811479926109314
0.5636763572692871
0.12234032154083252
0.17402446269989014
0.17402446269989014
0.6576645528717041
0.32839197135162357
0.1885858178138733
0.18333178758621216
0.32839197135162357
0.17402446269989014
0.1546026680488587
0.12234032154083252
0.13775360584259033
0.1721164584159851
0.15222972631454468
0.1597305748481751
0.17402446269989014
0.2483007311820984
0.05212968587875366
0.20024681091308594
0.13775360584259033
0.18390154838562012
0.16507485221481322
0.17402446269989014
0.08184784650802612
0.14733898639678955
0.12234032154083252
0.2977977395057678
0.28199225664138794
0.20024681091308594
0.14733898639678955
0.11000154264640807
0.11552814491462707
0.1413241709060669
0.042762092273712166
0.5181902731246948
0.19627244122695922
0.11552814491462707
0.6604710372619629
0.042762092273712166
0.51819021352005
0.004590877372741692
0.23493496425819396
0.10485775120925903
0.042762092273712166
0.06625051148605346
0.042762092273712166
0.2583420956916809
0.1413241709060669
0.02143799416351319
0.1413241709060669
0.042762092273712166
0.06625051148605346
0.1413241709060669
0.042762092273712166
0.021320453828811647
0.06549893617630004
0.042762092273712166
0.043012597639083855
0.05063693523406981
0.15855435376739502
0.025517959657669065
0.20453324673843387
0.03245825307083128
0.022358883682250974
0.01657704250526426
0.06489510410690308
0.02235891348457336
0.010877658191680906
0.022358883682250974
0.022358883682250974
0.20236459134292606
0.024356086317062375
0.022358883682250974
0.022358883682250974
0.026898969474792478
0.010702033105850217
0.23148201829528808
0.13186620599365234
0.022358883682250974
0.23148201829528808
0.026898969474792478
0.026898969474792478
0.007952649656295774
0.022358883682250974
0.005887825551986692
0.010702033105850217
0.022358883682250974
0.05110197192764282
0.2336702647228241
0.018588374790191653
0.22435836463928222
0.22873948484420775
0.12656913667678832
0.10981343656539916
0.14688305526733397
0.22435836463928222
0.10972146659851073
0.10972146659851073
0.2350835943775177
0.26752684980392455
0.14084212451934813
0.26752684980392455
0.14787839323043822
0.22435836463928222
0.08673910766601561
0.22435836463928222
0.08909945159912108
0.1250989881134033
0.17869822650909423
0.14787839323043822
0.08909945159912108
0.26272365048599244
0.08673910766601561
0.10357323691177367
0.22435836463928222
0.11529280299377442
0.08673910766601561
0.08673910766601561
0.08673910766601561
0.10307319516372682
0.41503697633743286
0.3357786536216736
0.15639173984527588
0.18832236743164066
0.42189502716064453
0.15767699480056763
0.18832236743164066
0.41503697633743286
0.38536172702407834
0.15767699480056763
0.39725977182388306
0.42189502716064453
0.38536172702407834
0.15767699480056763
0.15767699480056763
0.15639173984527588
0.5806564766616822
0.41503697633743286
0.15767699480056763
0.15639173984527588
0.15767699480056763
0.3295133113861084
0.18153667449951172
0.15639173984527588
0.2347216010093689
0.2347216010093689
0.15639173984527588
0.15639173984527588
0.15639173984527588
0.15767699480056763
0.05049816262245177
0.05049816262245177
0.04764491807937621
0.227706377620697
0.18728846799850463
0.22041494142532347
0.2827298690032959
0.8142441669158935
0.07565346848487853
0.22041494142532347
0.07405055057525634
0.2827298690032959
0.043864841346740735
0.049116914386749255
0.05049816262245177
0.05049816262245177
0.005787784938812268
0.15897280984878542
0.05049816262245177
0.05049816262245177
0.04764491807937621
0.012950484867095935
0.04764491807937621
0.2827298690032959
0.05116907250404357
0.20507741462707518
0.05049816262245177
0.050035322790145886
0.123925606546402
0.04764491807937621
0.4099987745285034
0.12954947149658202
0.08471234337234496
0.3200029412498474
0.13949370181465148
0.0488956848373413
0.13949370181465148
0.12954947149658202
0.0488956848373413
0.09719427124404906
0.0012490471611023013
0.12954947149658202
0.20387735760116577
0.0488956848373413
0.11374565756225585
0.0488956848373413
0.13949370181465148
0.13949370181465148
0.13949370181465148
0.13949370181465148
0.12954947149658202
0.13949370181465148
0.0488956848373413
0.25414570963287353
0.25414570963287353
0.13949370181465148
0.0488956848373413
0.0488956848373413
0.13949370181465148
0.12275159156227111
0.3363309931755066
0.16931401163101195
0.21588067680358886
0.22306464582443236
0.21356330781936644
0.1596914079761505
0.22306464582443236
0.23419581323623656
0.2584289160346985
0.18944828182220458
0.6433077454566956
0.21356330781936644
0.29380367666244506
0.29380367666244506
0.22306464582443236
0.23419581323623656
0.22306464582443236
0.29380367666244506
0.2584289160346985
0.2768694010353088
0.16571243077278136
0.36725346714019774
0.1594555225944519
0.16674234976577756
0.2584289160346985
0.2129800569038391
0.28102241426467894
0.22047845989227294
0.29380367666244506
0.2584289160346985
0.2584289160346985
0.11569380975341798
0.11569380975341798
0.20143163419342042
0.04095655894851685
0.11569380975341798
0.2116339773044586
0.31047955513000486
