1.0288683772087097
0.7259722948074341
0.6861917972564697
0.9813580513000488
1.1324225425720216
0.6715618968009949
0.6861917972564697
0.6754550337791443
0.5217649096679686
0.6723452806472778
0.6769525408744812
0.6715618968009949
0.6861917972564697
0.6754550337791443
0.664591372013092
0.6907472610473633
0.6834229826927185
0.6847249865531921
0.6715618968009949
0.641165018081665
0.7014651894569397
0.6716722846031189
0.6635598540306091
0.6806297898292542
0.641165018081665
1.0809467792510987
0.6754550337791443
0.6806297898292542
0.6775389909744263
0.6834229826927185
0.2524055242538452
0.2524055242538452
0.2524055242538452
0.2524055242538452
0.2524055242538452
0.2524055242538452
0.2524055242538452
0.2524055242538452
0.2524055242538452
0.2524055242538452
0.2524055242538452
0.2524055242538452
0.2524055242538452
0.2524055242538452
0.2524055242538452
0.2524055242538452
0.2524055242538452
0.2524055242538452
0.2524055242538452
0.2524055242538452
0.2524055242538452
0.2524055242538452
0.2524055242538452
0.23678052425384521
0.2524055242538452
0.23678052425384521
0.2524055242538452
0.2524055242538452
0.11446895599365237
0.2524055242538452
0.11530332114219666
0.12024678136825562
0.11530332114219666
0.12077148105621338
0.12077148105621338
0.12024678136825562
0.11795700933456421
0.11530332114219666
0.14050460311889645
0.13562113496780392
0.12077148105621338
0.024666477504730222
0.1160944833946228
0.11530332114219666
0.11530332114219666
0.11530332114219666
0.12024678136825562
0.11530332114219666
0.14012314226150513
0.11282999660491944
0.22031728770256043
0.11512257005691529
0.14012314226150513
0.11530332114219666
0.11282999660491944
0.11804409172058106
0.22031728770256043
0.11795700933456421
0.11387218381881714
0.22031728770256043
0.22454428672790527
0.26621150970458984
0.33879852294921875
0.33879852294921875
0.22454428672790527
0.26621150970458984
0.22454428672790527
0.22454428672790527
0.33879852294921875
0.22454428672790527
0.22454428672790527
0.22454428672790527
0.26621150970458984
0.33879852294921875
0.22454428672790527
0.33879852294921875
0.33879852294921875
0.33879852294921875
0.33879852294921875
0.22454428672790527
0.33879852294921875
0.33879852294921875
0.33879852294921875
0.6274337768554688
0.22454428672790527
0.22454428672790527
0.33879852294921875
0.33879852294921875
0.22454428672790527
0.1124595242538452
0.0885025242538452
0.07961326634597776
0.0885025242538452
0.0885025242538452
0.2549050748348236
0.07961326634597776
0.0885025242538452
0.1124595242538452
0.0885025242538452
0.0885025242538452
0.0885025242538452
0.08629315888595579
0.0885025242538452
0.0885025242538452
0.0885025242538452
0.0885025242538452
0.0885025242538452
0.0885025242538452
0.0885025242538452
0.0885025242538452
0.0885025242538452
0.0885025242538452
0.0885025242538452
0.0885025242538452
0.0885025242538452
0.0885025242538452
0.0885025242538452
0.0885025242538452
0.0885025242538452
0.40925294160842896
0.3797023296356201
0.3797023296356201
0.40925294160842896
0.5166584849357605
0.5166584849357605
0.40925294160842896
0.3797023296356201
0.5166584849357605
0.3797023296356201
0.3797023296356201
0.3797023296356201
0.3797023296356201
0.3797023296356201
0.5166584849357605
0.5166584849357605
0.3797023296356201
0.5166584849357605
0.3797023296356201
0.3797023296356201
0.5166584849357605
0.5166584849357605
0.5166584849357605
0.5166584849357605
0.3797023296356201
0.3797023296356201
0.3797023296356201
0.3797023296356201
0.3797023296356201
0.07571947574615479
0.07571947574615479
0.07571947574615479
0.06572947574615479
0.07571947574615479
0.3203141391277313
0.07571947574615479
0.07571947574615479
0.07571947574615479
0.07571947574615479
0.06572947574615479
0.07571947574615479
0.07571947574615479
0.07571947574615479
0.07571947574615479
0.07571947574615479
0.07571947574615479
0.07571947574615479
0.07571947574615479
0.07571947574615479
0.07571947574615479
0.07571947574615479
0.07571947574615479
0.07571947574615479
0.07571947574615479
0.07571947574615479
0.07571947574615479
0.07571947574615479
0.07571947574615479
0.07571947574615479
0.3351905242538452
0.3351905242538452
0.3351905242538452
0.3351905242538452
0.3351905242538452
0.31261974573135376
0.3351905242538452
0.3351905242538452
0.3351905242538452
0.3351905242538452
0.3351905242538452
0.3351905242538452
0.3351905242538452
0.3351905242538452
0.3351905242538452
0.3351905242538452
0.3351905242538452
0.3351905242538452
0.3815325242538452
0.3351905242538452
0.3351905242538452
0.3351905242538452
0.3351905242538452
0.3351905242538452
0.3351905242538452
0.3815325242538452
0.3351905242538452
0.3351905242538452
0.3351905242538452
0.3351905242538452
0.2009223757461548
0.2009223757461548
0.2009223757461548
0.2009223757461548
0.2009223757461548
0.19989707574615478
0.2009223757461548
0.2009223757461548
0.2009223757461548
0.2009223757461548
0.19989707574615478
0.19989707574615478
0.2009223757461548
0.19989707574615478
0.2009223757461548
0.2009223757461548
0.2009223757461548
0.2009223757461548
0.23006397574615478
0.2009223757461548
0.2009223757461548
0.2009223757461548
0.2009223757461548
0.2009223757461548
0.2009223757461548
0.2009223757461548
0.2009223757461548
0.2009223757461548
0.2009223757461548
0.2009223757461548
0.1276814757461548
0.1276814757461548
0.1276814757461548
0.1276814757461548
0.1276814757461548
0.1276814757461548
0.1276814757461548
0.1276814757461548
0.1276814757461548
0.1276814757461548
0.2788444757461548
0.1276814757461548
0.1276814757461548
0.1276814757461548
0.1276814757461548
0.1276814757461548
0.1276814757461548
0.1276814757461548
0.1276814757461548
0.1276814757461548
0.1276814757461548
0.1259034757461548
0.1276814757461548
0.11634447574615478
0.1276814757461548
0.1259034757461548
0.1276814757461548
0.11634447574615478
0.1276814757461548
0.1276814757461548
0.1918879757461548
0.1918879757461548
0.1918879757461548
0.1918879757461548
0.1918879757461548
0.1918879757461548
0.1918879757461548
0.1918879757461548
0.1918879757461548
0.1918879757461548
0.1918879757461548
0.1918879757461548
0.1918879757461548
0.18245897574615477
0.18245897574615477
0.1918879757461548
0.1918879757461548
0.1918879757461548
0.1918879757461548
0.1918879757461548
0.1918879757461548
0.1918879757461548
0.1918879757461548
0.2788444757461548
0.1918879757461548
0.1918879757461548
0.1918879757461548
0.1918879757461548
0.1918879757461548
0.1918879757461548
0.1717014757461548
0.1717014757461548
0.1717014757461548
0.2788444757461548
0.1717014757461548
0.1717014757461548
0.1717014757461548
0.1717014757461548
0.1717014757461548
0.1717014757461548
0.1717014757461548
0.1717014757461548
0.1717014757461548
0.1717014757461548
0.1717014757461548
0.1717014757461548
0.1717014757461548
0.1717014757461548
0.16119747574615478
0.1717014757461548
0.1717014757461548
0.16119747574615478
0.1717014757461548
0.1717014757461548
0.1717014757461548
0.1717014757461548
0.1717014757461548
0.1717014757461548
0.1717014757461548
0.1717014757461548
0.18269067574615477
0.18269067574615477
0.18269067574615477
0.17467747574615478
0.18269067574615477
0.18269067574615477
0.18269067574615477
0.18269067574615477
0.18269067574615477
0.18269067574615477
0.18269067574615477
0.18269067574615477
0.17467747574615478
0.18269067574615477
0.18269067574615477
0.18269067574615477
0.18269067574615477
0.18269067574615477
0.18269067574615477
0.18269067574615477
0.18269067574615477
0.18269067574615477
0.18269067574615477
0.18269067574615477
0.18269067574615477
0.18269067574615477
0.18269067574615477
0.18269067574615477
0.18269067574615477
0.25181747574615476
0.0431895242538452
0.0431895242538452
0.0431895242538452
0.0431895242538452
0.0431895242538452
0.0431895242538452
0.0431895242538452
0.0431895242538452
0.2247903757461548
0.0431895242538452
0.0431895242538452
0.0431895242538452
0.0431895242538452
0.0431895242538452
0.0431895242538452
0.0431895242538452
0.0431895242538452
0.0431895242538452
0.0431895242538452
0.0431895242538452
0.0431895242538452
0.0431895242538452
0.0431895242538452
0.1341985242538452
0.0431895242538452
0.0369445242538452
0.0431895242538452
0.0431895242538452
0.1341985242538452
0.0369445242538452
0.13598747574615477
0.13368347574615477
0.13368347574615477
0.13598747574615477
0.13598747574615477
0.13598747574615477
0.13598747574615477
0.13598747574615477
0.13598747574615477
0.13598747574615477
0.13598747574615477
0.11520847574615478
0.11520847574615478
0.13598747574615477
0.13598747574615477
0.13598747574615477
0.13598747574615477
0.13598747574615477
0.13598747574615477
0.13598747574615477
0.13598747574615477
0.13598747574615477
0.13598747574615477
0.13598747574615477
0.13598747574615477
0.13598747574615477
0.13598747574615477
0.2788444757461548
0.13598747574615477
0.13598747574615477
0.15639547574615478
0.2788444757461548
0.15639547574615478
0.15639547574615478
0.15639547574615478
0.15639547574615478
0.15639547574615478
0.15639547574615478
0.15639547574615478
0.15639547574615478
0.15639547574615478
0.15639547574615478
0.15639547574615478
0.15639547574615478
0.15639547574615478
0.14551147574615478
0.15639547574615478
0.15639547574615478
0.15639547574615478
0.15639547574615478
0.15639547574615478
0.14551147574615478
0.15639547574615478
0.15639547574615478
0.15639547574615478
0.15639547574615478
0.15639547574615478
0.15639547574615478
0.15639547574615478
0.15639547574615478
0.054488524253845205
0.06115552425384524
0.5846115827560425
0.054488524253845205
0.054488524253845205
0.1075195242538452
0.054488524253845205
0.054488524253845205
0.054488524253845205
0.054488524253845205
0.054488524253845205
0.054488524253845205
0.054488524253845205
0.054488524253845205
0.1075195242538452
0.06115552425384524
0.054488524253845205
0.054488524253845205
0.054488524253845205
0.054488524253845205
0.054488524253845205
0.054488524253845205
0.054488524253845205
0.054488524253845205
0.054488524253845205
0.054488524253845205
0.21432837574615476
0.054488524253845205
0.054488524253845205
0.054488524253845205
0.054488524253845205
0.3104415242538452
0.3104415242538452
0.3104415242538452
0.3104415242538452
0.3104415242538452
0.3104415242538452
0.3104415242538452
0.1175544757461548
0.3104415242538452
0.3104415242538452
0.3104415242538452
0.3104415242538452
0.3104415242538452
0.3104415242538452
0.3104415242538452
0.27472652425384525
0.4232835242538452
0.3104415242538452
0.3104415242538452
0.3104415242538452
0.3104415242538452
0.3104415242538452
0.3104415242538452
0.4232835242538452
0.3104415242538452
0.3104415242538452
0.3104415242538452
0.27472652425384525
0.3104415242538452
0.3104415242538452
0.1685235242538452
0.1685235242538452
0.1685235242538452
0.1685235242538452
0.1685235242538452
0.1685235242538452
0.24423252425384523
0.24423252425384523
0.1685235242538452
0.1685235242538452
0.014646410942077637
0.1685235242538452
0.1685235242538452
0.1685235242538452
0.1685235242538452
0.1685235242538452
0.1685235242538452
0.1685235242538452
0.1685235242538452
0.1685235242538452
0.1685235242538452
0.1685235242538452
0.1685235242538452
0.1685235242538452
0.1685235242538452
0.1685235242538452
0.2575678757461548
0.1685235242538452
0.1685235242538452
0.1685235242538452
0.1685235242538452
0.05881752425384523
0.05881752425384523
0.05881752425384523
0.05881752425384523
0.05881752425384523
0.05881752425384523
0.22224067574615478
0.05881752425384523
0.05881752425384523
0.05881752425384523
0.05881752425384523
0.05881752425384523
0.05881752425384523
0.05881752425384523
0.05881752425384523
0.45079307204055785
0.06326052425384521
0.05881752425384523
0.05881752425384523
0.05881752425384523
0.05881752425384523
0.05881752425384523
0.3791236877441406
0.05881752425384523
0.05881752425384523
0.05881752425384523
0.05881752425384523
0.05881752425384523
0.05881752425384523
0.08735252425384521
0.08735252425384521
0.06326052425384521
0.1250015242538452
0.5749938488006592
0.1250015242538452
0.1250015242538452
0.1250015242538452
0.2539577638549805
0.2095275242538452
0.1250015242538452
0.1250015242538452
0.2095275242538452
0.1250015242538452
0.1293185242538452
0.1250015242538452
0.1250015242538452
0.1250015242538452
0.1250015242538452
0.1293185242538452
0.1250015242538452
0.1250015242538452
0.1250015242538452
0.1250015242538452
0.1250015242538452
0.1250015242538452
0.18207027574615478
0.1250015242538452
0.1250015242538452
0.1250015242538452
0.1250015242538452
0.1250015242538452
0.1250015242538452
0.1250015242538452
0.1250015242538452
0.12732947574615477
0.12732947574615477
0.12732947574615477
0.12732947574615477
0.12732947574615477
0.12732947574615477
0.12732947574615477
0.2705324261917114
0.12732947574615477
0.12732947574615477
0.12732947574615477
0.12732947574615477
0.12732947574615477
0.12732947574615477
0.12732947574615477
0.12732947574615477
0.12732947574615477
0.12732947574615477
0.12732947574615477
0.12732947574615477
0.12732947574615477
0.12732947574615477
0.12732947574615477
0.12732947574615477
0.08653647574615478
0.11217747574615478
0.12732947574615477
0.12732947574615477
0.11217747574615478
0.08653647574615478
0.03822852425384521
0.057939453147888176
0.054488524253845205
0.03822852425384521
0.054488524253845205
0.03822852425384521
0.03822852425384521
0.03822852425384521
0.03822852425384521
0.03822852425384521
0.05825517895126342
0.03822852425384521
0.03822852425384521
0.03822852425384521
0.03822852425384521
0.03822852425384521
0.03822852425384521
0.03822852425384521
0.03822852425384521
0.03822852425384521
0.03822852425384521
0.03822852425384521
0.03822852425384521
0.03822852425384521
0.03822852425384521
0.03822852425384521
0.03822852425384521
0.03822852425384521
0.42483894532966615
0.03822852425384521
0.0010664757461547603
0.0010664757461547603
0.0010664757461547603
0.0010664757461547603
0.0010664757461547603
0.0010664757461547603
0.0010664757461547603
0.0010664757461547603
0.23764292913818358
0.0010664757461547603
0.0010664757461547603
0.0010664757461547603
0.0010664757461547603
0.0010664757461547603
0.0010664757461547603
0.0010664757461547603
0.0010664757461547603
0.0010664757461547603
0.0010664757461547603
0.0010664757461547603
0.0010664757461547603
0.10033911989974975
0.0010664757461547603
0.09401172922897338
0.0010664757461547603
0.015273524253845205
0.0010664757461547603
0.0010664757461547603
0.0010664757461547603
0.015273524253845205
0.2419885242538452
0.2419885242538452
0.2419885242538452
0.3025505242538452
0.2419885242538452
0.2419885242538452
0.3025505242538452
0.2419885242538452
0.26463352425384523
0.2419885242538452
0.2419885242538452
0.2419885242538452
0.26463352425384523
0.2419885242538452
0.2419885242538452
0.2419885242538452
0.19060917574615477
0.2419885242538452
0.2419885242538452
0.2419885242538452
0.2419885242538452
0.2419885242538452
0.2419885242538452
0.2419885242538452
0.2419885242538452
0.2419885242538452
0.2419885242538452
0.2419885242538452
0.2419885242538452
0.2419885242538452
0.004174524253845235
0.004174524253845235
0.004174524253845235
0.004174524253845235
0.004174524253845235
0.004174524253845235
0.004174524253845235
0.21432837574615476
0.004174524253845235
0.004174524253845235
0.004174524253845235
0.004174524253845235
0.004174524253845235
0.004174524253845235
0.004174524253845235
0.004174524253845235
0.004174524253845235
0.04724252425384523
0.004174524253845235
0.004174524253845235
0.004174524253845235
0.004174524253845235
0.004174524253845235
0.004174524253845235
0.004174524253845235
0.004174524253845235
0.004174524253845235
0.004174524253845235
0.04724252425384523
0.004174524253845235
0.2833424210548401
0.044801475746154784
0.028844475746154785
0.044801475746154784
0.044801475746154784
0.044801475746154784
0.044801475746154784
0.044801475746154784
0.044801475746154784
0.028844475746154785
0.044801475746154784
0.044801475746154784
0.044801475746154784
0.044801475746154784
0.044801475746154784
0.044801475746154784
0.044801475746154784
0.044801475746154784
0.044801475746154784
0.044801475746154784
0.044801475746154784
0.044801475746154784
0.044801475746154784
0.044801475746154784
0.044801475746154784
0.044801475746154784
0.044801475746154784
0.044801475746154784
0.044801475746154784
0.044801475746154784
0.2788444757461548
0.1492144757461548
0.1492144757461548
0.1492144757461548
0.1492144757461548
0.1492144757461548
0.1492144757461548
0.1492144757461548
0.1492144757461548
0.1492144757461548
0.20741587574615478
0.1492144757461548
0.1492144757461548
0.1492144757461548
0.1492144757461548
0.1492144757461548
0.1492144757461548
0.1492144757461548
0.1492144757461548
0.1492144757461548
0.1492144757461548
0.1492144757461548
0.1492144757461548
0.12990847574615477
0.1492144757461548
0.12990847574615477
0.1492144757461548
0.1492144757461548
0.1492144757461548
0.1492144757461548
0.1492144757461548
0.16594147574615478
0.16594147574615478
0.16594147574615478
0.16594147574615478
0.16594147574615478
0.1640904757461548
0.13884447574615477
