0.5664682388305664
0.26352453231811523
0.26352453231811523
0.5664682388305664
1.0476919174194337
0.26352453231811523
0.26352453231811523
0.26352453231811523
0.5442111844253539
0.26352453231811523
0.26352453231811523
0.26352453231811523
0.26352453231811523
0.26352453231811523
0.26352453231811523
0.26352453231811523
0.26352453231811523
0.26352453231811523
0.26352453231811523
1.076686978340149
0.26352453231811523
0.26352453231811523
0.26352453231811523
0.26352453231811523
1.076686978340149
2.028249478340149
0.26352453231811523
0.26352453231811523
0.26352453231811523
0.26352453231811523
0.0007172226905822754
0.0007172226905822754
0.0007172226905822754
0.0007172226905822754
0.0007172226905822754
0.0007172226905822754
0.0007172226905822754
0.0007172226905822754
0.0007172226905822754
0.0007172226905822754
0.0007172226905822754
0.0007172226905822754
0.0007172226905822754
0.0007172226905822754
0.0007172226905822754
0.0007172226905822754
0.0007172226905822754
0.0007172226905822754
0.0007172226905822754
0.0007172226905822754
0.0007172226905822754
0.0007172226905822754
0.0007172226905822754
-0.014907777309417725
0.0007172226905822754
-0.014907777309417725
0.0007172226905822754
0.0007172226905822754
-0.1305327773094177
0.0007172226905822754
0.04323722269058228
0.04323722269058228
0.04323722269058228
0.04323722269058228
0.04323722269058228
0.04323722269058228
0.04323722269058228
0.04323722269058228
0.06268722269058224
0.06268722269058224
0.04323722269058228
-0.11589877730941772
0.04323722269058228
0.04323722269058228
0.04323722269058228
0.04323722269058228
0.04323722269058228
0.04323722269058228
0.04323722269058228
0.04323722269058228
0.04323722269058228
0.04323722269058228
0.04323722269058228
0.04323722269058228
0.04323722269058228
0.04323722269058228
0.04323722269058228
0.04323722269058228
0.04323722269058228
0.04323722269058228
0.24306046962738037
1.137571096420288
-0.5509769916534424
-0.5509769916534424
0.24306058883666992
1.1375710368156433
0.24306046962738037
0.24306046962738037
-0.5509769916534424
0.24306046962738037
0.24306046962738037
0.24306046962738037
1.137571096420288
-0.5509769916534424
0.24306046962738037
-0.5509769916534424
-0.5509769916534424
-0.5509769916534424
-0.5509769916534424
0.24306046962738037
-0.5509769916534424
-0.5509769916534424
-0.5509769916534424
-0.05425381660461426
0.24306046962738037
0.24306046962738037
-0.5509769916534424
-0.5509769916534424
0.24306046962738037
0.31729322269058224
0.32661022269058226
0.32661022269058226
0.32661022269058226
0.32661022269058226
0.12571722269058228
0.32661022269058226
0.32661022269058226
0.31729322269058224
0.32661022269058226
0.32661022269058226
0.32661022269058226
0.32661022269058226
0.32661022269058226
0.32661022269058226
0.32661022269058226
0.32661022269058226
0.32661022269058226
0.32661022269058226
0.32661022269058226
0.32661022269058226
0.32661022269058226
0.32661022269058226
0.32661022269058226
0.32661022269058226
0.32661022269058226
0.32661022269058226
0.32661022269058226
0.32661022269058226
0.32661022269058226
0.4986070394515991
-0.04173171520233154
-0.04173171520233154
0.4986070394515991
-1.1956512928009033
-1.1956512928009033
0.4986070394515991
-0.04173171520233154
-1.1956512928009033
-0.04173171520233154
-0.04173171520233154
-0.04173171520233154
-0.04173171520233154
-0.04173171520233154
-1.1956512928009033
-1.1956512928009033
-0.04173171520233154
-1.1956512928009033
-0.04173171520233154
-0.04173171520233154
-1.1956512928009033
-1.1956512928009033
-1.1956512928009033
-1.1956512928009033
-0.04173171520233154
-0.04173171520233154
-0.04173171520233154
-0.04173171520233154
-0.04173171520233154
-0.030532777309417725
-0.030532777309417725
-0.030532777309417725
-0.005942777309417724
-0.030532777309417725
-0.17385604610061645
-0.030532777309417725
-0.030532777309417725
-0.030532777309417725
-0.030532777309417725
-0.005942777309417724
-0.030532777309417725
-0.030532777309417725
-0.030532777309417725
-0.046157777309417725
-0.046157777309417725
-0.030532777309417725
-0.030532777309417725
-0.030532777309417725
-0.030532777309417725
-0.030532777309417725
-0.030532777309417725
-0.030532777309417725
-0.030532777309417725
-0.030532777309417725
-0.030532777309417725
-0.030532777309417725
-0.030532777309417725
-0.030532777309417725
-0.030532777309417725
0.7501672226905822
0.7501672226905822
0.7501672226905822
0.7501672226905822
0.7501672226905822
0.3660192226905823
0.7501672226905822
0.7501672226905822
0.7501672226905822
0.7501672226905822
0.7501672226905822
0.7501672226905822
0.7501672226905822
0.7501672226905822
0.7501672226905822
0.7501672226905822
0.7501672226905822
0.7501672226905822
0.8468272226905822
0.7501672226905822
0.7501672226905822
0.7501672226905822
0.7501672226905822
0.7501672226905822
0.7501672226905822
0.8468272226905822
0.7501672226905822
0.7501672226905822
0.7501672226905822
0.7501672226905822
-0.1928707773094177
-0.1928707773094177
-0.1928707773094177
-0.1928707773094177
-0.1928707773094177
-0.18842777730941773
-0.1928707773094177
-0.1928707773094177
-0.1928707773094177
-0.1928707773094177
-0.20158577730941774
-0.18842777730941773
-0.1928707773094177
-0.20158577730941774
-0.1928707773094177
-0.1928707773094177
-0.1928707773094177
-0.1928707773094177
-0.1646787773094177
-0.1928707773094177
-0.1928707773094177
-0.1928707773094177
-0.1928707773094177
-0.1928707773094177
-0.1928707773094177
-0.1928707773094177
-0.1928707773094177
-0.1928707773094177
-0.1928707773094177
-0.1928707773094177
-0.27471877730941774
-0.27471877730941774
-0.27471877730941774
-0.27471877730941774
-0.27471877730941774
-0.27471877730941774
-0.27471877730941774
-0.27471877730941774
-0.27471877730941774
-0.27471877730941774
-0.4055327773094177
-0.27471877730941774
-0.27471877730941774
-0.27471877730941774
-0.27471877730941774
-0.27471877730941774
-0.27471877730941774
-0.27471877730941774
-0.27471877730941774
-0.27471877730941774
-0.27471877730941774
-0.2717087773094177
-0.27471877730941774
-0.2555327773094177
-0.27471877730941774
-0.2717087773094177
-0.27471877730941774
-0.2555327773094177
-0.27471877730941774
-0.27471877730941774
-0.30227177730941773
-0.30227177730941773
-0.30227177730941773
-0.30227177730941773
-0.30227177730941773
-0.30227177730941773
-0.30227177730941773
-0.30227177730941773
-0.30227177730941773
-0.30227177730941773
-0.30227177730941773
-0.30227177730941773
-0.30227177730941773
-0.2775207773094177
-0.2775207773094177
-0.30227177730941773
-0.30227177730941773
-0.30227177730941773
-0.30227177730941773
-0.30227177730941773
-0.30227177730941773
-0.30227177730941773
-0.30227177730941773
-0.4055327773094177
-0.30227177730941773
-0.30227177730941773
-0.30227177730941773
-0.30227177730941773
-0.30227177730941773
-0.30227177730941773
-0.29838977730941774
-0.29838977730941774
-0.29838977730941774
-0.3726377773094177
-0.29838977730941774
-0.29838977730941774
-0.29838977730941774
-0.29838977730941774
-0.29838977730941774
-0.29838977730941774
-0.29838977730941774
-0.29838977730941774
-0.29838977730941774
-0.29838977730941774
-0.29838977730941774
-0.29838977730941774
-0.29838977730941774
-0.29838977730941774
-0.2756307773094177
-0.29838977730941774
-0.29838977730941774
-0.2756307773094177
-0.29838977730941774
-0.29838977730941774
-0.29838977730941774
-0.29838977730941774
-0.29838977730941774
-0.29838977730941774
-0.29838977730941774
-0.29838977730941774
-0.1843787773094177
-0.1843787773094177
-0.1843787773094177
-0.15553277730941772
-0.1843787773094177
-0.1843787773094177
-0.1843787773094177
-0.1843787773094177
-0.1843787773094177
-0.1843787773094177
-0.1843787773094177
-0.1843787773094177
-0.15553277730941772
-0.1843787773094177
-0.1843787773094177
-0.1843787773094177
-0.1843787773094177
-0.1843787773094177
-0.1843787773094177
-0.1843787773094177
-0.1843787773094177
-0.1843787773094177
-0.1843787773094177
-0.1843787773094177
-0.1843787773094177
-0.1843787773094177
-0.1843787773094177
-0.1843787773094177
-0.1843787773094177
-0.28728977730941774
-0.022057777309417714
-0.022057777309417714
-0.022057777309417714
-0.022057777309417714
-0.022057777309417714
-0.022057777309417714
-0.022057777309417714
-0.022057777309417714
-0.28081822483825686
-0.022057777309417714
-0.022057777309417714
-0.022057777309417714
-0.022057777309417714
-0.022057777309417714
-0.022057777309417714
-0.022057777309417714
-0.022057777309417714
-0.022057777309417714
-0.022057777309417714
-0.022057777309417714
-0.022057777309417714
-0.022057777309417714
-0.022057777309417714
0.1216412226905823
-0.022057777309417714
-0.021760777309417723
-0.022057777309417714
-0.022057777309417714
0.1216412226905823
-0.021760777309417723
-0.03846977730941775
-0.030532777309417725
-0.030532777309417725
-0.03846977730941775
-0.03846977730941775
-0.03846977730941775
-0.03846977730941775
-0.03846977730941775
-0.03846977730941775
-0.03846977730941775
-0.03846977730941775
0.0331032226905823
0.0331032226905823
-0.03846977730941775
-0.03846977730941775
-0.03846977730941775
-0.03846977730941775
-0.03846977730941775
-0.03846977730941775
-0.03846977730941775
-0.03846977730941775
-0.03846977730941775
-0.03846977730941775
-0.03846977730941775
-0.03846977730941775
-0.03846977730941775
-0.03846977730941775
-0.05306015529251101
-0.03846977730941775
-0.03846977730941775
-0.1427777773094177
-0.16786695713043215
-0.1427777773094177
-0.1427777773094177
-0.1427777773094177
-0.1427777773094177
-0.1427777773094177
-0.1427777773094177
-0.1427777773094177
-0.1427777773094177
-0.1427777773094177
-0.1427777773094177
-0.1427777773094177
-0.1427777773094177
-0.1427777773094177
-0.10831077730941774
-0.1427777773094177
-0.1427777773094177
-0.1427777773094177
-0.1427777773094177
-0.1427777773094177
-0.10831077730941774
-0.1427777773094177
-0.1427777773094177
-0.1427777773094177
-0.1427777773094177
-0.1427777773094177
-0.1427777773094177
-0.1427777773094177
-0.1427777773094177
0.15574222269058224
0.16946722269058223
-0.5519709467887879
0.15574222269058224
0.15574222269058224
0.2649222226905823
0.15574222269058224
0.15574222269058224
0.15574222269058224
0.15574222269058224
0.15574222269058224
0.15574222269058224
0.15574222269058224
0.15574222269058224
0.2649222226905823
0.16946722269058223
0.15574222269058224
0.15574222269058224
0.15574222269058224
0.15574222269058224
0.15574222269058224
0.15574222269058224
0.15574222269058224
0.15574222269058224
0.15574222269058224
0.15574222269058224
-0.23828681010818487
0.15574222269058224
0.15574222269058224
0.15574222269058224
0.15574222269058224
0.3980382226905823
0.3980382226905823
0.3980382226905823
0.3980382226905823
0.3980382226905823
0.3980382226905823
0.3980382226905823
0.033513461608886685
0.3980382226905823
0.3980382226905823
0.3980382226905823
0.3980382226905823
0.3980382226905823
0.3980382226905823
0.3980382226905823
0.32661022269058226
0.5758472226905822
0.3980382226905823
0.3980382226905823
0.3980382226905823
0.3980382226905823
0.3980382226905823
0.3980382226905823
0.5758472226905822
0.3980382226905823
0.3980382226905823
0.3980382226905823
0.32661022269058226
0.3980382226905823
0.3980382226905823
0.29841422269058226
0.29841422269058226
0.29841422269058226
0.29841422269058226
0.29841422269058226
0.29841422269058226
0.43869822269058223
0.43869822269058223
0.29841422269058226
0.29841422269058226
0.4694672226905823
0.28525622269058226
0.29841422269058226
0.28525622269058226
0.29841422269058226
0.29841422269058226
0.29841422269058226
0.29841422269058226
0.29841422269058226
0.29841422269058226
0.29841422269058226
0.29841422269058226
0.29841422269058226
0.29841422269058226
0.29841422269058226
0.29841422269058226
0.043935222690582254
0.29841422269058226
0.29841422269058226
0.29841422269058226
0.29841422269058226
0.2097272226905823
0.2097272226905823
0.2097272226905823
0.2097272226905823
0.2097272226905823
0.2097272226905823
0.0921092226905823
0.2097272226905823
0.2097272226905823
0.2097272226905823
0.2097272226905823
0.2097272226905823
0.2097272226905823
0.2097272226905823
0.2097272226905823
-0.505710347946167
0.21946722269058228
0.2097272226905823
0.2097272226905823
0.2097272226905823
0.2097272226905823
0.2097272226905823
0.8730573654174805
0.2097272226905823
0.2097272226905823
0.2097272226905823
0.2097272226905823
0.2097272226905823
0.2097272226905823
0.2722842226905823
0.2722842226905823
0.21946722269058228
0.21946722269058228
0.9186408519744873
0.21946722269058228
0.21946722269058228
0.21946722269058228
-0.19719977730941773
0.3764442226905823
0.21946722269058228
0.21946722269058228
0.3764442226905823
0.21946722269058228
0.22456922269058233
0.21946722269058228
0.21946722269058228
0.21946722269058228
0.21946722269058228
0.22456922269058233
0.21946722269058228
0.21946722269058228
0.21946722269058228
0.21946722269058228
0.21946722269058228
0.21946722269058228
0.11462822269058226
0.21946722269058228
0.21946722269058228
0.21946722269058228
0.21946722269058228
0.21946722269058228
0.21946722269058228
0.21946722269058228
0.21946722269058228
-0.3487147773094177
-0.3487147773094177
-0.3487147773094177
-0.3487147773094177
-0.3487147773094177
-0.3487147773094177
-0.3487147773094177
-0.3875370773010254
-0.3487147773094177
-0.3487147773094177
-0.3487147773094177
-0.3487147773094177
-0.3487147773094177
-0.3487147773094177
-0.3487147773094177
-0.3487147773094177
-0.3487147773094177
-0.3487147773094177
-0.3487147773094177
-0.3487147773094177
-0.3487147773094177
-0.3487147773094177
-0.3487147773094177
-0.3487147773094177
-0.2997637773094177
-0.3305327773094177
-0.3487147773094177
-0.3487147773094177
-0.3305327773094177
-0.2997637773094177
-0.11589877730941772
0.05567422269058231
-0.09463577730941775
-0.11589877730941772
-0.09463577730941775
-0.11589877730941772
-0.11589877730941772
-0.11589877730941772
-0.11589877730941772
-0.11589877730941772
0.05567422269058231
-0.11589877730941772
-0.11589877730941772
-0.11589877730941772
-0.11589877730941772
-0.11589877730941772
-0.11589877730941772
-0.11589877730941772
-0.11589877730941772
-0.11589877730941772
-0.11589877730941772
-0.11589877730941772
-0.11589877730941772
-0.11589877730941772
-0.11589877730941772
-0.11589877730941772
-0.11589877730941772
-0.11589877730941772
-0.38235002780151367
-0.11589877730941772
-0.2157177773094177
-0.2157177773094177
-0.2157177773094177
-0.2157177773094177
-0.2157177773094177
-0.2157177773094177
-0.2157177773094177
-0.2157177773094177
-0.3638657773094177
-0.2157177773094177
-0.2157177773094177
-0.2157177773094177
-0.2157177773094177
-0.2157177773094177
-0.2157177773094177
-0.2157177773094177
-0.2157177773094177
-0.2157177773094177
-0.2157177773094177
-0.2157177773094177
-0.2157177773094177
-0.09625711634826661
-0.2157177773094177
-0.08316477730941774
-0.2157177773094177
-0.19719977730941773
-0.2157177773094177
-0.2157177773094177
-0.2157177773094177
-0.19719977730941773
0.2819672226905823
0.2819672226905823
0.2819672226905823
0.3764442226905823
0.2819672226905823
0.2819672226905823
0.3764442226905823
0.2819672226905823
0.31729322269058224
0.2819672226905823
0.2819672226905823
0.2819672226905823
0.31729322269058224
0.2819672226905823
0.2819672226905823
0.2819672226905823
-0.14817977730941773
0.2819672226905823
0.2819672226905823
0.2819672226905823
0.2819672226905823
0.2819672226905823
0.2819672226905823
0.2819672226905823
0.2819672226905823
0.2819672226905823
0.2819672226905823
0.2819672226905823
0.2819672226905823
0.2819672226905823
-0.2097777773094177
-0.2097777773094177
-0.2097777773094177
-0.2097777773094177
-0.2097777773094177
-0.2097777773094177
-0.2097777773094177
-0.41809953839111325
-0.2097777773094177
-0.2097777773094177
-0.2097777773094177
-0.2097777773094177
-0.2097777773094177
-0.2097777773094177
-0.2097777773094177
-0.2097777773094177
-0.2097777773094177
-0.16096777730941775
-0.2097777773094177
-0.2097777773094177
-0.2097777773094177
-0.2097777773094177
-0.2097777773094177
-0.2097777773094177
-0.2097777773094177
-0.2097777773094177
-0.2097777773094177
-0.2097777773094177
-0.16096777730941775
-0.2097777773094177
0.3021888732910156
-0.19010677730941772
-0.1668967773094177
-0.19010677730941772
-0.19010677730941772
-0.19010677730941772
-0.19010677730941772
-0.19010677730941772
-0.19010677730941772
-0.1668967773094177
-0.19010677730941772
-0.19010677730941772
-0.19010677730941772
-0.19010677730941772
-0.19010677730941772
-0.19010677730941772
-0.19010677730941772
-0.19010677730941772
-0.19010677730941772
-0.19010677730941772
-0.19010677730941772
-0.19010677730941772
-0.19010677730941772
-0.19010677730941772
-0.19010677730941772
-0.19010677730941772
-0.19010677730941772
-0.19010677730941772
-0.19010677730941772
-0.19010677730941772
-0.5288070869445801
-0.2157177773094177
-0.2157177773094177
-0.2157177773094177
-0.2157177773094177
-0.2157177773094177
-0.2157177773094177
-0.2157177773094177
-0.2157177773094177
-0.2157177773094177
-0.31755363941192627
-0.2157177773094177
-0.2157177773094177
-0.2157177773094177
-0.2157177773094177
-0.2157177773094177
-0.2157177773094177
-0.2157177773094177
-0.2157177773094177
-0.2157177773094177
-0.2157177773094177
-0.2157177773094177
-0.2157177773094177
-0.1688307773094177
-0.2157177773094177
-0.1688307773094177
-0.2157177773094177
-0.2157177773094177
-0.2157177773094177
-0.2157177773094177
-0.2157177773094177
-0.25633877730941773
-0.25633877730941773
-0.25633877730941773
-0.25633877730941773
-0.25633877730941773
-0.2518437773094177
-0.1905327773094177
