-4.0383053707458885
-1.4553548846331812
10.613437023666501
-5.291239088660644
-4.69350756601904
1.7275020192721025
-2.091014682330347
-0.009647145342270846
6.3891040196730895
-1.191601933713046
-0.6309601054380933
-3.7200842083302796
-2.0239146005588786
-1.4839125893843312
-0.10771724796306925
-1.2298082286018028
-3.248253784167776
-0.3964880227074773
-0.31979655682545505
0.801747482226079
5.041678268172165
-0.7027432175418431
-2.4675823854524666
1.3996619271131743
-5.101942981518787
3.7309551262944582
-0.9987063159475402
-0.4030433942005208
-3.980442332710803
-3.918479863165187
-0.6538940535158784
-1.5939677163043557
1.0980982776488561
3.5881907783882903
0.40376453371856325
-0.40684190316116897
-2.9495487832267333
-2.5236162610341424
-0.013335061814049864
0.4411648256182681
1.8774140616237518
2.8253819370652433
6.927452910773007
-4.046417748328123
0.4106174279347773
-0.3440984794478248
2.133081671520685
-2.900781223779388
4.2664972558496395
-0.5472078573291714
1.2827022418296146
-1.8084294090380633
0.9963754262471356
1.583785718442644
-0.7687196215502372
-1.7289003178019038
0.19877014556322425
-1.72888652797787
0.2061671768467322
0.059954228795989994
0.5409281252249662
-0.11720606319120153
3.382285973867149
2.41398577924713
-1.5900622717653399
0.3352481150340849
2.646236903157765
-2.119541404460838
0.6636482333178175
-1.3539178041952094
-2.7543395111336664
-1.4921401968211734
-2.9744829309416345
2.0691995515460047
-1.459949376286187
0.17118148339778635
0.717828359780881
-0.05168382576296318
-0.5527102184169261
-1.3261268675392173
1.3726508891025886
-2.322692647319976
-1.3074172617796789
2.6174541783248015
-3.743932177831311
-4.448929213668423
-2.9406410766766107
-0.13706119280492168
1.924106336042494
-3.450572694707581
0.020002327938690057
-3.8039111039271556
-1.6122112627144995
-2.096438284664379
-0.7918261902004962
-1.4391219431064863
-0.35007953776425915
-4.369909222844855
-0.8806416697396986
-2.030637434703797
-3.288803521742678
3.506730699081582
3.0108710784899584
-1.7002455812900859
1.8394215925041368
-2.4159903840625514
-0.2913680660951238
0.4107848819323964
-5.172496153549431
-4.175277191102889
-4.9893426067903235
-2.06699796524501
1.6500808126664543
-4.220411957649196
0.06902634676818153
-2.2824589998871403
-2.5870058111680914
-0.8440690760292097
-2.4616858337856176
-3.212105736343868
-1.2863933290812324
1.3653136906867844
-1.5916397874223864
-3.71776671260294
0.31469938290475863
-0.831452412476777
-0.16274165809109475
-4.417529462162385
-1.9420245669372018
-1.518337621909168
0.8913603903321078
-1.7955244046246008
4.840320928400096
-1.0378008047174805
0.3665155558086266
2.249270895251506
4.4592683971849185
6.110117336518613
0.8390888038172832
1.6232023542595209
2.4607234606241963
6.747837671230593
-0.39284735695670925
-2.36364906715215
-6.0404351426289
-1.9811774851795165
1.9252632048511777
-3.5524020950609274
1.6215554996265575
-0.17533153722463982
-0.18446320848196462
-3.7142584186271606
1.4558290262278075
1.641013419743503
0.10984905978197634
2.067491051526575
-2.0309649573206423
3.5148421800263883
3.6568922550518868
1.5928667450962806
0.21951078524583978
-4.886356879980555
-2.253470504864292
-0.4407104574331917
2.820879041589863
-2.6664336144455145
16.775746122973587
17.921103779813933
7.173236042667688
0.5053833902978222
-0.7648264240628926
-0.9983710653299704
-1.1301566445025424
0.46987044972487285
1.2758867488421755
-1.5115846446490355
1.611807060840582
1.372326910518343
0.8801211498102485
-0.11475867668417261
0.6665562315353193
2.8139237991056065
3.025719993761217
6.3484625429098855
-1.7339458729738206
4.5415939203784585
1.4039324266472675
-1.0286221618244111
1.0275191208259224
-4.24006628842057
1.7245886543769355
-0.31824989856403674
-0.023151882335444185
2.3510622479112384
6.571403430111264
0.0854463977430977
-1.8986628922461433
-0.9489515003072047
-4.877903514835797
1.110901627992832
-0.2181661821770906
-0.24117858007410686
-3.0575629699469395
-2.420489411092579
-2.219831024362015
2.800202524852354
-0.5625441192869574
0.9385826999976159
0.08324293827360707
1.378443583273109
-2.450696483910913
-0.6618662827876907
-0.8818692563710058
1.7530187923635443
21.65844765352674
0.2487436936678632
-0.8921961337164853
-1.6254603224997828
-4.579972720613938
0.240883997940321
1.6826328267753663
0.39970440173673416
1.1470809531148776
-0.8406892486888831
4.4683051395202344
1.0945068284385104
0.16100668411922991
-1.3163385915725532
1.1914928434385044
0.4355829871492253
2.9303754717663217
0.9727588982058375
1.07695914316274
-0.939908102308328
2.3669498440625714
-1.9710796817625296
-3.6076906072208366
4.025780013349651
-1.7245399075194223
-1.2678576199428306
0.6793857761518521
0.9075821324003978
-0.5068418238406461
0.29834506042677844
0.3596883486402347
3.6971239832230762
-3.351680298169886
-2.7291789639558286
1.2523094426450756
2.4229849487302095
-1.4239445506363424
1.1330530475149279
-0.4598933753911396
0.01896970842714274
-2.182500231673098
-1.2892526123683048
0.903063402076269
1.7482850513848938
3.001380610943807
-2.40127268604326
1.3830446250166022
0.23798586564637492
0.426225284526738
-0.5507637970385048
3.369559409757526
0.024949245082531935
-0.4298887529449895
-0.5139720967926542
0.19430923358672125
1.967144415530238
-1.833971420218648
6.003566531687904
-4.941842156628535
-1.4946276331014472
1.0442082742883028
0.09429263420341472
-1.5664761999632482
0.05134507102898955
3.943119616880803
-4.6702183477286745
-0.0954961136818877
-3.021331148076903
0.46091827820524245
-4.059438626725569
-1.5302582573648702
-1.2752389932094659
1.370474054302318
-3.6087155090394556
-1.8413813423953904
-3.566152721443875
0.850197155256444
0.11231467140970824
-5.1737956664378455
1.60985675433851
-0.6420535735996361
-2.2858751038295715
0.7997912644963363
-1.554114537479033
0.5399414427797945
-1.5063291337665472
2.686677481475357
-3.8155215846689003
-0.35218893222724146
0.5026157904592751
-2.479590610980809
-0.10896849747238213
1.922779068611067
3.5045400080630142
2.7128001778685555
2.67430395356816
-0.5467820619540762
-3.09480074864351
2.0420444065303207
1.2088308933719087
0.4815181747702205
-0.16280354868089897
-0.7392962546328212
-0.07458853529930431
-0.6983768870693015
-0.5189680520891585
0.7688734173881983
1.323139553484766
1.5946180281740632
1.5458561716525965
1.606256637974265
2.328845623789476
1.503624198796086
-3.6459647671206636
2.5827627737108463
-0.8833740774584622
-0.4709773406507147
3.601268871384294
-0.5257987959253163
3.5906171576151302
4.992283498862095
-2.3532596416454994
2.786201895169144
-1.6764400802796953
0.3963910498010148
-1.818508499031318
0.17462186949353953
4.625606021832807
2.6187257305354272
1.8922266513113102
0.2660593807328392
0.9283434233435475
16.439060643166258
1.3424116689648766
0.4552076184689646
-1.3967520459274572
0.9458868944810163
1.8627618060969402
-4.031331640335285
1.2649753340318648
1.2439664330590996
0.9682163379497524
3.7985113831406037
0.010655092016907397
0.014192422998623333
2.3672127713380275
-1.5338916163087815
2.6640737650889035
-2.2879406150962875
-1.043039291745122
-0.6479519690039726
-1.266473278580889
-0.12699573401175257
0.3024873368839416
1.2351258079916971
1.544537902409338
-0.1678446852248361
3.0941601576865367
-0.7648580362662853
0.19668830798162518
-0.4320971771496127
-1.3666760100910715
-2.2644036621824766
2.775478641091934
0.10718308251331155
3.820735152318563
13.243610885559022
-1.6425574047115648
6.416106555555384
3.1559615629611746
-1.2425791506312804
3.1565542805784106
3.078148091572081
2.624841167166034
-1.794497647550486
-1.1734132612285932
0.7288301101887367
-0.7346450674783007
1.4153738418163018
2.7385830435511904
-0.04750990062549998
0.9403095798443587
3.3675438044997765
-3.4423470071302553
-4.162632607833814
-2.78782436344189
0.9311467652652912
2.0190579430063997
-1.9405085565717441
-0.07738143088467231
4.39175100450602
-0.07567561218063545
-1.04116486234307
-0.8685994622550274
0.561226225508349
1.770722527973808
3.1144843292688575
-1.2612521650245778
1.0721617813296684
-0.5869473050046033
-4.172406915070333
-0.7676980379725622
-1.6704468009404287
0.20653811945812284
6.475017846756296
-4.278119788473013
7.716987941444974
-0.7192510545780195
3.532103858279384
-1.0548848051545985
-0.5210095530671254
-1.4589389829559647
-2.644825632638189
5.4343355627660195
0.8694323293851283
-1.2290146010062033
-0.07335726184013941
1.8664528743980635
-2.88294857675071
-1.6960503682873393
2.0478477706734104
-1.8472892654765065
-2.874208464155628
-1.157308928830544
-2.8689564360729403
-1.4016895679078971
-0.4197914312609241
1.1875235689968904
-1.0563487043369808
-1.6699823035493873
-3.1034569408333796
-1.027067293668546
-2.2312482945518104
0.9008620530549816
1.3180996638032088
-0.09581446360269386
1.8901925865270077
-2.053212528094857
-1.3020915039459955
1.0849862163761665
-1.755094000449633
-5.2454989500061995
-0.008505476215334484
3.5879844087914643
-1.4614667117736937
-0.6882281403147797
0.2938297029772433
1.4580392793324846
0.12908014996884398
-1.1760689385916256
0.22957344149158798
-5.902080214646492
6.692222519117143
1.3401593850901492
3.7356324504347485
-1.6069391595780642
3.163089205183566
0.05663357139107528
-0.49818039883842236
0.9647674545098035
-4.185345272242382
-2.6194929121508332
-3.302519933898643
1.3279860792915212
2.2982465049487812
1.6287721166523266
1.0495160377135235
0.5067985376632498
0.7262530013831257
-0.2926757428611605
-2.999425940817397
4.4003942110285434
-4.368102997646422
-2.3913910867707973
-1.1318663695219902
-1.6917861087703008
0.9493667121283365
-0.4808522352807952
-3.142209983095743
-3.3914422064959884
-6.498931078654355
-0.5058430936956232
0.5571316852478172
3.75358724034195
1.213240447926668
-0.6642439826689608
-1.6329915547344123
-0.8559735855598963
-3.2339283016495317
-0.40680064813585387
-0.16863512709197997
0.6445801330649377
2.534476890153938
2.7194723140798107
1.3187809385523388
-2.065273214885835
-2.847349295216406
-3.8199406014849067
1.8740300230650138
3.1762260209876256
0.4239296704960351
-0.6977928902694361
-1.3768843162622737
-2.532182389858402
-0.9259170325770634
-3.99332957113638
-0.6097910768308734
0.842473734337436
2.4580913882484032
0.7917679580957708
-1.5872388077589794
1.0412398208800606
-2.2982342953996353
-3.2985271021366565
4.780929098895854
-2.0203459365756595
4.507537717502348
-1.0474631749501868
-2.7792507163277422
0.5355939512515944
2.36356011014206
0.9033355483300789
-0.4443462020736685
-0.6113486737059272
-0.567911446912572
-0.09687982052439725
-0.9436720265385449
1.5473166804783514
-0.4856245273848818
-4.188002702741635
