-0.12019431235587619
-0.3721824431628369
12.31217597948274
-0.3633998386049816
0.3685392145627836
-0.7362159954445291
0.4190731620378423
0.5881091972351067
9.046907525268761
0.7500070942409692
0.6097568303117658
0.08930515921709836
-2.293107471605931
0.23848526724195285
0.7941180456049084
-1.9403376937727281
-0.19560691492084437
-0.24041206627772232
1.6767172589212485
0.08270164503541311
-3.094323215363705
1.6801128483423131
1.7478579437377437
0.45911298932962497
0.631726138763955
0.6835541866082211
-2.1318101900581676
1.6976267897261335
0.6330013083608188
-1.2697074881867487
-0.518496776811679
1.2598043286608354
-4.370276649074262
1.958041839838728
-0.7712837742782135
-0.43202020470131974
0.372726893085654
0.8123773207356553
0.6852961289747762
-0.01055617843554027
-1.3761953634642041
-2.2203256949805237
2.5244844229507706
1.7011137612864042
0.5166547670438584
-2.915126586266216
-2.0717056645275713
0.005234602257863763
-1.2702397235609308
-0.8016167379478923
-1.8448189343751884
0.6165889710000416
-0.47362243674456406
-0.8062335563967469
0.39942562763201905
-2.449716541679318
-0.4481981395451127
-0.40367034231669346
-1.411601182516365
-0.7528011095814975
-0.4432198829819436
0.25712149344566115
-0.8152853040162199
1.6083581711493469
0.5802907844501842
2.4510834432298356
-1.9908911859030352
-0.3975200300024153
-0.21451275433701145
-0.7595635292084775
-1.2287315445962592
-2.592576180571829
-0.9169433689252118
0.9446061463261366
0.17513644627024177
0.08143957536246113
-0.7881147050093498
0.21639712437556777
0.1139888286359898
-0.23513090588775498
-1.0552583454221807
0.46653966114630935
0.12717140679145633
-1.5570486212720223
-0.0091087301719317
0.13584183385973503
-0.35582282538811894
0.36820199973370427
0.05321368624816618
-1.7564509263504688
-1.5950048911220018
-1.3431744519242863
0.36615256661291373
0.265380865728303
0.9336858196585915
1.5686637475272
-1.0018058140941317
-3.4045555974230832
-2.0975277653013866
0.6615622891564373
0.9096578043762715
1.1444308742226827
-0.7760712049984513
1.2182014788641788
0.25078668606125265
0.22386346270752422
1.2739778689348835
-0.34755649887323037
1.4169372023435927
-1.6892846761083558
-0.3161096906692413
-1.6187715288579547
1.6022735704057287
1.3198044617443803
0.9589562831949499
-1.9092166337339176
-1.9974530545301343
0.9385173870378778
0.17716806882125335
0.35832081047498326
-0.05163604499105334
-0.7201475889119298
-3.0906833401445133
0.6827112422169577
-0.7767039116001363
-1.0781517552815403
-0.48309820237658907
-4.04186624159377
1.1921197804185204
2.5819705957411667
-1.444485539479217
2.195231226448896
0.727362923202554
-2.9408786669850464
-0.165697162345966
3.0466730199445315
7.221461325331215
6.873835978095544
3.6517531967559727
1.158568208690852
-1.9789426662273204
6.837108189109853
-1.4059455378383279
-0.1295504317759164
-0.10591638287592064
0.09572552674557744
1.7917179412468571
0.5979755915260999
-0.18995449961543912
2.149145733174003
0.4089457796403968
0.3968581354649636
1.783718632897465
-0.31524834703489524
1.9232785511320585
0.026389631834106364
3.369374638163463
-0.1961677640759394
2.676025541304985
2.6926876783345817
-0.22260129031166553
-0.95514197361327
0.9072032605199651
1.2284528790536842
0.7902892950156813
-1.5719231698331035
10.701701706195234
9.431128808976077
10.707869425375463
-3.1923481838595302
-0.1059670469404046
1.581487748827718
-0.212105121735767
2.5148576781162735
2.160704673475862
-0.8101193541110879
-0.5121331208089364
-3.358624939646499
-1.5366792313668645
2.399234464467917
1.2174056636357076
-1.9872093301565843
0.3248500751320037
1.2458708050250271
-2.191674690626123
-1.8999004593705986
-0.7038925950076461
-2.5727367433052497
-1.599603109945101
0.272981826635737
0.145855870598386
-1.2423035494486319
-0.41985039305869243
0.9041499852503694
8.714747162923153
-0.2686098986909119
-1.03111755365259
0.9134421992301416
-1.418575325705084
3.877672695278539
-1.4651700356162287
-0.07360796056690821
-0.5001384394672694
2.455053794420439
-0.17516050319641585
0.4823449915064021
0.469420986818625
0.5643825814949096
-1.6616786245200195
-2.0437373617084718
-0.6752311148021585
0.5738129868124581
1.5440708810794375
2.433919724489459
5.840571879998455
-0.9161100460281972
0.8322910196166178
-2.1679950817952336
1.3466728445222873
0.04423792199099008
-0.8994044894343225
0.4329908104938458
-0.8584571089158806
1.9170203995283952
3.2902897175637364
-0.02448885171370163
2.0723353751347644
-3.3156006997295187
-3.5357329426976936
1.1962399334955114
-0.6646343079729427
-1.4343535804318357
0.13453445419035825
-1.8149268995298637
-0.2975809158355097
-1.9427892444005939
-2.105738908368804
-1.2122967771981408
1.0034181070205812
-0.38583294027507664
-0.8496730072830069
0.4325857716425554
0.5232833404607078
-0.09195286464175068
1.3285057414148427
0.9505599657145956
-0.7759551870263416
-1.5762584352003213
1.031071825651182
-1.3700579679781095
1.3700236510625392
-0.2178518800829088
-0.5574675455069565
1.317974957914433
-0.019826770722181364
2.948596765124577
0.5606123882338601
-0.927378276411316
-0.402426356626732
-0.8954688785940994
-0.143038494453663
-0.07940105208895248
-0.696054714830902
-3.1544564960355808
-0.6721083320136888
1.7574299591945897
3.0301652568385498
-2.0898496485876206
-0.5563763211281997
0.8061824336545098
0.6122142837838169
-0.45173636487466406
-1.0085440985456233
1.2255062771302236
-0.9052563465154719
-0.67890582729503
-1.2096208388869556
0.8805170584586104
-0.6834771339631323
0.7619031925440374
-0.7365583123034715
-1.7994713143192405
1.2601599531779488
-1.1272705238790288
-1.9073703839282898
0.07793476474995065
3.0227329113662518
0.8141495558223916
-1.688436891062501
-0.04258833435423515
1.2587926304074126
-1.4509151732177867
1.2129507131962616
1.23570714946317
-0.09774080015919251
-0.9486906962447885
1.3154718824257805
-0.10735771626298396
0.8796049931443966
1.0528142733247128
1.3901270275706659
-0.8748434827238984
-2.411754253263131
-3.0412015240889088
0.33188604838743274
0.7395027301705711
0.45997639498944914
0.7972772401654528
0.183912631506988
-0.3009628991297971
0.797332857244041
1.2697876418999376
2.7226294575309455
1.6522045353752057
-1.6850036734945761
-1.8641648042295635
0.04402939853276022
-0.08518312428831809
-1.4356648008869954
1.1745979452370288
-0.5450150250276585
1.6149045274064597
-5.346573267776632
-0.47115815622996093
-0.7713669827129477
3.2581373246517287
-2.837338136545017
1.5146668485012285
0.8983831975025137
0.5657453894653283
-0.4688695853435425
-1.0735064397982925
0.33864741397866827
-0.5013324779119877
-1.9448199649420317
-0.820659058826179
-0.05923323928614149
-1.4462709900644408
-0.6183495771796432
-0.9237691831101303
2.8036865652212364
3.697232275449812
1.5656469436431153
1.0491725814139894
-1.300462386000885
1.3613297627917116
6.843905167837637
1.5298649513151297
4.211354133342786
-0.07030653612158688
-0.208512630191098
-1.5908685759548162
-0.2466459980379715
-1.8124600718061723
-0.9277340622161157
0.2213660744174969
1.3698168306967573
-1.3744131991565482
-2.05337874789542
-0.2777624083017477
0.2091598409287403
-0.4259221192612796
-2.2865479873356325
-1.5640223578903796
0.6000207156756836
0.4075123748417695
-1.5422013731302397
-3.1405407795678806
-0.3243955770917757
0.44353384919519023
-2.9965324674419684
0.7181111199927717
-0.2031246002078969
-0.900297260782011
1.8418560991084374
-1.5673091059516615
-1.5652519856749696
0.7136507592690011
-0.3205635233108892
2.4285794562610663
4.30157440222319
0.21520759443062365
1.1932121723801976
-0.26458392651497054
-2.923983230175727
0.9418751733631153
0.71528091127165
-0.4444349773642514
1.2504431025524645
0.012681409914815367
0.11882381074447168
-1.9066081638632628
-0.10590040015162039
0.29196331835510025
0.09412220296865881
-0.09872151769395415
0.3701439213643316
-1.3278479605229747
-2.1248168549982007
1.6693110424005009
-2.020073208656388
0.09089858594009081
-2.261701965424442
0.16457101900731141
0.4688733260441079
-1.1714040284063256
-0.7507636911305584
-1.4494524130054338
0.8117308092609247
-0.09641545557733405
1.3791201894238079
0.7328242914968252
0.4793924812771503
-3.9657171058476193
1.544948293411438
2.385509067948594
-4.7728865174813455
0.042508399292409016
1.3710998709022326
-0.14458925711531312
-1.492857645357466
-0.1847765791469308
-0.2524179602791546
-1.4610420499223213
-1.3162663764155638
-0.3507594425451044
-1.9543104680028494
0.8204978877893426
0.6845486592576348
0.4499453905491283
-0.809991226285642
-0.9275935046772597
-0.21414880143780435
1.0969063910396981
0.44018051780956624
-1.2541910362873971
-0.18118844023008068
0.03042886774696156
-3.392095364422827
0.6060542506211749
-0.45893012003243694
0.43861864048338906
1.268362482495395
-1.2671943585976067
-2.807116686428689
-1.6573593645024132
-1.4863583306355381
0.6550972935601166
-3.1542897801862937
-0.7710189961082387
-1.7934631777254553
0.30483616378431544
-3.1716462696153513
0.5238334763290429
-1.5967496234617369
1.6125645720638584
-1.77888487792189
0.6863590027981094
-3.1275207935442406
-1.4918052897780694
-1.5410258134859163
-0.947361755228249
-1.9870147662869657
0.5966132388859938
-1.390699399549531
-1.2533292076811353
1.4065668727599785
-1.031060376255247
2.1423993647461987
-0.2484300466203211
0.11314073370468036
0.11740242398357137
1.0463097842020779
0.18472976791304652
-0.5841022713347311
-1.3236699899662012
0.21855076693247555
-1.6134059547627437
-0.17860565327379163
-0.6340967033487808
0.44089422180399584
1.8725297904495841
-1.561799670603663
-0.3330321006954875
-1.173966290635887
0.44637822308236175
-1.8782195231610315
-0.36352572568383607
-1.8247755058077733
-1.2809279690583542
-2.9506142170409997
-2.177691888580611
1.2793052277737953
1.2754716508188177
-2.5336730535119782
0.10348320556276436
-0.302658529970242
-0.7300610940287942
-1.3716892655819477
0.5287776675882744
-0.6658898655747331
0.0689300191437166
-1.7343915845628362
0.0385594740486519
-2.0659094022430566
-1.606024647282271
-0.09472096827966925
-0.5518763533809846
-1.555969224120769
1.2386123110423433
1.4497087498531753
-0.15014977940208996
-1.4960990313972424
-1.2747766335763544
1.1344588824891426
0.6997054570792776
-1.5480148185668685
0.45056217056007725
1.2557141000307273
-0.9667825410649762
-0.6458496869572898
0.9007613803856694
-0.3894839946279697
0.180337270992166
-0.6846526606591811
0.9956640828167324
-0.16533401392996439
-2.239441092431476
0.6794833662444663
1.075826433776279
0.1286085930131693
1.4103183890636606
-0.9735099150112201
1.9915341003191651
-0.022191765522490137
-0.8423645077906685
-1.9402107705356628
0.552084187315182
-1.961951028988946
-0.46682390945800833
0.08654476014068696
-1.1094542982994113
-0.40557599233326636
0.2184301778185308
