0.27772557735443115
0.224610090719223
11.58610486984253
0.3028554320335388
-0.04756879806518555
0.41299551725387573
0.07616371826171875
0.29845714569091797
6.672148883342743
0.2116551399230957
0.2116551399230957
0.20440162772369386
-0.3000316916351319
-0.14516813457012176
0.9701928306579588
0.2986583590507508
0.9297491574001313
0.3362067639827728
1.2325226718616487
-0.296940699760437
0.1877044439315796
1.6808787882328033
0.4432912610969544
0.9605529809427262
0.48809146881103516
0.38794052600860596
-0.3399268222503662
-0.18686723709106445
0.045425043205261195
0.037983328104019165
0.6800075769424438
0.06624939900588989
-0.2824224261054993
0.20548677444458008
0.2345653772354126
0.7736585140228271
0.09842508626174928
0.4856718426513671
-0.3197941780090332
0.7385130649375915
0.21618413925170898
0.44442877714157114
4.392209803504944
0.9724858294677734
0.2130680238647461
-0.31739285588264465
0.38728922806930544
-0.31739285588264465
0.46582753658294695
-0.2304417049331665
0.3201150722484588
-0.2304417049331665
0.7851468920707703
0.2854076467952728
-0.11404609680175781
0.10037529468536377
1.3876347297859193
-0.18009029260253906
-0.21716200113296508
-0.18338358402252197
0.09880513827323911
0.09880513827323911
0.9378502368927002
-0.36983715015792845
-0.369837269367218
0.442343422252655
0.3859411390590668
-0.3016421283073425
-0.181004656905365
-0.181004656905365
-0.44048278010559083
-0.44048278010559083
0.31086623668670654
0.4896964311599732
0.3739976887569427
-0.1286113223209381
-0.18935707165145874
-0.1286113223209381
-0.5665146160125732
-0.5665146160125732
-0.567531406879425
0.5778959929943085
0.1434253454208374
0.20638790773010252
0.20638790773010252
0.21055122966003414
0.21055122966003414
0.5419374108314514
0.4270743131637573
-0.013832789651775354
-0.27662229537963867
-0.013832789651775354
-0.27678826017761227
0.9593428601837157
0.9593428601837157
1.0386525988578796
0.5319201350212097
0.5381211792097091
0.5381211792097091
-0.20989997708129882
1.7804774641990662
1.7804774641990662
1.1238449567985536
1.1238449567985536
0.31114796996116634
1.9910237789154053
0.03849598819446565
0.03849598819446565
-0.04832323193550109
-0.21958530789184572
-0.21958530789184572
0.7847709709835053
0.7847709709835053
0.7059933841228485
0.2916095698432922
0.46198535805511476
0.46198535805511476
-0.022035180311202995
-0.022035180311202995
-0.2676895677322388
0.22482155209350585
-0.0497176057319641
-0.0959676672592163
-0.20625869035720823
0.13188771061229707
0.13188771061229707
0.33126114308834076
0.5415215373039246
0.5415217161178589
0.06385697478485108
0.1083540081977844
0.06385697478485108
4.120047330856323
-0.067115291721344
-0.067115291721344
3.9963338375091553
5.996333837509155
5.996333837509155
1.9963338375091553
0.10344624922180179
0.10344624922180179
8.293217897415161
0.8636653055763244
-0.10397903323173524
-0.10397903323173524
0.6853431111145019
0.6853431111145019
0.009481512010097504
-0.20630664475631713
-0.20630664475631713
0.4602813124656677
0.7179862252616882
0.7179862252616882
0.8744743547630309
0.8744743547630309
1.4846579432487488
1.180039917869568
2.202773424320221
2.202773513727188
1.4846580624580383
-0.2166185975074768
-0.2166185975074768
0.6903924667167665
0.6903924667167665
1.2742510759162904
0.18315428495407104
15.201067209243774
15.201067209243774
9.9324289560318
1.9363436102867126
1.9363436102867126
0.1547713279724121
1.4871752858161926
-0.009541825155258199
-0.009541825155258199
0.04364132881164551
0.04364132881164551
0.04364132881164551
0.04364132881164551
0.04364132881164551
0.04364132881164551
0.04364132881164551
2.037020444869995
2.037020444869995
-0.1013499456253052
1.503859519958496
-0.10316729124450685
-0.10316729124450685
0.19985924959182744
0.015624299104690542
0.01562432890701293
0.8572824918556214
1.0522942208957673
1.0522942208957673
7.645380020141602
0.36114340293884273
0.36114340293884273
1.804049281463623
-0.0528867244720459
4.5544193983078
-0.45426549071502687
0.17483176236915587
0.17483176236915587
-0.11864888714408872
0.1754270581436157
0.3812342710475921
0.35673174308395383
0.35673174308395383
0.0037469863891601562
1.8015033602714539
0.4729596530838013
0.873388135986328
1.7255035400390626
1.7255035400390626
20.134888410568237
-0.12232568813705447
0.0014601588249206765
-0.019441843032836914
0.7267309427261353
0.9316178369522095
0.528841644525528
0.40504980087280273
1.1489850878715515
1.1489850878715515
2.307904489097595
2.307904489097595
1.6092637829113006
0.013378500938415527
-0.17146026119232172
-0.17146026119232172
-0.17146026119232172
-0.17146026119232172
-0.17146026119232172
-0.17146026119232172
-0.17146026119232172
-0.00832056999206543
0.20802055104827877
0.4296844005584717
-0.19908887147903442
1.7033075842809677
-0.23432289009857177
0.4643103122711181
0.4784514983935356
0.1934022307395935
0.29981756996154796
1.0886235237121582
-0.28707132339477537
-0.043514380989074675
-0.043514380989074675
0.26228012198638917
0.29656195640563965
0.6055018901824951
0.6964977139663697
0.1952802476406097
0.12114817500114439
1.2110660076141357
-0.04034951041412349
-0.09789343124198913
0.4181394577026367
-0.17715321924591065
-0.17715321924591065
-0.1569274663925171
-0.1569274663925171
0.35789291614723207
0.7156804651021957
1.3475042581558228
1.0904663801193237
0.1902221441268921
0.28052226876831055
2.7741914987564087
-0.10126315111351014
0.9041292071342468
-0.25431764125823975
-0.19115277691268917
0.2914005517959595
0.2246712803840637
-0.1356896877288818
0.6385812741661072
0.3815577030181885
0.41825801134109497
0.3593059778213501
0.053323224264144875
-0.20092363709640504
-0.3137319087982178
0.04580076932907107
0.8451374417114257
-0.05799996852874756
-0.6930597508506775
0.46907901763916016
-0.2599990963935852
0.24497087322998046
-0.32429950008773806
0.14665579795837402
0.25855462199020385
-0.6014756917953491
1.334424414293766
1.633627498703003
-0.06046724319458008
0.4961008465576171
0.6334939137101173
1.3174895534348487
-0.059674859046936035
0.3007245190124511
0.11832081675529482
-0.36857903003692627
-0.36857903003692627
0.1520965092124939
1.3860539197921753
4.8366920948028564
3.4514141136837004
-0.1149066686630249
-0.1149066686630249
0.24956613779067993
0.456803560256958
0.456803560256958
0.8244181767845153
-0.4586242437362671
-0.10360304117202757
-0.45862436294555664
-0.1044010078353882
-0.1044010078353882
0.4297716645011902
2.823512375354767
0.39501112699508667
0.0344882607460022
2.098064661026001
2.02616810798645
1.569554892845154
1.569554892845154
1.569554892845154
1.569554892845154
1.569554892845154
1.569554892845154
1.569554892845154
0.21238083910751338
-0.2159980833530426
-0.41516023108673095
0.06472036838531492
-0.012338936792373634
2.3216651678085327
3.0788316130638123
4.226296901702881
1.881474256515503
-0.46230767613220214
-0.46230767613220214
1.0339795703125
16.41651839017868
2.4949822425842285
2.4949822425842285
0.2048878824157715
0.2048878824157715
-0.21586300378608703
-0.2158628547744751
0.8767890678501129
0.8147458553314209
0.8147458553314209
1.0038338005542755
-0.07412244433593751
-0.07412244433593751
4.32581239938736
0.5655387140846253
3.55275696516037
0.37735480070114136
0.37735480070114136
0.057203150257110646
-0.3888994812965393
0.4890150606632233
0.4890150606632233
1.686251550912857
-0.759310245513916
0.9115006923675537
2.0226719027328492
2.0226719027328492
0.6977573037147522
0.6977573037147522
0.20087593793869019
-0.13428781872558593
-0.5039526939392089
0.45270371437072754
6.072483777999878
10.216773450374603
0.18056637048721313
2.4648649096488953
1.6305942779350282
-0.4077306831436157
0.4996293783187866
1.6344592219161989
0.35523630701828
2.1686753034591675
-0.010620057582855225
2.867792785167694
-0.5953171253204346
1.5333302021026611
0.1860752260131836
0.1860752260131836
-0.1110104764060974
4.93464207649231
-0.4922577445373535
0.044595688581466675
-0.29624141806793214
-0.26096272468566895
-0.26096272468566895
0.22512179613113403
1.225121796131134
1.225121796131134
1.225121796131134
1.225121796131134
0.3875249469833374
0.7580691576004028
0.7582855463027953
0.7582855463027953
1.0841951370239258
1.0841951370239258
-0.33299899101257324
0.04908804893493657
0.8621262311935425
-0.536912202835083
1.241948688583374
9.960385203361511
-0.12930755263137816
9.960385203361511
1.241948688583374
-0.2851252766418457
0.2807379031734466
0.2807379031734466
-0.18592839682655335
0.0375919496459961
-0.03699183464050293
-0.03699183464050293
0.0375919496459961
-0.43515546393203736
-0.3892730767860413
-0.43515546393203736
-0.3892730767860413
0.25037678535461416
-0.44572742306518554
-0.5111849392242431
-0.5111849392242431
-0.44572742306518554
-0.5931658979019165
-0.6085013470596313
-0.6085013470596313
-0.5931658979019165
-0.38187088811950687
-0.38187088811950687
-0.32024415937805173
-0.32024415937805173
-0.09649919271469115
0.7035007476806641
0.7035007476806641
0.7035007476806641
0.7035007476806641
0.3191527724266052
2.462754189968109
0.004894047512054467
0.07717741971778869
0.07717741971778869
0.004894047512054467
0.004894047512054467
0.23985147124099726
0.23985147124099726
0.13295186829376215
0.23985147124099726
0.23985147124099726
-0.21280670166015625
-0.21280670166015625
5.267451286315918
0.11795616149902344
-0.15788424015045166
-0.15788424015045166
-0.15788424015045166
-0.15788424015045166
-0.15788424015045166
-0.013358545303344682
-0.013358545303344682
-0.013358545303344682
-0.013358545303344682
-0.013358545303344682
5.007426738739014
3.201937198638916
3.2019370794296265
3.2019370794296265
-0.050823837750434864
-0.050823837750434864
-0.050823837750434864
-0.050823837750434864
-0.050823837750434864
-0.23565595746040344
-0.23565595746040344
-0.23565595746040344
-0.22012083250427245
-0.22012083250427245
0.39293675869703293
0.12405587786865235
0.39293675869703293
0.12405587786865235
0.39293675869703293
3.1928329467773438
-0.026614075899124123
-0.2921300530433655
-0.2921300530433655
-0.026614075899124123
-0.026614075899124123
0.012289061447143534
0.012289061447143534
0.2731086015701294
0.012289061447143534
0.2731086015701294
-0.22538657432365417
1.16121244430542
0.027166170917511
0.053764337301254295
0.05376427769660952
0.027166111312866226
0.027166111312866226
0.17421436309814453
0.17421436309814453
0.17421436309814453
0.17421436309814453
0.17421436309814453
-0.25394415855407715
-0.25394415855407715
-0.25394415855407715
-0.25394415855407715
-0.25394415855407715
0.18909531831741333
0.3498113751411438
0.3498113751411438
0.8911561816930771
0.8911561816930771
0.8911561816930771
0.8911561816930771
0.8911561816930771
1.0000029802322388
0.31198209524154663
0.31198209524154663
-0.45731605643463136
-0.10722328776550294
-0.15659119242858888
0.7479744255542755
0.5602692211227417
-0.17419214600753785
-0.08331550711822511
-0.08331550711822511
