0.8942872285842896
0.6287293438777923
14.159249112010002
0.15448478609323502
0.0034801363945007324
0.9258503913879395
0.965420672454834
0.9795747213065624
7.415544971823692
0.9377443268895149
0.9377443268895149
0.21484220027923584
0.596194237625122
0.21633601188659668
1.8185671080112455
0.03439591879081727
0.9846518301677705
0.12693214560108185
1.5579707602095605
0.003808333072811365
0.9019998908042908
1.9232587963342667
0.06980137783080935
1.046120298845768
0.9530846402049065
2.1632808297872543
0.0643966943025589
0.09343477338552475
0.5293555266656875
0.4384188801050186
0.9875417500734329
0.4985693083400726
0.029801204800605774
0.5814038515090942
0.9905763072893023
1.154571344895363
0.26506312476005556
1.2829358411896228
0.39617059379816055
0.1256914326170385
0.8550960272550583
0.9262319410276414
4.598973786277771
0.11623133933010102
0.5078364020032883
0.013605061918497086
0.43143551937484736
0.013605061918497086
0.34949174523353577
0.24884058481025695
0.6839644811730384
0.24884058481025695
1.2015100121498108
0.2762497209510803
0.4080090820789337
0.4544646739959717
1.5273362544751168
0.20356380939483643
0.1216911792755127
0.37513600289821625
0.4174053532910347
0.4174053532910347
0.18674908578395844
0.0966415403470993
0.09664152358329296
0.7994726421720981
0.31329527302837373
0.012375212233543403
0.01853602235956192
0.01853602235956192
0.1394370871119499
0.1394370871119499
0.1823468804359436
0.758358783274889
0.5767847744293213
0.05660087970638275
0.07885813759422303
0.05660087970638275
0.20904483914375305
0.20904483914375305
0.03418930992484093
0.8663728885352612
0.9931399566121399
0.6698601660296917
0.6698601660296917
0.94156624877882
0.94156624877882
0.7515370957553387
0.10127320903682709
0.1373256936592102
0.34083110094070435
0.1373256936592102
0.09978563772058488
1.2248540227627753
1.2248540115869044
1.307155855000019
0.951442152261734
0.7158917710163295
0.7158917710163295
0.07965834415626527
1.9920612536370754
1.9920612536370754
1.5322641784381867
1.5322641784381867
0.4237639009952545
0.9724151901900768
0.007562457974433889
0.007562457974433889
0.15490919053554536
0.2781991669727564
0.2781991669727564
1.1349454315435887
1.1349454315435887
1.0891521871089935
0.5585263525886536
0.5050403217034339
0.5050403217034339
0.13635908933401109
0.13635908933401109
0.09044709496440888
0.006221249158859243
0.24854866376638413
0.24047346558976174
0.39099504575133326
0.1477165510468483
0.1477165510468483
0.08655248582363129
0.27318212248441576
0.2731820777809322
0.6680981033301056
0.5858331736177206
0.6680981033301056
0.9863889757543802
0.13996837590929867
0.13996837590929867
4.890614748001099
6.890614748001099
6.890614748001099
2.8906147480010986
0.32297199838864804
0.32297199838864804
8.94270834326744
1.154202629790306
0.20513930572196842
0.20513930572196842
1.1680808758306502
1.1680808758306502
0.06278921663761139
0.2179304612390995
0.2179304612390995
0.9707853440195322
1.1360160345351695
1.1360160345351695
1.2096694584232568
1.2096694584232568
1.9490443132817745
1.6046492101681233
2.552212279744744
2.552212279744744
1.949044305831194
0.49245733534917235
0.49245733534917235
1.0290269688594342
1.0290269688594342
0.8536025204262734
0.2721511870622635
10.998389195185155
10.998389195185155
7.955374725162983
1.4164083823561668
1.4164083823561668
0.4207357972860336
1.9909177459776402
0.41235490446305273
0.41235490446305273
0.041266269981861115
0.041266269981861115
0.041266269981861115
0.041266269981861115
0.041266269981861115
0.041266269981861115
0.041266269981861115
0.9015975818037987
0.9015975818037987
0.3078522471618652
0.030809132382273674
0.08516016505289078
0.08516016505289078
0.7329686686396599
0.3123005138890743
0.3123004784988165
0.2426397348775864
0.5965887015504837
0.5965887015504837
8.973835572600365
0.6782988118567467
0.6782988118567467
0.4152873263003826
0.0022601583041250706
4.480378169566393
0.13133263533878325
0.45499512553215027
0.45499512553215027
0.22816073848152163
0.3224564431142807
0.7072117753009796
0.5696990785665512
0.5696990785665512
1.0262539237737656
0.550929494202137
0.6642344663100243
1.3333539685759879
1.7000828713178635
1.7000828713178635
9.902595728635788
0.10022151819539071
0.3013532018661499
0.4701697640120983
1.4678341820836067
1.1762458109855651
0.9823074601590633
0.9103294834494591
1.3686057085227967
1.3686057085227967
2.1672586427342893
2.1672586427342893
1.7848892710733413
0.0036511798389256
0.30194908380508423
0.30194908380508423
0.30194908380508423
0.30194908380508423
0.30194908380508423
0.30194908380508423
0.30194908380508423
0.29512586390542983
0.8953638906068802
1.0060029025189579
0.48033912293612957
1.3094706091833115
0.6341972430987358
1.0623304814100265
0.5265804273827076
0.9341036081314087
0.9428200721740723
0.7562841172330081
0.3876668974757195
0.8823377165818215
0.8823377165818215
0.03932797908782959
1.0177885703742504
1.2262647822499275
0.5821399768633843
0.6212830684671402
0.1319000244140625
0.42631039023399353
0.603168307806015
0.14183342510890962
0.520072928071022
0.02121669426560402
0.02121669426560402
0.1591101512312889
0.1591101512312889
0.6481776131136417
0.6576145073218346
1.6936584562063217
1.8218225836753845
0.033532679080963135
0.6906425046730041
3.4388128630816936
0.29841933717894553
0.035001128911972046
0.3973442018032074
0.5781045003376007
0.97068334184587
0.5612405486404896
0.13766951858997345
1.1177464431083202
1.0019120979122818
0.9595341868698597
0.5931401109142304
0.48455235369777677
0.27978929823207854
0.4366394355893135
0.4090199038386345
1.289536627190113
0.3601313829421997
0.1966658979654312
0.8861973881721497
0.457656417042017
0.7066890152626037
0.1970786743364334
0.9004691392183304
0.36004482209682465
0.16192967593669894
0.602681019361496
0.5737071042699814
0.8158149272203445
0.5029720584111214
0.10639855712652208
0.30786570310592654
0.8332505375146866
0.3290834146664143
0.29645139873027804
0.06869342923164368
0.06869342923164368
0.2388867664961815
0.040250375866889954
0.9774410985410213
0.2638102987961769
0.2560267984867096
0.2560267984867096
0.9452885389328003
0.9244398549199104
0.9244398549199104
0.31552764578914644
0.418452188372612
0.3273922070860863
0.4184521585702896
0.5277333775715828
0.527733355219841
0.13568289337968825
0.07274983823299408
0.9417532943189144
0.3069365918636322
2.8857143074274063
0.08943227678537369
0.2722546912231445
0.2722546912231445
0.2722546912231445
0.2722546912231445
0.2722546912231445
0.2722546912231445
0.2722546912231445
0.22582030523014068
0.07341881096363068
0.24953811636257173
0.5076125100255012
0.09711081511449815
0.07486917078495026
1.900845319032669
4.971431106328964
1.4172124341130257
0.24396045560073853
0.24396045560073853
0.327257000300467
7.950235642492771
2.956995118409395
2.956995118409395
0.14687421917915344
0.14687420427799225
0.09348185360431671
0.09348183125257492
0.2595357294216156
0.6789552971720696
0.6789552971720696
1.2170517593622208
0.13266879320144653
0.13266879320144653
0.06749016791582108
1.264302646651715
0.05967004597187042
0.8660029619932175
0.8660029619932175
0.6321232047822476
0.15317187607288363
0.07272301837801934
0.07272301837801934
1.9971624235622585
0.15011289715766907
0.004162058234214783
0.08212803358268739
0.08212803358268739
0.6659502536058426
0.6659502536058426
0.44699789211153984
0.14236033707857132
0.48583583831787114
0.48754674568772316
1.2803809493780136
2.9692765567451715
0.11093351244926453
0.5789608960790634
2.234224954800606
0.028707966208457947
0.48667601123452187
0.3065969379799366
0.07693697512149811
2.8266505300998688
0.06108197569847107
1.1616701781749725
0.10157869756221771
1.2267460897564888
0.28504924049544333
0.28504924049544333
0.28284980302619933
2.0121787786483765
0.06215887516736984
0.17496405223441125
0.3597280489461422
0.953352227807045
0.953352227807045
0.11279177665710449
0.11279177665710449
0.11279177665710449
0.11279177665710449
0.11279177665710449
0.28100890534055234
0.042632944881916046
0.11559466719627381
0.11559466719627381
0.2041899748146534
0.2041899748146534
0.2186329923570156
0.10513240694999693
1.7938858717679977
0.26996058225631714
0.07844825143051148
0.9154100120067596
0.0826340764760971
0.9154100120067596
0.07844825143051148
0.22365726384711265
0.2297721803188324
0.2297721803188324
0.1631054803188324
0.16616155207157135
0.09353110194206238
0.09353110194206238
0.16616155207157135
0.09835430234670639
0.18839608132839203
0.09835430234670639
0.18839608132839203
0.5225301390333176
0.12796412105693816
0.010010206278228753
0.010010206278228753
0.12796412105693816
0.10436269640922546
0.19932277500629425
0.19932277500629425
0.10436269640922546
0.16820190846920013
0.16820190846920013
0.18600115180015564
0.18600119650363922
0.10782720148563385
0.10782720893621445
0.10782720893621445
0.10782720893621445
0.10782720893621445
0.82340507209301
1.3941703513264656
0.017334621399641037
0.05294273793697357
0.05294273793697357
0.017334621399641037
0.017334621399641037
0.12681707739830017
0.12681707739830017
0.054328881204128265
0.12681707739830017
0.12681707739830017
0.45768454670906067
0.45768454670906067
1.9370207116007805
0.9397956617176533
0.06144251301884651
0.06144251301884651
0.06144251301884651
0.06144251301884651
0.06144251301884651
0.027488362044095993
0.027488362044095993
0.027488362044095993
0.027488362044095993
0.027488362044095993
1.038018610328436
0.050831519067287445
0.050831448286771774
0.050831448286771774
0.0003064494230784476
0.0003064494230784476
0.0003064494230784476
0.0003064494230784476
0.0003064494230784476
0.03914685174822807
0.03914685174822807
0.03914685174822807
0.04903469234704971
0.04903469234704971
0.1566217914223671
0.22064399665164947
0.1566217914223671
0.22064399665164947
0.1566217914223671
0.030435549095273018
0.11671032458543779
0.15315158665180206
0.15315158665180206
0.11671032458543779
0.11671032458543779
0.020464753732085228
0.020464753732085228
0.06966902315616608
0.020464753732085228
0.06966902315616608
0.14087337255477905
1.991131467744708
0.03268302232027054
0.041328392922878265
0.041328415274620056
0.03268299251794815
0.03268299251794815
0.14701778888702394
0.14701778888702394
0.14701778888702394
0.14701778888702394
0.14701778888702394
0.11230170726776123
0.11230170726776123
0.11230170726776123
0.11230170726776123
0.11230170726776123
0.1922231987118721
0.9155022650957108
0.9155022650957108
0.07622310146689415
0.07622310146689415
0.07622310146689415
0.07622310146689415
0.07622310146689415
1.0247140061110258
0.7319865524768829
0.7319865524768829
0.1629171763366163
0.3003480205492973
0.07187257707118988
0.6317191183567047
0.5407187752425671
0.07299848645925522
0.27670527940559386
0.27670527940559386
