-0.8569998218415151
-0.8698600119508253
12.20144478499795
-0.9556508896180089
-0.3057377922005533
-0.8217071647260075
0.38259401768645895
-0.8176222498574786
5.786829972561911
-0.7734779191595846
-0.7734779191595846
-0.9183681061750167
0.1699004812428403
-1.3725891524690823
1.0009181540608965
-0.3710496938616019
-0.06879478538761585
0.0005069448119128239
0.170068744363157
-1.019794837810144
-0.7378328225228274
0.563706636084653
0.2915238985178472
-0.34008652420114704
-0.32541834827893235
0.19211851794909895
1.0605232371389433
0.3359636860919679
-0.03029464762097933
-1.205650889618009
-0.3395113740416402
-0.37234026086767813
0.5336242488468237
-0.40796594774056194
-0.8213527566770189
0.8298217786800992
2.512992348474251
-0.42247351277520084
-1.3805042110867218
0.10578069621774588
-0.8865745647824972
0.007875050743984868
2.96510402525052
0.22174013587545582
-0.83407926321411
-0.9003891541046276
0.09217466817577002
-0.9003891541046276
0.5546570021034873
-1.3680257243706166
-0.4916225905986481
-1.3680257243706166
-0.12577822181498766
-1.1804450574144274
-1.2817699028418579
-1.0204350492061285
0.27685884513104275
-1.0083183301886849
-1.3807429409276246
-0.7892647310470937
-0.7645578409775113
-0.7645578409775113
1.1778182418075278
-0.8146222121070887
-0.8146222121070887
-0.4007135905986481
-0.653959054985493
-1.1660704541575613
-1.0754616492560152
-1.0754616492560152
-0.34429690807217783
-0.34429690807217783
-0.4731877558460402
-0.4792034823201441
-0.32244241316097977
-0.7984319906485348
-0.9526787789930731
-0.7984319906485348
-0.41812672209031854
-0.41812672209031854
-1.356440019378941
-0.3746439739851505
-0.8174149994786151
-0.7412816491496386
-0.7412816491496386
0.5358428753708143
0.5358428753708143
-0.15847191888029832
-0.3792413855469263
-0.5207858237625504
-1.261873866470976
-0.5207858237625504
-1.0734266707145692
-0.17462440786349576
-0.17462440786349576
-0.025026516141999577
-0.16184361223022736
-0.47727951284133474
-0.47727951284133474
-1.0091857517149119
0.3250822591625051
0.3250822591625051
0.1981657623994466
0.1981657623994466
-0.6427672873947157
1.3479668657988608
-0.6302805989270387
-0.6302805989270387
-0.906656887271577
-0.711204274091527
-0.711204274091527
-0.31894698555708545
-0.31894698555708545
-0.24000120211409337
-0.7454845948091163
-0.24453827409152695
-0.24453827409152695
-0.5787447072055426
-0.5787447072055426
-0.8701776121070887
-0.5830331756161152
-0.4926431501226504
-0.44965125840115433
-1.1794994386544446
-0.3738980320410543
-0.3738980320410543
-0.9251346087301309
-0.271838823622534
-0.271838823622534
-1.03489897474948
-0.9809501913064879
-1.03489897474948
3.1095709184874694
-0.8742145855830981
-0.8742145855830981
3.1759529883977575
5.175952988397757
5.175952988397757
1.1759529883977575
-0.0015944964405902873
-0.0015944964405902873
7.182792250900248
-0.17400265672690574
-0.5695102352541215
-0.5695102352541215
-0.34999794140950535
-0.34999794140950535
-1.4499669025720996
-0.5670764518111293
-0.5670764518111293
-0.6356623227986735
0.5675592607578133
0.5675592607578133
0.06789013587545578
0.06789013587545578
0.11363268559636608
0.44368949453282336
1.1113028425153675
1.1113028425153675
0.11363268559636608
-0.09346060471909423
-0.09346060471909423
-0.09553477899307294
-0.09553477899307294
0.5879649342069017
-0.4601673459991492
14.178025492186391
14.178025492186391
9.238333383907888
0.8589491673508793
0.8589491673508793
-0.27920348232014414
0.3599854192451961
-0.738393778993073
-0.738393778993073
-0.22961066162552646
-0.22961066162552646
-0.22961066162552646
-0.22961066162552646
-0.22961066162552646
-0.22961066162552646
-0.22961066162552646
1.178025492186391
1.178025492186391
-0.37419739718867284
0.8599854192451961
-0.3049853881620864
-0.3049853881620864
-0.7759761822137674
-1.3632589656567595
-1.3632589656567595
0.11648410198695158
-0.27585898054153546
-0.27585898054153546
7.177818241807528
0.22202274326345028
0.22202274326345028
0.7072058193683348
-0.7616666160921128
3.6089491673508793
-1.1873092995849919
-0.7338223053770473
-0.7338223053770473
-1.2385987136957939
0.4978229703053776
-0.5562226475675364
-0.41786071534403013
-0.41786071534403013
0.17802549218639108
0.8589491673508793
0.29217394481191283
-0.3682359747494801
0.7910145243600106
0.7910145243600106
19.226936581598142
-0.7458411574846324
-0.16797077664664106
-1.261873866470976
-0.26145936571324935
0.9768365307011107
-0.6412580830279839
-0.7618738664709761
0.3476298124887487
0.3476298124887487
1.2158413755794963
1.2158413755794963
0.5346843524324636
-1.261873866470976
0.2979851861446585
0.2979851861446585
0.2979851861446585
0.2979851861446585
0.2979851861446585
0.2979851861446585
0.2979851861446585
-0.70156597474948
1.4415151660617846
-0.6412580830279839
-1.261873866470976
1.4709249934524105
-1.03489897474948
-0.16167590607219617
0.10656675140193783
-0.6412580830279839
2.2227829981452745
-0.14125808302798393
-1.1809501913064877
0.30976405309041677
0.30976405309041677
-1.03489897474948
-0.8865745647824972
-0.3912580830279839
-0.41836510617501665
2.9214005599210306
-0.9809501913064879
-0.14125808302798393
2.1792457121471682
-1.4183681061750169
-0.5809501913064878
-0.5556884501465247
-0.5556884501465247
-0.8652084524929566
-0.8652084524929566
-0.8539752995849917
1.250932313177694
0.044349110381991075
0.1778182418075278
-0.8221817581924722
1.020060009142783
1.673733326938999
-1.3682329747494801
-0.2618738664709761
-1.205650889618009
1.5210098800636782
-0.8221817581924722
-1.0453429978965127
-0.761675906072196
1.290863924011312
-0.8221817581924722
-0.8221817581924722
-0.70156597474948
0.7808587694387426
-1.1873092995849919
-1.390659479651026
0.41468356622567526
-0.3682359747494801
-1.0206422995849918
0.3878264237556974
0.8560772719938565
-1.261873866470976
-0.6031914078634957
-1.0317634078634956
-0.8221817581924722
0.14444713822188782
-1.1809501913064877
1.1668986819608393
0.666582088899563
-0.15879494925601523
1.1875888388798408
-0.635442500451627
0.160013112728423
-0.7618738664709761
0.1715569679589456
-1.1809501913064877
-1.1748965616056017
-1.1748965616056017
-0.3525035989270387
0.1778182418075278
3.7729441971780666
1.9651040252505199
-0.7794107326990074
-0.7794107326990074
-0.8221817581924722
-0.8906594796510261
-0.8906594796510261
0.015751545842438652
-1.261873866470976
-0.1551174286640965
-1.261873866470976
-0.5806432087275991
-0.5806432087275991
-0.044865103828584774
1.893559980621059
-0.6412580830279839
-0.4819561889600559
1.1778182418075278
0.7729441971780668
1.4308939341746796
1.4308939341746796
1.4308939341746796
1.4308939341746796
1.4308939341746796
1.4308939341746796
1.4308939341746796
0.1715569679589456
-1.2144193227320246
-0.47919038403463554
-0.9809501913064879
-1.2390132144535206
1.2126363054565708
2.1137159260647365
3.182792250900248
0.7381261335290239
-1.0649502796846657
-1.0649502796846657
-0.03489597474947992
15.177818241807527
1.2982267748716567
1.2982267748716567
-0.8193644863148121
-0.8193644863148121
-1.3193644863148122
-1.3193644863148122
-0.3818672144535207
-0.3463393780363082
-0.3463393780363082
0.09120505074398477
-1.152698486314812
-1.152698486314812
3.2381261335290237
0.5265202927944574
2.177818241807528
-0.5463393780363082
-0.5463393780363082
-0.27458929723855974
-1.1809501913064877
-0.4445926690499644
-0.4445926690499644
0.9222980730605541
-1.261873866470976
0.10874191697201607
0.8475057640640513
0.8475057640640513
-0.36520845249295664
-0.36520845249295664
-0.7618738664709761
-0.14721886177811216
-0.7809501913064878
-0.7618738664709761
5.238126133529024
9.177818241807527
-1.1414653334068472
1.2982267748716567
0.6317640252505201
-1.3541825499638551
-0.7618738664709761
0.8126877004150084
-0.6083726673350796
1.1778182418075278
-0.9052077756135835
1.608741916972016
-1.3446005822036082
0.2943491103819911
-0.6382335607714605
-0.6382335607714605
-1.03489897474948
4.738126133529024
-1.2441944739251043
-0.18510024859806218
-1.3682329747494801
-0.8221817581924722
-0.8221817581924722
-0.8221817581924722
0.1778182418075278
0.1778182418075278
0.1778182418075278
0.1778182418075278
0.11362193813175814
-0.2964846797411558
-0.18095019130648793
-0.18095019130648793
0.10874191697201607
0.10874191697201607
-1.1152084524929566
0.05927537792592852
0.1778182418075278
-0.44524531872098794
0.31268770041500815
9.177818241807527
-1.03489897474948
9.177818241807527
0.31268770041500815
-0.7645578409775113
-0.5141744013896129
-0.5141744013896129
-0.9808407013896129
-0.6730516244205035
-0.5206422995849918
-0.5206422995849918
-0.6730516244205035
-0.9264798046066296
-0.8039971294421413
-0.9264798046066296
-0.8039971294421413
-0.3682359747494801
-0.9447929451248867
-1.086755620289375
-1.086755620289375
-0.9447929451248867
-1.1766282683950584
-1.0699984849520663
-1.0699984849520663
-1.1766282683950584
-1.0395756865138501
-1.0395756865138501
-0.926803103070858
-0.926803103070858
-1.5097358044865379
-0.7097358044865378
-0.7097358044865378
-0.7097358044865378
-0.7097358044865378
-0.8221817581924722
1.238126133529024
-1.3034060210435456
-1.3160949127650419
-1.3160949127650419
-1.3034060210435456
-1.3034060210435456
-0.43956426499880663
-0.43956426499880663
-0.486855831884791
-0.43956426499880663
-0.43956426499880663
-1.326266673061001
-1.326266673061001
4.173733326938999
-0.8865745647824972
-1.455650889618009
-1.455650889618009
-1.455650889618009
-1.455650889618009
-1.455650889618009
-0.7809501913064878
-0.7809501913064878
-0.7809501913064878
-0.7809501913064878
-0.7809501913064878
4.177818241807528
2.177818241807528
2.177818241807528
2.177818241807528
-1.3818702144535207
-1.3818702144535207
-1.3818702144535207
-1.3818702144535207
-1.3818702144535207
-1.1794107326990073
-1.1794107326990073
-1.1794107326990073
-1.2286076244205035
-1.2286076244205035
-0.9000265161419996
-0.8539752995849917
-0.9000265161419996
-0.8539752995849917
-0.9000265161419996
2.177818241807528
-1.1809501913064877
-1.141258083027984
-1.141258083027984
-1.1809501913064877
-1.1809501913064877
-0.609608165813023
-0.609608165813023
-0.6500265161419996
-0.609608165813023
-0.6500265161419996
-1.3539752995849916
0.1778182418075278
-0.8554668409775112
-0.8794107326990074
-0.8794107326990074
-0.8554668409775112
-0.8554668409775112
-0.6453429978965128
-0.6453429978965128
-0.6453429978965128
-0.6453429978965128
-0.6453429978965128
-1.391258083027984
-1.391258083027984
-1.391258083027984
-1.391258083027984
-1.391258083027984
-1.1366985746929903
-0.8174149994786151
-0.8174149994786151
-0.2739902642476828
-0.2739902642476828
-0.2739902642476828
-0.2739902642476828
-0.2739902642476828
0.17906174408070785
-0.815549746068845
-0.815549746068845
-1.1873092995849919
-1.3669894724763
-1.3669894724763
-0.5461321276574449
-0.6524912359359488
-1.3116536213197851
-1.3682329747494801
-1.3682329747494801
