0.1113741282772176
0.15004660809115278
12.945741370180318
0.6687684547402184
0.5760587532571285
0.011505667112905016
0.6895009780498711
0.0002224108660833224
6.403074082059463
0.12532800474778383
0.12532800474778383
0.8619642811257242
0.42396220226589043
0.7817039515532531
1.4625075166361718
0.3063605175170173
0.32410868971019346
0.30906001859527527
0.7532471038045194
0.9212461713842565
0.027031243424469276
1.1149791906117665
0.19903778902280428
0.28202726389937083
0.19938882390907742
0.9721721294511001
0.22172883771395724
0.21582126545532532
0.1116428655960432
0.4187684547402184
0.23932863791825876
0.07651494602367326
0.10005386817932127
0.07277284772194814
0.010349892842229425
0.7903280753997327
0.6944689108301164
0.357379298357683
0.5210267972778229
0.5147143644877331
0.0039747151619600185
0.49179224854601766
3.736173467280793
0.5862265734749941
0.2350088920751331
0.5694796320068509
0.03855194915910276
0.5694796320068509
0.8903663679329713
0.5977508829252242
0.023405811532753007
0.5977508829252242
0.39279392721299633
0.365279583369068
0.4025129997487862
0.34587762250348275
0.7382748150808187
0.6329113703872995
0.67427970931073
0.44729885736743413
0.24873483826122955
0.24873483826122955
0.9873007063337012
0.426702248267017
0.426702248267017
0.11431481153275302
0.39544210783288
0.5548098559177471
0.5915444514539825
0.5915444514539825
0.17999739785106317
0.17999739785106317
0.6915517602822412
0.0677307247255059
0.02067197071839033
0.4740438174177466
0.43713559549600567
0.4740438174177466
0.32025107911104744
0.32025107911104744
1.0007692805228783
0.1548090201931237
0.0008097610721007342
0.11611124022861774
0.11611124022861774
0.6363307757634312
0.6363307757634312
0.2034270260278267
0.7361290454260675
0.324020870188758
0.45889861952645394
0.324020870188758
0.5259776823032528
0.4688218145097818
0.4688218145097818
0.586513901317029
0.33391357549491907
0.06658084387960006
0.06658084387960006
0.5508538103292565
0.9942847886278512
0.9942847886278512
0.8732379704677586
0.8732379704677586
0.25129268492682244
0.07087323195735906
0.3377982306104994
0.3377982306104994
0.42301950868875854
0.32300449103224094
0.32300449103224094
0.2221175428855987
0.2221175428855987
0.2372517165000929
0.21291778730624533
0.05633849103224098
0.05633849103224098
0.3181681438032523
0.3181681438032523
0.48225764826701706
0.5749067867670176
0.24786000550179327
0.23027991869454606
0.4778038105468342
0.2090388833815108
0.2090388833815108
0.37796543953802897
0.4550273432996772
0.4550273432996772
0.2638295327192067
0.27369235910471257
0.2638295327192067
0.09555615326397082
0.5252386043242645
0.5252386043242645
4.017985445520456
6.017985445520456
6.017985445520456
2.017985445520455
0.20680365766995873
0.20680365766995873
7.998602888721882
0.3242097638917296
0.2976830834807816
0.2976830834807816
0.35114664915126426
0.35114664915126426
0.7651949432972762
0.25906090986628716
0.25906090986628716
0.08204709852557124
0.5646486884157111
0.5646486884157111
0.5676203265250058
0.5676203265250058
0.9954379346320228
0.9745308895117415
1.7539544643037643
1.7539544643037643
0.9954379346320228
0.01725042913728847
0.01725042913728847
0.42000840450399446
0.42000840450399446
0.1554369677719254
0.1801550240026616
10.012111943460281
10.012111943460281
7.040514030267529
0.597318203882023
0.597318203882023
0.13226927527449417
1.0943814528519362
0.22285059549600567
0.22285059549600567
0.5629436195722999
0.5629436195722999
0.5629436195722999
0.5629436195722999
0.5629436195722999
0.5629436195722999
0.5629436195722999
0.012111943460281438
0.012111943460281438
0.2659961972955057
0.9056185471480639
0.3577357444772058
0.3577357444772058
0.0877887640491295
0.6112599376636237
0.6112599376636237
0.5464452908466699
0.24211387297141895
0.24211387297141895
8.012699293666298
0.023493003929311418
0.023493003929311418
0.33290137091
0.9594859697324714
3.597318203882023
0.5119572722974653
0.32357461254967745
0.32357461254967745
0.5490228947305118
0.359437062669949
0.0073191529105115505
0.10723943010692438
0.10723943010692438
0.012111943460281438
0.40268179611797705
0.3576062814047247
0.40283346728079317
0.9529692314923459
0.9529692314923459
8.873497294840181
0.6746185356962355
0.00432735055545419
0.45889861952645394
0.5399266800615112
1.0998266589716783
0.09790555408804036
0.041101380473546056
0.7235843921594791
0.7235843921594791
1.4621359881242761
1.4621359881242761
1.0982261529105115
0.9588986195264539
0.027555789465751657
0.027555789465751657
0.027555789465751657
0.027555789465751657
0.027555789465751657
0.027555789465751657
0.027555789465751657
0.5971635327192067
1.0021489998931503
0.09790555408804036
0.45889861952645394
1.3486318978837137
0.2638295327192067
0.2716840717356718
0.2076142902329835
0.09790555408804036
1.4562597899866336
0.15209444591195964
0.4736923591047125
0.49043619459747756
0.49043619459747756
0.9304965327192067
0.0039747151619600185
0.34790555408804036
0.1952972811257242
1.6872168203910125
0.6736923591047126
0.40209444591195964
1.2564054579598345
0.6952972811257242
0.27369235910471257
0.5914119872424297
0.5914119872424297
0.6371609332938897
0.6371609332938897
0.17862327229746533
0.8517203206373626
0.8312315452597816
1.0126992936662988
0.9873007063337012
0.8389854702214085
2.524427371645287
0.5971635327192067
0.9588986195264539
0.4187684547402184
1.0150076678663513
0.01269929366629885
0.2903663679329713
0.9283159282643282
1.09326239224242
0.01269929366629885
0.01269929366629885
0.2638295327192067
0.5461958086221383
0.5119572722974653
0.49224663718297157
0.38698860852286765
0.40283346728079317
0.34529027229746534
1.4784679278140813
0.7973159670344432
0.45889861952645394
0.040254814509781855
0.38831718549021815
0.01269929366629885
0.13259927257646587
0.4736923591047125
0.5196707845916901
0.3625043673301255
0.32512224854601757
0.5567573142634318
0.45636752634527616
0.22301950868875853
0.041101380473546056
0.027220883381510796
0.4736923591047125
0.4680040739608863
0.4680040739608863
0.2266872306104994
0.9873007063337012
0.05757345413737269
0.5971635327192067
0.6316819250684768
0.6316819250684768
0.01269929366629885
0.007753362817028431
0.007753362817028431
0.37299185591774714
0.45889861952645394
0.08100907465252272
0.45889861952645394
0.07686099630354803
0.07686099630354803
0.38974433507426426
1.0007692805228783
0.09790555408804036
0.20294341305325259
2.012699293666299
1.0575734541373727
0.23795684500295133
0.23795684500295133
0.23795684500295133
0.23795684500295133
0.23795684500295133
0.23795684500295133
0.23795684500295133
0.11812988338151081
0.6801601075112298
0.010316673151148703
0.27369235910471257
0.690705194318477
1.08597554094462
1.0838091491436233
3.998602888721882
0.5411013804735461
0.5119977528466878
0.5119977528466878
0.5971635327192067
7.012699293666299
2.0700908174868107
2.0700908174868107
0.9433777567023667
0.9433777567023667
0.9433777567023667
0.9433777567023667
0.547848194318477
0.17177984350961373
0.17177984350961373
0.5751222485460176
0.9433777567023667
0.9433777567023667
0.9588986195264539
0.7870968561967477
0.9873007063337012
0.028220156490386228
0.028220156490386228
0.09751767375399467
0.4736923591047125
0.7303567596793954
0.7303567596793954
1.2947703886101682
0.45889861952645394
0.6520944459119596
0.7772981069083841
0.7772981069083841
0.13716093329388968
0.13716093329388968
0.45889861952645394
0.11740072742353413
0.0736923591047125
0.45889861952645394
0.5411013804735461
2.012699293666299
0.9015070957059423
0.2632421825131894
1.4028334672807934
0.8447029220914479
0.45889861952645394
0.5119572722974653
0.802204430339784
2.012699293666299
0.7738023435325367
0.34790555408804036
0.7904763523607955
0.3312315452597816
0.5254258464866425
0.5254258464866425
0.5971635327192067
1.041101380473546
0.8188784391680427
0.1673857097670165
0.5971635327192067
0.01269929366629885
0.01269929366629885
0.9873007063337012
0.9873007063337012
0.9873007063337012
0.9873007063337012
0.9873007063337012
0.05570177463788484
0.8608111351215526
0.6736923591047126
0.6736923591047126
0.6520944459119596
0.6520944459119596
0.6371609332938897
0.114335065824264
1.0126992936662988
0.34744423883591247
0.6786232722974653
0.01269929366629885
0.9304965327192067
0.01269929366629885
0.6786232722974653
0.43055283826122953
0.39232182181040354
0.39232182181040354
0.32565512181040357
0.7600840118757239
0.8452902722974653
0.8452902722974653
0.7600840118757239
0.7596654580388973
0.6744591976171559
0.7596654580388973
0.6744591976171559
0.2638295327192067
0.6056082015009978
0.6713339619227392
0.6713339619227392
0.6056082015009978
0.765179812952826
0.7083756393383318
0.7083756393383318
0.765179812952826
0.6241942091007933
0.6241942091007933
0.567390035486299
0.567390035486299
0.9070403767612301
0.9070403767612301
0.9070403767612301
0.9070403767612301
0.9070403767612301
0.01269929366629885
0.5411013804735461
0.8502362031467359
0.878638289953983
0.878638289953983
0.8502362031467359
0.8502362031467359
0.6037678959766578
0.6037678959766578
0.7173762432056465
0.6037678959766578
0.6037678959766578
0.4755726283547128
0.4755726283547128
1.0244273716452872
0.0039747151619600185
0.9187684547402184
0.9187684547402184
0.9187684547402184
0.9187684547402184
0.9187684547402184
0.8736923591047125
0.8736923591047125
0.8736923591047125
0.8736923591047125
0.8736923591047125
0.01269929366629885
0.9873007063337012
0.9873007063337012
0.9873007063337012
0.833562194318477
0.833562194318477
0.833562194318477
0.833562194318477
0.833562194318477
0.7316819250684767
0.7316819250684767
0.7316819250684767
0.7600840118757239
0.7600840118757239
0.538486098682971
0.5119572722974653
0.538486098682971
0.5119572722974653
0.538486098682971
0.9873007063337012
0.6736923591047126
0.6520944459119596
0.6520944459119596
0.6736923591047126
0.6736923591047126
0.618073577839488
0.618073577839488
0.788486098682971
0.618073577839488
0.788486098682971
0.8452902722974653
1.0126992936662988
0.7032798382612295
0.7316819250684767
0.7316819250684767
0.7032798382612295
0.7032798382612295
0.6903663679329712
0.6903663679329712
0.6903663679329712
0.6903663679329712
0.6903663679329712
0.9020944459119596
0.9020944459119596
0.9020944459119596
0.9020944459119596
0.9020944459119596
0.6650161504443419
0.0008097610721007342
0.0008097610721007342
0.6664228497130579
0.6664228497130579
0.6664228497130579
0.6664228497130579
0.6664228497130579
0.0091751924301946
0.006095912926256997
0.006095912926256997
0.6786232722974653
0.600687633955311
0.934020633955311
0.3723671937156312
0.4439651069083841
1.0908431389619497
0.5971635327192067
0.5971635327192067
