0.1083211898803711
0.06874462915802004
12.831281661987305
0.026040196418762207
0.013729453086853027
0.028239846229553223
0.43206603244781494
0.15931332111358643
6.38822078704834
0.1162405014038086
0.1162405014038086
0.5602928245620727
0.25865647212219234
0.9617194175720215
1.589204709625244
0.4267665863037109
0.4122006261062623
0.8618199825286865
0.7494497651290895
0.3802696620864868
0.2172611951828003
1.1057418584823608
0.6381165839233398
0.35509947483062754
0.04776632785797119
1.0621978044509888
0.4377194476776123
0.4806671142578125
0.176466359992981
0.33222496509552
0.4355863332748413
0.154617221534729
0.6912326244125366
0.0889434814453125
0.01165616512298584
0.6257691383361816
0.2604527513961792
0.45591267402648916
0.4842787981033325
0.5051412707138061
0.08524775505065918
0.6380166167449952
3.87384453956604
0.057820152168273964
0.2729225004272461
0.7662038803100586
0.139219643699646
0.7662038803100586
0.9146453857421877
1.0769372140808104
0.22001277136993413
1.0769372140808104
0.6662240028381348
0.3255115605392456
0.317460298538208
0.23039698600769043
1.1537766808700562
0.8423293673095703
0.4461385488510132
0.1587366759777069
0.18054284770965578
0.18054284770965578
1.78566575050354
0.5907068701400757
0.5907068701400757
0.17449773200225827
0.12120669205665591
0.5268602455444336
0.5486018196289062
0.5486018196289062
0.3712625054187775
0.3712625054187775
0.11600649356842041
0.1592997789382935
0.24198725865936277
0.5462376734390259
0.46104595018768313
0.5462376734390259
0.48761678218841553
0.48761678218841553
0.6646600961685181
0.20849850177764895
0.1419224739074707
0.04990431620025637
0.04990431620025637
0.30477401370239254
0.30477401370239254
0.37840020656585693
0.025223851203918457
0.527945984892273
0.38159823417663574
0.527945984892273
0.6021242396392822
0.5793507327651977
0.5793507327651977
0.6682026386260986
0.18838202953338623
0.22806805418586729
0.22806805418586729
0.7311093362503052
1.220072865486145
1.220072865486145
1.137565290374756
1.137565290374756
0.004092049598693803
1.9341447353363037
0.6761476839141846
0.6761476839141846
0.7536272287368775
0.43248213177490236
0.43248213177490236
0.349810516281128
0.349810516281128
0.2885168790817261
0.13974378948974608
0.15293515568542482
0.15293515568542482
1.0133034872817994
1.0133034872817994
1.013141852545166
0.044406875427246084
0.07090428533363341
0.09174879089736937
0.5061884880065918
1.0039835060424804
1.0039835060424804
0.8029276132583618
0.2516651630401612
0.2516651034355164
0.22964487915802
0.2694407939910889
0.22964487915802
3.8213921785354614
0.1307854203052521
0.1307854203052521
3.8266870975494385
5.9849032163619995
5.9849032163619995
2.1513036489486694
0.21989082887268063
0.21989082887268063
7.786909699440002
0.46729268928527823
0.24003918170928956
0.24003918170928956
0.5963345413970946
0.5963345413970946
0.6497666835784912
0.4652094925231933
0.4652094925231933
0.27088630199432373
0.5575669399642944
0.5575669399642944
0.4051450572204589
0.4051450572204589
0.8020322322845459
0.7420138472747804
1.6679622256088256
1.6679622256088256
0.8020322322845459
0.06140527129173279
0.06140527129173279
0.42937591903686534
0.42937591903686534
0.7989756190109254
0.4252051115036011
14.635230898857117
14.635230898857117
8.905888319015503
1.7458076477050781
1.7458076477050781
0.4004979133605957
1.3253443241119385
0.1343543387451172
0.1343543387451172
0.3286173343658447
0.3286173343658447
0.3286173343658447
0.3286173343658447
0.3286173343658447
0.3286173343658447
0.3286173343658447
2.16065514087677
2.16065514087677
0.24087703649139403
1.6044282913208008
0.13981616075897219
0.13981616075897219
0.19494442939758305
0.4521633541030884
0.45216323489379884
0.5738147818374635
0.19968157646179208
0.19968157646179208
7.778784990310669
0.6541879998493194
0.6541879998493194
1.1638819259262085
0.1151193380355835
4.2762861251831055
0.5764801656646729
0.18829591518211364
0.18829591518211364
0.5514917676315307
0.81285001953125
0.3615729935150146
0.005986720787048316
0.005986720787048316
1.0518264770507812
1.7309657335281372
0.37071345692443847
0.424053156929016
1.5626280069351197
1.5626280069351197
19.989410519599915
0.2635832722320557
0.44677684307098386
0.42466115951538086
0.6057790517807007
0.7846663999557495
0.22948241233825684
0.1599036455154419
0.7481470108032227
0.7481470108032227
1.9518637729263304
1.9518637729263304
0.6928470484542846
0.28320443630218506
0.020982275161743225
0.020982275161743225
0.020982275161743225
0.020982275161743225
0.020982275161743225
0.020982275161743225
0.020982275161743225
0.0126953125
0.3927641083374024
0.13591217994689941
0.3632880449295044
0.1999160948944092
0.14357791786956786
0.6235305309295653
1.1689166868286134
0.07279682159423828
0.027483113517761337
0.5053434371948242
0.15863738059997556
0.049985895690917936
0.049985895690917936
0.10587097758483888
0.22562789916992188
0.5442869663238525
0.3845868462753297
1.2701529624938965
1.076856517791748
0.6978121995925903
0.5276445419616699
0.5103666627960205
0.40070009231567383
0.22356252815628053
0.22356252815628053
0.2577406167984009
0.2577406167984009
0.14984260445404052
0.638932466506958
1.0030622482299805
1.1590174436569214
0.0016093254089355469
0.16207321310424805
2.7767733335494995
0.5370603954238892
0.6943469047546387
0.22768080234527588
0.22139241857910152
0.06009209156036377
0.21131708621978762
0.13495011329650874
0.5545446258926392
0.09769678115844727
0.027681827545166016
0.09341049194335938
0.46047140650177004
0.29708255881500245
0.4072902202606201
0.5276922941207886
0.3106668835449218
0.2465965747833252
2.6523639047698975
0.03202402591705322
0.5284912586212158
0.13799805962371825
0.29870401392364504
0.09746861457824707
0.1450666343612671
0.334782338142395
0.6125044232177734
1.2077319269943239
0.039617180824279785
0.05595689651489266
0.25566389560699465
0.5686957949829101
0.1913449764251709
0.06688226532745356
0.42781815528869627
0.3110313415527344
0.3110313415527344
0.15664225888824462
0.8803260326385498
4.071360468864441
2.8299218768310546
0.6863088607788086
0.6863088607788086
0.06834876537322998
0.33392536640167236
0.33392536640167236
0.25899045623779293
0.49245572090148926
0.35216460227966306
0.4924556016921997
0.30202902907562257
0.30202902907562257
0.00991850817108153
2.346829891204834
0.37342214584350586
0.14623761177062988
1.8467645645141602
1.542960286140442
1.3145005381774904
1.3145005381774904
1.3145005381774904
1.3145005381774904
1.3145005381774904
1.3145005381774904
1.3145005381774904
0.29478298354339605
0.5441923141479492
0.5826383156509399
0.1800194025039673
0.24411335633850095
1.6825153827667236
2.9055511951446533
3.9718806743621826
1.2317885160446167
0.38454066162872313
0.38454066162872313
0.9151723736953736
15.73479676246643
1.6366902589797974
1.6366902589797974
0.3253118837432861
0.3253120029525757
0.8142448509292602
0.8142447317199707
0.2674625562286377
0.2170129537582397
0.2170129537582397
0.1973973512649536
0.128457531873703
0.128457531873703
3.335606813430786
0.6352809764480591
2.9473319053649902
0.04377150535583496
0.04377150535583496
0.03913382337951665
0.354962682723999
0.1362728357315064
0.1362728357315064
1.3933528661727905
0.39902007579803467
0.7108640670776367
1.1432383900451661
1.1432383900451661
0.5043979287147522
0.5043979287147522
0.188859224319458
0.4779703462677002
0.08832900524139409
0.03452432155609131
6.06641149520874
9.933907985687256
0.3584482669830322
2.07992684841156
1.5164881592559816
0.697107299621582
0.08784306049346924
1.4755123501586915
0.5015356985397339
1.968709945678711
0.3034616708755493
2.1709060668945312
0.6224721670150757
1.1224210262298584
0.18299458866882323
0.18299458866882323
0.10876701718139647
5.596215844154358
0.5636309687957763
0.4450746774673462
0.44336248988342286
0.21249711513519287
0.21249711513519287
0.1399146318435669
1.037888765335083
1.0261518955230713
1.0261518955230713
1.0261518955230713
0.06704260462951661
0.5250056982040405
0.4990015268325805
0.5107201576232909
0.8471426963806152
0.8471426963806152
0.539015531539917
0.028885412216186568
1.2064672708511353
0.22102200984954834
0.8793148642349242
9.937533378601074
0.005709394271850576
9.937533378601074
1.1074972992706298
0.25925054271698
0.9994854366226197
0.9994854366226197
1.4661517366226196
0.15048848038482665
0.09295868873596191
0.09295868873596191
0.14369343167114257
0.5931472904663087
0.5078199799194336
0.5931472904663087
0.521816819442749
0.6289621239471435
0.666903570526123
0.7088657701797485
0.7088657701797485
0.6685509236984253
0.883220219190979
0.7645529828018188
0.755197318548584
0.883220219190979
0.606279872303772
0.606279872303772
0.6589374205245971
0.5265229603424072
0.459696102142334
0.3293139934539795
0.3293139934539795
0.3434079885482788
0.3293139934539795
0.015305638313293457
2.02941632270813
0.27624860452270505
0.326721087638855
0.326721087638855
0.27624860452270505
0.34292390988922117
0.17987591380310064
0.16895598525238043
0.37250255274963384
0.17987591380310064
0.17987591380310064
0.2858814001083374
0.2858814001083374
5.095467686653137
0.022054433822631836
0.4997415542602539
0.5071079730987549
0.5071079730987549
0.5071079730987549
0.5071079730987549
0.0056601047515869585
0.030749845504760787
0.0056601047515869585
0.0056601047515869585
0.0056601047515869585
5.0084182024002075
2.790001153945923
2.854240894317627
2.790001153945923
0.5280845912628174
0.5072010310821533
0.5280845912628174
0.5280845912628174
0.5280845912628174
0.53483726978302
0.54551842212677
0.54551842212677
0.5392723532333374
0.5392723532333374
0.2052905559539795
0.2159795606689453
0.2052905559539795
0.2159795606689453
0.2052905559539795
3.01357638835907
0.017962104082107522
0.0717107355594635
0.0717107355594635
0.017962104082107522
0.017962104082107522
0.7573175288238525
0.7573175288238525
0.5328917503356934
0.7573175288238525
0.5328917503356934
0.6415705526428223
1.0298689603805542
0.26187445417785643
0.2450763940811157
0.2450763940811157
0.26187445417785643
0.26187445417785643
0.24611270427703857
0.24611270427703857
0.24611270427703857
0.24611270427703857
0.24611270427703857
0.6081539392471313
0.6081539392471313
0.6081539392471313
0.6081539392471313
0.6081539392471313
0.21420490741729736
0.19542837142944336
0.19542837142944336
0.47434377670288086
0.47434377670288086
0.47434377670288086
0.47434377670288086
0.47434377670288086
1.042027473449707
0.24929237365722656
0.24929237365722656
0.6428171550674439
0.4504964506072998
0.28659786338043214
0.15717613697052002
0.0014114534301757908
0.557811871711731
0.5248729144973755
0.5248729144973755
