0.7772201597690582
0.6155046750769615
-1.1258506774902344
0.15121867507696152
-0.08446264266967773
0.3309032917022705
1.0383036078596115
0.8081661909818649
6.887198209762573
0.3772900104522705
0.3772900104522705
-0.11361987888813019
0.7123377920742034
-0.13936454057693481
1.975884031152725
0.17428342943954467
-1.0783702767181396
-0.18904699528770447
-3.382456148223877
-0.18310335278511047
0.4465617537498474
0.22984766960144043
-0.12760109896793365
0.3268596286010743
0.8641705214977264
1.4231841564178467
-0.22898998856544495
-0.18468685448169708
0.3211060620346069
-0.0441974401473999
0.8703149855136871
0.19238588076782226
-0.2179749608039856
0.5699860453605652
0.4722445011138916
0.9198771471214295
-0.23028086410369875
0.022108996467590236
0.11579746007919312
-0.15341391915512084
0.3670346736907959
1.025479769153595
3.803851997299194
-0.15987462019386292
-0.11321274882125854
-0.20609864592552185
0.25117858640098567
-0.20609864592552185
-0.15638482570648193
0.101260348613739
0.40414632630157465
0.101260348613739
0.5442824363708496
0.26311086048698423
0.09782364964485168
0.35859544575214386
0.8552314115142823
-0.19718945026397705
0.15347920060157777
-0.020629942417144775
0.4532797349524498
0.4532797349524498
-0.13461565971374512
-0.19066165405654906
-0.19066168385887144
0.6602619374580383
-0.28041263119125365
0.020124680321693428
-0.08819042002601624
-0.08819042002601624
-0.08733780658912658
-0.08733780658912658
-0.14140401780605316
0.642643827199936
0.08004705584716798
-0.09719290939712524
0.04782898770427704
-0.09719290939712524
-0.4330461668968201
-0.4330461668968201
-0.19479788839817047
0.7273434042930603
0.5814053416252136
0.26881736563301084
0.26881736563301084
0.5861334180278778
0.5861334180278778
0.49191170930862427
-0.022248327912330626
-0.09466360955657958
-2.8719913959503174
-0.09466360955657958
-5.5889920234669654e-05
0.8835270335292815
0.8835270037269591
1.0082314908504486
0.37601274251937866
-0.3571794922485352
-0.3571794922485352
-0.04831583821105956
0.3214762210845947
0.3214762210845947
0.39983073417663584
0.39983073417663584
0.1762363612651825
-1.7663538455963135
-0.03278465514945983
-0.03278465514945983
0.009586763381958019
-0.12768111472892762
-0.12768111472892762
0.3510254973602296
0.3510254973602296
0.4482763409614563
0.473396793548584
0.18729903941917414
0.18729903941917414
-0.05813249824523925
-0.05813249824523925
-0.17097271673622133
0.009057954494476328
-0.03540883996963501
-0.034177052261352536
0.01187979578971865
-0.0534434402770996
-0.0534434402770996
0.03706933557987213
-0.22399840598869325
-0.22399840598869325
-0.037433966453552237
0.07076743841171262
-0.037433966453552237
0.621612936258316
-0.856533959739685
-0.856533959739685
-1.021064281463623
-0.5893702507019043
-0.5893702507019043
2.840053603053093
-0.0751458027858734
-0.0751458027858734
6.673139810562134
0.7357255564785004
-0.32040594816207885
-0.32040594816207885
-0.9206170195770265
-0.9206170195770265
-0.0970771312713623
-0.2641028846092224
-0.2641028846092224
0.8928571492433548
0.4839467825508117
0.4839467825508117
0.5004160485458373
0.5004160485458373
1.6298308074474335
1.1021494025421144
1.8035885416793822
1.8035884224700927
1.6298307478427887
0.03676950931549072
0.03676950931549072
0.5324217402267457
0.5324217402267457
-0.19783566961669918
0.30916137993335724
-1.7964849472045898
-1.7964849472045898
4.072860240936279
0.3788248300552368
0.3788248300552368
0.43128437399864195
1.7097887694835663
-0.3226688958206177
-0.3226688958206177
-0.13343776762485504
-0.13343776762485504
-0.13343776762485504
-0.13343776762485504
-0.13343776762485504
-0.13343776762485504
-0.13343776762485504
0.10419559478759766
0.10419559478759766
0.3066971985530853
-0.5008529424667358
-0.6019716347045898
-0.6019716347045898
0.3185591280460358
-0.07612095827293397
-0.07612095827293397
-0.664748520122528
-0.17038033848571776
-0.17038033848571776
-6.761045455932617
-0.050429028030395506
-0.050429028030395506
0.1942429535331726
-0.69610595703125
2.198596239089966
0.05094905143547057
-0.20808690786361694
-0.20808690786361694
-0.23520079301452634
0.1401753811073303
0.5313193924407958
0.028311297065734875
0.028311297065734875
0.7408581972122192
-0.08761477470397949
0.4093589926319122
1.2513497715759276
0.6580195903778077
0.6580195903778077
-1.0963134765625
-0.027446493738174427
0.13144864201545714
0.4083869755268097
-0.2497401237487793
1.2229980850219726
0.8370343744754791
0.39266908168792725
0.7050088996124269
0.7050088996124269
1.3840208613586427
1.3840208613586427
1.42793244641304
-0.12235904484987259
-0.15860381722450256
-0.15860381722450256
-0.15860381722450256
-0.15860381722450256
-0.15860381722450256
-0.15860381722450256
-0.15860381722450256
-0.020455167238235483
0.481563814956665
0.7818622291088104
-0.20495682954788208
1.210168838853836
0.2832007562561035
0.6791319370269775
0.28196962231826783
0.3555189371109009
0.5686540603637695
0.3744806945323944
0.14251735210418703
0.513068874540329
0.513068874540329
-0.10780803114175797
0.799381285905838
1.0413708686828613
0.3468050217075348
0.14344209354019166
-0.25040810108184813
0.08065709471702576
0.2656286945590973
-0.06326077824401855
0.2590284705162048
-0.20952391624450684
-0.20952391624450684
0.12033006548881531
0.12033006548881531
0.30909873599243165
0.24921916479301454
1.1167301535606384
1.4408031105995178
-0.02408108115196228
0.5310369121837616
2.738062262535095
-0.5324785863800049
-0.19458848237991333
-0.06803643703460693
0.3318999751052857
0.7553738653659821
-0.22051467895507815
-0.10801031440496445
0.8391303909873962
-0.7263354063034058
0.5990453958511353
0.5127455895586014
0.2074565441188812
0.018137469347000112
0.06404274702072144
0.17616506814956667
0.9840940182971953
0.2102707326412201
-0.2865802049636841
0.6732446253299713
0.0423065721988678
0.437883213394165
0.23660872807121275
0.5942864120006561
0.24055317044258118
0.12796648740768435
0.44620711451339723
0.2617871021671295
0.7497739493846893
0.26421542411613463
-0.01810723841190337
0.18776714205741885
0.4657893776893616
0.1060710678920746
0.36316494792699816
0.08400169014930725
0.08400169014930725
0.03860336578178408
-0.42976507544517517
0.8592021614313126
0.09573830610084533
-0.0982867419719696
-0.0982867419719696
0.28812724351882935
0.5886580646038055
0.5886580646038055
0.16556381984806062
0.027103453874588013
0.13142689466476443
0.027103453874588013
0.47735639607477187
0.47735639607477187
-0.07201876731300355
-0.36410775780677795
0.330358624458313
0.17868418991565704
1.2828612327575684
-0.4843030571937561
0.3802823580303192
0.3802823580303192
0.3802823580303192
0.3802823580303192
0.3802823580303192
0.3802823580303192
0.3802823580303192
0.042962002040863034
-0.07011523842811584
0.3124593200354576
0.19148672223091123
-0.07047872268486022
-0.9749575853347778
1.1662819385528564
2.189696788787842
-3.09421968460083
0.2076383376674652
0.2076383376674652
0.045577898080825796
1.1037101745605469
1.587594747543335
1.587594747543335
-0.6155450344085693
-0.6155450344085693
-0.19486141204833984
-0.19486141204833984
-0.009668112264633155
0.6000299632549286
0.6000299632549286
0.6485129594802856
-0.10969370603561401
-0.10969370603561401
-0.19006964564323425
1.119204203042984
-1.7903988361358643
0.6959371566772461
0.6959371566772461
0.40125126288795476
0.1918883562088013
-0.005466842651367182
-0.005466842651367182
1.6854959428310394
0.3484319746494293
0.07636663317680359
0.05762332731914521
0.05762332731914521
0.6345698907971382
0.6345698907971382
-0.10877865552902222
0.00917518138885498
0.7118334949016571
0.16385525465011597
1.0990301072597504
0.7564582824707031
-0.5411230325698853
0.35608859414291383
-0.9188312644195555
0.09123503416776657
0.20621469616889954
-0.003166989032745371
-0.15865522623062134
1.4206688404083252
0.06840000301599503
0.8405368030071259
0.055004991590976715
0.7932040393352509
0.18626816516685485
0.18626816516685485
0.009600653703689566
1.5274291038513184
0.06455913931131363
-0.07299990897941588
-0.010046318714141855
0.5398590564727783
0.5398590564727783
-0.09386707097291946
-0.034045226871967316
-0.03276301175355911
-0.03276301175355911
-0.03276301175355911
0.05350132340621949
-0.24318307638168335
0.09329752326011659
0.10121867507696153
0.15027564764022827
0.15027564764022827
0.1449326127767563
0.12364248037338255
1.4144059419631958
0.2135692611336708
0.009102568571090708
0.530990332365036
-0.09589660912752151
0.530990332365036
0.043350615148067484
0.17394567507696151
-0.13422727584838867
-0.13422727584838867
-0.06756057584838868
-0.09878132492303848
-0.09878132492303848
-0.09878132492303848
-0.09878132492303848
-0.09878132492303848
-0.10217193514108658
-0.09878132492303848
-0.09878132492303848
0.4309197520656586
-0.027352724923038488
-0.007872224923038476
-0.007872224923038476
-0.027352724923038488
-0.09878132492303848
-0.09878132492303848
-0.09878132492303848
-0.09878132492303848
-0.09878132492303848
-0.09878132492303848
-0.11118784546852112
-0.09878132492303848
-0.09878132492303848
-0.09878132492303848
-0.09878132492303848
-0.09878132492303848
-0.09878132492303848
0.21223604679107666
0.7731564044952393
-0.09878132492303848
-0.09878132492303848
-0.09878132492303848
-0.09878132492303848
-0.09878132492303848
-0.11593767255544662
-0.11792859435081482
-0.11505883932113647
-0.11593767255544662
-0.11593767255544662
0.00030943751335144043
0.00030943751335144043
1.4833775162696838
0.035801589488983154
-0.09878132492303848
-0.09878132492303848
-0.09878132492303848
-0.09878132492303848
-0.09878132492303848
-0.09878132492303848
-0.09878132492303848
-0.09878132492303848
-0.09878132492303848
-0.09878132492303848
-0.1301262378692627
-0.06454689800739288
-0.07469309866428375
-0.06454689800739288
-0.09878132492303848
-0.09878132492303848
-0.09878132492303848
-0.09878132492303848
-0.09878132492303848
-0.09878132492303848
-0.09878132492303848
-0.09878132492303848
-0.09878132492303848
-0.09878132492303848
0.06245037913322449
0.04755519276428222
0.06245037913322449
0.04755519276428222
0.06245037913322449
-0.36537501215934753
0.08319437205791474
0.1268804892897606
0.1268804892897606
0.08319437205791474
0.08319437205791474
-0.09878132492303848
-0.09878132492303848
-0.08567264676094055
-0.09878132492303848
-0.08567264676094055
-0.1730698198080063
1.3711334466934204
-0.09878132492303848
-0.09878132492303848
-0.09878132492303848
-0.09878132492303848
-0.09878132492303848
0.08312548398971559
0.08312548398971559
0.08312548398971559
0.08312548398971559
0.08312548398971559
-0.03469615429639816
-0.03469615429639816
-0.03469615429639816
-0.03469615429639816
-0.03469615429639816
-0.06456401944160461
0.5514343976974487
0.5514343976974487
0.019520916044712067
0.019520916044712067
0.019520916044712067
0.019520916044712067
0.019520916044712067
0.16833078861236572
0.31820952892303467
0.31820952892303467
-0.193306669052124
-0.11354421133232118
-0.2762993574142456
0.1314366817474365
0.050482720136642456
-0.46549686789512634
0.28789624890255927
0.28789624890255927
