-0.10334277153015137
0.18050697492218015
12.3483247756958
0.2315109372138977
1.2029034495353699
0.1302337646484375
1.2567870130473375
-0.15538430213928223
5.765597343444824
-0.9891330003738403
-0.9891330003738403
0.15026660317611695
1.1676091255302428
-0.4291544795036316
2.1994207311630247
0.4474768519401551
1.2449823004466296
0.57200688123703
1.1759027296733857
0.2980490470485687
-0.4234294891357422
1.755450502038002
0.9839128397903443
0.5413353199195863
0.9460136294364929
0.5053881406784058
0.7183278965301514
1.2287368774414062
0.7856432653465271
-0.018489062786102295
0.5244643092155457
0.6346984789962768
0.8130430551757812
0.43440359830856323
-0.0395503044128418
1.5580190420150757
0.6279708106536865
0.46144660766601553
-0.4727981686592102
1.2340883737373352
0.07063734531402588
0.8209470266532899
3.9481945389938353
1.0266491066169738
0.1329298173828125
0.18300427496433258
1.2415881773109436
0.18300427496433258
1.7147936642169954
-0.38695241564941407
0.33524830412673945
-0.38695241564941407
1.2097658663988113
-0.05443920264625551
-0.11627376079559326
-0.11336249113082886
1.4833971167039872
-0.10110042920684814
-0.42044888734817504
0.35509541630744934
0.05767537037849424
0.05767537037849424
1.9765721559524536
0.07096563261604309
0.0709653643951416
0.42615730412673947
0.9795366736221314
-0.3193051899261474
-0.2623896733467102
-0.2623896733467102
0.49074395024108886
0.49074395024108886
0.3681371212005615
0.35697146058082585
0.589391082988739
0.00783872994041443
-0.17133209062957763
0.00783872994041443
0.473757381439209
0.473757381439209
-0.8187589645385742
0.5917287707328797
-0.16393160820007324
0.08032497809982297
0.08032497809982297
1.2630979096336366
1.2630979096336366
0.8595931604504585
1.0904470086097717
-0.008492697767639154
-0.35099101066589355
-0.008492697767639154
-0.2739354626693725
0.7223159899330138
0.7223160495376586
0.8606428503990173
0.6729319095611572
1.3931017224655151
1.3931017224655151
0.232285149163723
1.2556670904159546
1.2556670904159546
1.0687865370941163
1.0687865370941163
0.2447171330451965
1.5512011051177979
0.09562723392677308
0.09562723392677308
-0.08961297869682311
0.17517570311260222
0.17517570311260222
0.6680681461524964
0.6680681461524964
1.0386198312044144
0.26933120137023925
0.6418417031126022
0.6418417031126022
0.05283069731712342
0.05283069731712342
0.015409964395141598
0.3178254807548523
0.5767210715789794
0.6193105409965516
-0.22344610691070554
0.0836199437789917
0.0836199437789917
-0.023239463567733765
1.4357722282409668
1.435772705078125
-0.05180846100616454
-0.02064456939697268
-0.05180846100616454
4.108041226863861
-0.07926247990798951
-0.07926247990798951
3.999615788459778
5.999615788459778
5.999615788459778
1.9996157884597778
0.9512234072437287
0.9512234072437287
7.827139616012573
0.7127570142364501
0.42417972087860106
0.42417972087860106
0.21738728340148916
0.21738728340148916
-0.22880595922470093
0.40495061032104496
0.40495061032104496
0.2689920663833618
1.5889174930000305
1.5889174930000305
0.8727991066169738
0.8727991066169738
1.0677980184555054
1.291431700630188
2.00479021900177
2.00479021900177
1.067798137664795
0.7931925654411316
0.7931925654411316
0.6858119093704225
0.6858119093704225
2.2206436716842655
0.6842761039733887
14.973273038864136
14.973273038864136
10.146052837371826
1.857145071029663
1.857145071029663
0.5569714605808258
1.3569636344909668
0.04295290937042234
0.04295290937042234
-1.320659875869751
-1.320659875869751
-1.320659875869751
-1.320659875869751
-1.320659875869751
-1.320659875869751
-1.320659875869751
1.9732730388641357
1.9732730388641357
0.4718058151397705
1.8569636344909668
0.6990802032146454
0.6990802032146454
0.11591510772705083
-0.47141344899368287
-0.4714133297843933
0.9383506500053407
1.2556797229957581
1.2556797229957581
7.9765719175338745
1.4096684979248046
1.4096684979248046
1.6120925527668
0.14605283737182617
4.607145071029663
-0.2794492995185852
0.97388635521698
0.97388635521698
-0.2802239959106445
0.47116420733749864
0.28068162274169917
1.3695882265434265
1.3695882265434265
0.9732730388641357
1.857145071029663
0.86367388123703
0.6148545389938354
2.3401859164237977
2.3401859164237977
19.0070641040802
0.14764621900177
0.6808665633201599
-0.35099101066589355
0.6426743268966675
1.6561115193367004
0.35613709688186646
0.14900898933410645
1.4611842930316925
1.4611842930316925
2.0870130730247496
2.0870130730247496
1.3715886227416991
-0.35099101066589355
-4.673617114868164
-4.673617114868164
-4.673617114868164
-4.673617114868164
-4.673617114868164
-4.673617114868164
-4.673617114868164
0.28152453899383545
0.9335222075805664
0.35613709688186646
-0.35099101066589355
1.381761640663147
-0.05180846100616454
0.6774380445480346
0.45232959145736695
0.35613709688186646
0.8163631040954591
0.8561370968818665
-0.22064456939697263
0.9273055691146851
0.9273055691146851
-0.05180846100616454
0.07063734531402588
0.6061370968818665
0.650269603176117
0.37167485923767085
-0.02064468860626223
0.8561370372772217
0.6188925235443116
-0.34973339682388305
0.37935543060302734
0.5070237622032165
0.5070237622032165
0.4147445186972618
0.4147445186972618
0.053884700481414805
0.846776008605957
1.2315109372138977
0.9765719175338745
-0.02342808246612549
1.1596879181823732
2.731568455696106
-0.38514246100616456
0.6490089893341064
-0.018489062786102295
0.7756151898345948
-0.02342808246612549
0.11479366421699522
0.07743804454803471
1.3427489382171631
-0.02342808246612549
-0.02342808246612549
0.28152453899383545
0.745195016342163
-0.2794492995185852
-0.17788732051849365
0.9050055980682373
0.6148545389938354
-0.11278223991394043
-17.3727430189209
1.0586012601852417
-0.35099101066589355
0.2937489899330139
-0.1348230100669861
-0.02342808246612549
0.8744259918289184
-0.22064456939697263
1.7321283226776123
0.9948279505538942
0.6542770266532898
1.1225639021682738
0.1641428232192993
0.9770570213031768
0.14900898933410645
0.6290749437789916
-0.22064456939697263
-0.18048125505447388
-0.18048125505447388
0.3734042339267731
0.9765719175338745
3.9220550060272217
2.9481945389938353
0.056362271308898926
0.056362271308898926
-0.02342808246612549
0.32211267948150635
0.32211267948150635
0.8625168100738525
-0.35099101066589355
0.7055528402328491
-0.350990891456604
0.20436225777435302
0.20436225777435302
0.835714164138794
2.431241035461426
0.35613709688186646
0.37962349504232407
1.9765719175338745
0.9220550060272217
0.7401212132644654
0.7401212132644654
0.7401212132644654
0.7401212132644654
0.7401212132644654
0.7401212132644654
0.7401212132644654
0.6290749437789916
-0.29904502630233765
-0.4028757734031677
-0.02064456939697268
-0.2741009299621582
1.1968753337860107
3.0409584045410156
3.8271396160125732
1.6490089893341064
-0.06339876299667357
-0.06339876299667357
0.9481945389938355
15.976571917533875
2.2829917073249817
2.2829917073249817
0.17324538582992555
0.17324580306243897
-0.326754196937561
-0.32675461417007445
0.5830450700378418
0.4373367547988891
0.4373367547988891
0.9042770266532898
-0.16008861417007447
-0.16008861417007447
4.1490089893341064
1.1580956973171235
2.9765719175338745
0.23733675479888916
0.23733675479888916
0.5687247131910325
-0.22064456939697263
1.1129479885101319
1.1129479885101319
2.447763353586197
-0.35099101066589355
1.1061370968818665
1.8372919207382203
1.8372919207382203
0.9147445186972618
0.9147445186972618
0.14900898933410645
0.5827599918289185
0.1793554306030274
0.14900898933410645
6.1490089893341064
9.976571917533875
-0.14435970783233643
2.2829915285110474
1.6148547774124147
-0.44548539763259887
0.14900898933410645
1.720547700481415
0.38842533551979064
1.9765719175338745
0.1363326609134674
2.6061370968818665
-0.3277888596057892
1.4815109372138977
0.7956128274841309
0.7956128274841309
-0.05180846100616454
5.6490089893341064
-0.2155490224227905
0.16066259145736694
-0.38514246100616456
-0.02342808246612549
-0.02342808246612549
-0.02342808246612549
0.9765719175338745
0.9765719175338745
0.9765719175338745
0.9765719175338745
-0.46732439154815675
0.5427994728088379
0.7793554306030273
0.7793554306030273
1.1061370968818665
1.1061370968818665
0.1647445186972618
0.7625663757324219
0.9765721559524536
0.9260574579238892
1.2205477004814147
9.976571917533875
-0.05180846100616454
9.976571917533875
1.2205477004814147
0.05767537037849424
-1.2651558553619386
-1.2651558553619386
-1.7318221553619384
0.19812007302474977
0.3872177004814148
0.3872177004814148
0.19812007302474977
0.7147312932033538
0.5027686362133026
0.7147312932033538
0.5027686362133026
0.6148545389938354
0.3028526601858139
0.3500561182909012
0.3500561182909012
0.3028526601858139
0.297665304366684
0.33009493136940005
0.33009493136940005
0.297665304366684
-0.2066770716960907
-0.2066770716960907
-0.031133714891910552
-0.031133759595394134
-0.2036569595336914
0.5963431000709534
0.5963431000709534
0.5963431000709534
0.5963431000709534
-0.02342808246612549
2.1490089893341064
-0.23053959058380125
-0.12033559436035157
-0.12033559436035157
-0.23053959058380125
-0.23053959058380125
0.5717440882878303
0.5717440882878303
0.551571083782196
0.5717440882878303
0.5717440882878303
-0.26843154430389404
-0.26843154430389404
5.231568455696106
0.07063734531402588
-0.2684890627861023
-0.2684890627861023
-0.2684890627861023
-0.2684890627861023
-0.2684890627861023
0.1793554306030274
0.1793554306030274
0.1793554306030274
0.1793554306030274
0.1793554306030274
4.976572155952454
2.9765721559524536
2.9765719175338745
2.9765719175338745
-0.4169579299621582
-0.4169579299621582
-0.4169579299621582
-0.4169579299621582
-0.4169579299621582
-0.3436377286911011
-0.3436377286911011
-0.3436377286911011
-0.35743592697525023
-0.35743592697525023
-0.014357030391693115
0.053884700481414805
-0.014357030391693115
0.053884700481414805
-0.014357030391693115
2.9765719175338745
-0.22064456939697263
-0.14386290311813354
-0.14386290311813354
-0.22064456939697263
-0.22064456939697263
0.25644685258483885
0.25644685258483885
0.23564296960830688
0.25644685258483885
0.23564296960830688
-0.4461152995185852
0.9765719175338745
-0.03323365942382811
-0.04363772869110105
-0.04363772869110105
-0.03323362962150572
-0.03323362962150572
0.5147936642169952
0.5147936642169952
0.5147936642169952
0.5147936642169952
0.5147936642169952
-0.39386290311813354
-0.39386290311813354
-0.39386290311813354
-0.39386290311813354
-0.39386290311813354
-0.19439727067947388
-0.16393160820007324
-0.16393160820007324
0.5867043733596802
0.5867043733596802
0.5867043733596802
0.5867043733596802
0.5867043733596802
0.9512038230895996
-0.2517356872558594
-0.2517356872558594
-0.2794492995185852
-0.40116085166168214
-0.40116085166168214
0.23348331451416016
0.3372949207382202
-1.1413605367584228
-0.38514222258758546
-0.38514222258758546
