0.8998688757419586
0.6882285387233495
13.96100091189146
0.21864085271954536
0.07138213887810707
0.9618352130055428
1.1983427906119823
0.9659788496792316
7.438212405890226
0.9389382377266884
0.9389382377266884
0.024363303557038307
0.8507674896771907
0.020453693345189095
2.133451131752133
0.3036984907643795
1.155935768158436
0.02541834259586334
1.6323912607562543
0.06955739855766296
0.9626093544065952
1.9648901149630547
0.01273894007339478
1.1429003773313762
0.9770565796643496
1.9655164442956448
0.1636350303888321
0.09868886321783066
0.5154867365458011
0.46864085271954536
0.9894472323358059
0.49174562331986427
0.10947868227958679
0.7338350620120764
0.9652819111943245
1.098411863489151
0.1471854625782013
1.2999244315493106
0.45575546100735664
0.10435625409650803
0.9581457786262035
1.149864699510932
4.6384824624341725
0.056335117390131945
0.6375283287657499
0.028210561722517014
0.46538614622497554
0.028210561722517014
0.02784731425344944
0.3053741915332079
0.7152901520635485
0.3053741915332079
1.21559165045619
0.36737843905901907
0.43237003684043884
0.48175109177827835
1.5319717393642664
0.04600285366177559
0.1786207377910614
0.4332652986049652
0.44255507121801374
0.44255507121801374
0.0350407250225544
0.06911320221281052
0.06911318731164932
0.8061991520635485
0.3367209415063858
0.1667771264501214
0.06652799951093197
0.06652799951093197
0.023258507483482363
0.023258507483482363
0.01615946926176548
0.7919876465573907
0.6185152081317902
0.02071872370696068
0.18981680134093762
0.02071872370696068
0.052253398001193996
0.052253398001193996
0.04619912430644035
0.8904049187898636
0.9659735970199108
0.6997842225224375
0.6997842225224375
0.7741491695685386
0.7741491695685386
0.7790102660655975
0.07452930119490624
0.040294229246950156
0.468399565666914
0.040294229246950156
0.13308828943884374
1.2705566357216238
1.2705566366529464
1.362701059319079
0.9796393495053053
0.6630902369484901
0.6630902369484901
0.1183215023494959
1.9566707648336887
1.9566707648336887
1.6476066408735515
1.6476066408735515
0.49306592205539346
0.9358979985117912
0.12433489838671685
0.12433489838671685
0.17138112597167493
0.23707506524455546
0.23707506524455546
1.118821108533144
1.118821108533144
1.0768942199647427
0.6432554093940258
0.5037410652445554
0.5037410652445554
0.1113828246486187
0.1113828246486187
0.01355778731164932
0.1413149131281376
0.18473537227630615
0.169650258092165
0.3793157633394003
0.12265811390805245
0.12265811390805245
0.21489499509334564
0.22199297973942755
0.22199298346471785
0.6384794624341726
0.5783025681972503
0.6384794624341726
0.9757139105349779
0.11670826166045667
0.11670826166045667
4.962667237967253
6.962667237967253
6.962667237967253
2.9626672379672527
0.2431091597776413
0.2431091597776413
8.965950008481741
1.1283753914541006
0.15029217004776002
0.15029217004776002
1.301883241342306
1.301883241342306
0.09850353747606277
0.12320201746749879
0.12320201746749879
0.9763136096298695
1.0241712676501273
1.0241712676501273
1.2101820173901319
1.2101820173901319
1.958311278373003
1.6504819260966779
2.5564947253915666
2.556494726322889
1.9583112709224224
0.43523093312978745
0.43523093312978745
1.0469608013409377
1.0469608013409377
0.8628393479189873
0.4002527482807636
10.96514267474413
10.96514267474413
7.968584530055523
1.4754264876246452
1.4754264876246452
0.5919876465573907
1.9757917616516352
0.4041018013409376
0.4041018013409376
0.18723231554031372
0.18723231554031372
0.18723231554031372
0.18723231554031372
0.18723231554031372
0.18723231554031372
0.18723231554031372
0.9651426747441292
0.9651426747441292
0.44308456814855335
0.02420823834836483
0.12398062176632882
0.12398062176632882
0.7797663763165474
0.3062766319321394
0.3062766431080103
0.2707680086627007
0.6172483531577587
0.6172483531577587
8.964959267526865
0.5812977808156014
0.5812977808156014
0.43153865470165015
0.03141546994447708
4.475426487624645
0.3149346834229231
0.4475361667573452
0.4475361667573452
0.26525831362450125
0.349478246076107
0.715750119244635
0.5996744667656422
0.5996744667656422
0.9651426747441292
0.47542648762464523
0.6412479574041366
1.3051424624341725
1.7485967047512532
1.7485967047512532
9.938372243195772
0.12792172539156677
0.28846541106700896
0.468399565666914
1.4686747752130032
1.368709901869297
0.9751620795577765
0.968399565666914
1.3982131404858829
1.3982131404858829
2.211546252602041
2.211546252602041
1.806657119244635
0.031600434333086014
0.3568260073661804
0.3568260073661804
0.3568260073661804
0.3568260073661804
0.3568260073661804
0.3568260073661804
0.3568260073661804
0.3051454624341726
0.6664198125190735
0.9751620795577765
0.468399565666914
1.386952363307476
0.6384794624341726
1.1698324538767337
0.47411599064302445
0.9751620795577765
0.81033955514431
0.7251620795577765
0.3783025681972504
0.8067004207396508
0.8067004207396508
0.02818753756582737
0.9581457786262035
1.2251620795577765
0.6423036964429617
0.35769244949913026
0.17830257192254068
0.47516207583248615
0.399203880692482
0.1423036964429617
0.5783025681972503
0.05139600485563278
0.05139600485563278
0.20214146375656128
0.20214146375656128
0.6482686834229231
0.4351658081455231
1.7186408527195454
1.964959267526865
0.035040732473134995
0.7156254637050629
3.4616474732756615
0.3051454624341726
0.031600434333086014
0.46864085271954536
0.4680361344060898
0.964959267526865
0.5721526857465505
0.03016754612326622
0.985951293811798
0.964959267526865
0.964959267526865
0.6384794624341726
0.3088618070659637
0.3149346834229231
0.4543200694024563
0.2669919073581696
1.3051424624341725
0.48160168528556824
0.9296128749847412
0.8364682048559189
0.468399565666914
0.8419896357216239
0.4134176357216239
0.964959267526865
0.4327947795391083
0.3783025681972504
0.6407283479528427
0.6211260674340725
0.983194699510932
0.46533981656599044
0.16760807558894159
0.37138112597167494
0.968399565666914
0.30447611390805246
0.3783025681972504
0.1820673942565918
0.1820673942565918
0.23544589838671687
0.035040732473134995
0.9523875042796135
0.3051454624341726
0.09208564311265946
0.09208564311265946
0.964959267526865
0.9543200694024563
0.9543200694024563
0.3485951264501214
0.468399565666914
0.3496288783848286
0.468399565666914
0.5644383685843944
0.5644383648591041
0.138739590927124
0.04619912430644035
0.9751620795577765
0.34173593297600746
2.964959267526865
0.047612495720386505
0.4364699877300262
0.4364699877300262
0.4364699877300262
0.4364699877300262
0.4364699877300262
0.4364699877300262
0.4364699877300262
0.21356711390805244
0.10770418681204319
0.34317328801441194
0.5783025681972503
0.12198399542939664
0.04852234572172165
1.9765245448797941
4.965950008481741
1.468399565666914
0.2495690057234764
0.2495690057234764
0.3051454624341726
7.964959267526865
2.971562260761857
2.971562260761857
0.047369081526994705
0.04736907035112381
0.04736907035112381
0.047369081526994705
0.26484099542939665
0.7530885890126229
0.7530885890126229
1.233194699510932
0.047369081526994705
0.047369081526994705
0.031600434333086014
1.2166478246486188
0.035040732473134995
0.9530885890126228
0.9530885890126228
0.6095416833605767
0.3783025681972504
0.05312062650918961
0.05312062650918961
1.9679175727069378
0.468399565666914
0.22516207955777645
0.11905801722836495
0.11905801722836495
0.7021414637565613
0.7021414637565613
0.468399565666914
0.18279477953910828
0.7783025681972504
0.468399565666914
1.468399565666914
2.964959267526865
0.025173479691147804
0.6382292626245022
2.3051424736100437
0.01862478442490101
0.468399565666914
0.3149346834229231
0.023853236809372902
2.964959267526865
0.021735655143857002
1.2251620795577765
0.02517758496105671
1.2186408527195454
0.2852331394510269
0.2852331394510269
0.3051454624341726
1.968399565666914
0.027818745002150536
0.09911599064302445
0.3051454624341726
0.964959267526865
0.964959267526865
0.035040732473134995
0.035040732473134995
0.035040732473134995
0.035040732473134995
0.035040732473134995
0.20533300245237351
0.0955379530787468
0.17830256819725038
0.17830256819725038
0.22516207955777645
0.22516207955777645
0.20214146375656128
0.29976790621876714
1.9649592749774456
0.2679531164467335
0.1482686834229231
0.964959267526865
0.02818753756582737
0.964959267526865
0.1482686834229231
0.26073707121801376
0.1424395591020584
0.1424395591020584
0.07577285910205842
0.010673747397959232
0.018398316577076912
0.018398316577076912
0.010673747397959232
0.02718348056077957
0.029344696551561356
0.02718348056077957
0.029344696551561356
0.6384794624341726
0.04553628084228038
0.06855831188354493
0.06855831188354493
0.04553628084228038
0.023782044649124146
0.023366084322333336
0.023366084322333336
0.023782044649124146
0.028477931395173073
0.028477931395173073
0.03741123527288437
0.037411224097013474
0.03433525189757347
0.03433524817228317
0.03433524817228317
0.03433524817228317
0.03433524817228317
0.964959267526865
1.468399565666914
0.0265620406717062
0.030422188341617584
0.030422188341617584
0.0265620406717062
0.0265620406717062
0.028569571673870087
0.028569571673870087
0.014412480406463146
0.028569571673870087
0.028569571673870087
0.46164747327566147
0.46164747327566147
1.9616474732756615
0.9581457786262035
0.031359147280454636
0.031359147280454636
0.031359147280454636
0.031359147280454636
0.031359147280454636
0.021697431802749634
0.021697431802749634
0.021697431802749634
0.021697431802749634
0.021697431802749634
0.9649592749774456
0.0350407250225544
0.035040732473134995
0.035040732473134995
0.02087300457060337
0.02087300457060337
0.02087300457060337
0.02087300457060337
0.02087300457060337
0.007914356887340546
0.007914356887340546
0.007914356887340546
0.010673747397959232
0.010673747397959232
0.23770106118172407
0.3149346834229231
0.23770106118172407
0.3149346834229231
0.23770106118172407
0.035040732473134995
0.17830256819725038
0.22516207955777645
0.22516207955777645
0.17830256819725038
0.17830256819725038
0.025230297818779945
0.025230297818779945
0.012298938818275928
0.025230297818779945
0.012298938818275928
0.018398316577076912
1.964959267526865
0.011989929713308811
0.007914356887340546
0.007914356887340546
0.011989928781986237
0.011989928781986237
0.17215268574655057
0.17215268574655057
0.17215268574655057
0.17215268574655057
0.17215268574655057
0.02483792044222355
0.02483792044222355
0.02483792044222355
0.02483792044222355
0.02483792044222355
0.22649592906236649
0.9659735970199108
0.9659735970199108
0.11356664355844259
0.11356664355844259
0.11356664355844259
0.11356664355844259
0.11356664355844259
0.9653751626610756
0.9656982757151127
0.9656982757151127
0.1482686834229231
0.3056778846489191
0.027655115351080894
0.5528206214308738
0.45239101722836494
0.07299113273620605
0.3051454736100435
0.3051454736100435
