6.0
0.603175
13.75
0.08333299999999999
0.125
1.0
1.23529
2.0
2.5
0.0
0.75
0.5
0.571429
0.0
11.84615
0.333333
0.7222200000000001
0.0416667
1.16667
3.0
0.470588
1.9285714
0.0714286
0.1666700000000001
0.25
1.0
0.0
0.5
0.07142899999999996
0.5
1.0
0.529412
0.5
0.464286
0.18181800000000004
1.05555
0.0677966
0.6666629999999999
0.4285714
0.133333
0.6666700000000001
0.8333370000000001
4.2666699999999995
0.3230769
1.333333
0.0625
0.521739
0.1375
9.0
0.23333299999999998
0.12987000000000004
0.333333
1.05
0.428571
0.6666700000000001
0.5
0.685995
0.25
0.2
0.5
0.04545500000000002
1.8787850000000001
0.111111
0.111111
0.111111
0.551515
10.636364
0.818182
0.0833333
1.4166667
0.09285700000000001
0.892857
0.0
0.13333300000000003
0.279221
0.0588235
0.21428499999999998
1.9411765
0.12
0.12
0.904762
0.44545500000000005
0.0
0.364286
0.285714
0.866667
0.866667
0.8125
0.48888899999999996
0.9047619
0.75
0.0952381
0.846154
1.16071
0.5773769999999999
1.2840909
1.0
0.464286
0.035714000000000024
0.31168799999999997
1.8
2.0
1.41667
1.26667
0.5
0.19999999999999996
0.547619
0.166667
0.2
0.304762
0.066666
1.16667
1.16667
0.1607099999999999
0.416667
0.21666700000000005
0.533333
0.708772
0.1162283
0.0555556
1.987183
0.238095
0.272727
0.19999999999999996
0.9848520000000001
0.15151499999999998
0.25
0.733333
0.159524
0.06666700000000003
0.4714300000000001
0.416667
0.5
1.857143
0.857143
4.0
6.5
6.428571
3.0
0.304348
0.22898499999999994
8.0
0.559527
0.13333299999999998
0.2
1.33333
0.6666629999999999
0.479167
0.9848520000000001
0.181818
1.0
8.91304
1.08696
0.7692300000000001
1.23077
0.3333299999999999
1.66667
2.389612
2.5036334
1.071429
0.5
0.3
0.9805209000000001
1.15079
0.803571
0.4375
11.0
10.833333
7.470588
1.5
0.928571
0.5090909
1.545455
0.17857099999999998
0.161904
0.5
0.0
1.0
0.0
0.12
0.4
0.25
0.0714300000000001
1.0
0.145455
0.142857
7.318182
0.31818199999999996
0.61667
0.333333
0.333333
0.285714
0.166667
0.666667
8.272727
0.16842100000000004
1.368421
0.263889
0.0
4.5
0.333333
0.333333
0.166667
0.114286
0.25454499999999997
0.727273
0.6011903000000001
0.07142800000000005
0.75
0.4375
0.9583370000000001
0.8333299999999999
1.072727
1.675
7.0
2.8571429999999998
0.36
1.0
1.0
0.725714
2.0
1.0
1.16667
0.7500030000000001
1.858584
1.05555
0.9515129999999999
7.0
0.428571
1.5
1.5
1.0
2.0
0.2
0.25
0.08333299999999999
7.181818
2.0
0.033332999999999946
0.900537
0.0
0.95
2.458333
0.833333
0.42857100000000004
0.25
0.08750000000000002
0.22670800000000002
0.869565
1.0
0.733333
1.25
0.508772
0.649351
0.08000000000000002
0.5
0.09133499999999994
0.48717900000000003
0.15000000000000002
0.363636
0.157895
0.25
0.25
0.4
0.08242800000000006
1.386364
1.0952380000000002
2.15385
0.4436049999999999
3.5
0.17543799999999998
1.0
0.166667
0.09615399999999996
1.0
0.16249999999999998
0.157895
1.10811
0.4
0.13043499999999997
0.4047630000000001
0.5476190000000001
0.333333
0.5
0.6
1.33333
0.5
0.0
0.7291700000000001
1.3
2.1428570000000002
0.571429
1.0
0.5
0.03636400000000001
0.16190400000000005
0.666667
0.0
0.0
0.2
0.288889
0.18181800000000004
0.011363999999999985
1.6
0.416667
0.37295100000000003
0.7222219999999999
0.0
0.35294099999999995
1.416667
0.081818
1.7
0.0
0.714286
0.333333
0.13636399999999999
0.21428599999999998
0.4
0.4047619
0.583333
0.42948699999999995
2.823529
0.0
0.666667
0.625
1.6666699999999999
0.125
0.28571499999999994
0.19642899999999996
0.471429
0.678571
0.928571
1.0952410000000001
0.7142809999999999
0.7272730000000001
2.09722
0.578947
0.6
0.10714299999999999
0.642857
1.0
5.0
1.285714
0.2619044
0.666667
0.666667
7.9
3.0
3.0
2.57143
1.66667
0.0
0.125
0.16571400000000003
0.8
0.8
0.25
1.23077
0.2
0.571429
0.26316000000000006
0.266667
0.0
0.6
0.01960799999999996
0.9333299999999999
1.2333299999999998
0.1
1.0
0.208333
0.75
0.11111100000000002
0.166667
0.25
0.416667
0.149351
0.35
0.01818199999999992
0.5
1.5
2.377049
0.0
0.166667
2.33333
0.0
7.5
0.333333
0.604167
3.0
1.0
1.25
0.0
1.138889
0.666667
8.666667
0.066666
7.0
1.75
0.333333
0.04166599999999998
0.8
1.0
0.0952381
1.48387
0.0
1.0
0.0
0.291667
0.375
0.2
0.2
0.25
0.75
0.333333
0.35
2.0
0.3125
0.10605999999999999
0.666667
0.452381
1.22222
0.16666599999999998
0.5272730000000001
0.0
0.8
1.0047633
0.0
1.0
0.583333
0.25
0.277778
3.0
1.5
0.0
0.145833
0.1785714
0.9090909
0.24242389999999997
0.0714286
2.0
0.622951
0.0909091
1.41667
0.428571
0.0
0.0
1.25
0.333333
1.0
8.0
1.16667
0.166667
0.846154
1.25
1.66667
0.653846
0.866667
1.14286
0.714286
0.0
0.4
0.0
0.0
0.0
7.5
0.07142899999999996
2.0
0.333333
0.25
0.5
0.227273
0.0
1.0
0.166667
0.363636
0.4
0.2
0.0
0.875
9.0
0.0
0.0
2.0
0.529412
0.869565
2.0
1.33333
0.0
0.428571
1.08696
0.727273
1.0
0.25
0.28961800000000004
0.25
1.666667
0.15000000000000002
0.2
0.2
0.06818199999999999
1.55
1.05
0.3
0.857143
0.266667
1.0
0.166667
0.0
0.4
1.695652
0.214286
0.0
0.666667
0.5
0.0
0.0
0.2
0.2
0.37142899999999995
0.8
0.25
1.0
0.0
0.0
1.0
0.25
2.0
1.0
0.40833299999999995
0.208333
0.125
0.875
0.125
0.6
1.0
0.714286
0.166667
0.208333
1.0
0.4
0.07142900000000002
0.0
0.0
0.166667
