6.0
0.603175
13.5
0.08333299999999999
0.1875
0.46666700000000005
1.092433
2.0
13.5
0.0
0.5
0.166667
0.571429
0.03333330000000001
11.84615
0.46666700000000005
0.7222200000000001
0.7631600000000001
0.9666700000000001
2.666667
0.470588
1.321429
0.253039
0.1666700000000001
2.25
1.0
0.15280500000000002
0.03125
0.261904
0.0
0.0
0.220588
0.05882399999999999
0.39286
0.13636400000000004
1.3055599999999998
0.716102
1.0000000000000002
0.17857100000000004
0.46666299999999994
0.6666700000000001
0.8333370000000001
4.2666699999999995
0.9846199999999999
3.083333
0.3375
0.5533600000000001
0.9375
6.8
0.166667
0.12987000000000004
0.06666700000000003
0.25
0.571429
0.75
0.388889
0.7971050000000001
0.014705999999999997
0.33333299999999993
0.625
0.545455
1.8787850000000001
2.0
0.888889
0.13888899999999998
0.551515
15.454545
1.818182
0.9166667
6.9166667
0.29285700000000003
0.892857
3.25
0.13333300000000003
0.649354
1.9411765
0.21428499999999998
1.9411765
0.24363600000000002
1.14316
0.654762
0.44545500000000005
0.0
0.08571400000000007
0.285714
0.7
3.133333
0.5625
0.4
0.9047619
1.5
0.1547619
4.596154
0.1607099999999999
0.4940429999999999
1.193182
0.764706
0.21428599999999998
0.285714
0.31168799999999997
1.0
1.4666670000000002
1.16667
1.26667
0.166667
1.8
0.547619
2.833333
0.04999999999999999
0.304762
0.733333
0.0833299999999999
1.33333
0.1607099999999999
0.333333
0.016666999999999987
0.016666999999999987
0.708772
0.342105
0.47777739999999996
1.3205169999999997
0.11428500000000003
1.136364
0.19999999999999996
0.9848520000000001
0.15151499999999998
0.08333299999999999
0.19999999999999996
0.6928570000000001
0.333333
0.4714300000000001
0.166667
3.916667
1.642857
0.642857
4.0
6.5
4.571429999999999
2.833333
0.509317
0.08115899999999998
8.0
0.7023769999999999
0.366667
0.13333299999999998
1.119044
0.11110999999999982
0.5
0.9848520000000001
0.028707999999999984
0.75
19.78261
1.1264809
0.7692300000000001
0.03239000000000014
0.3333299999999999
0.3333299999999999
2.389612
1.6053279999999999
0.4285699999999999
0.166667
0.5
0.8896120000000001
1.4841299999999997
0.4464300000000001
0.28977299999999995
14.73684
15.666667
10.470588
0.5
0.07142999999999988
0.818182
1.545455
0.17857099999999998
0.37142900000000006
0.75
0.9500000000000002
0.25
0.5
1.13
0.6
1.0
1.92857
2.333333
0.09090900000000002
2.1428570000000002
7.090909
0.09090900000000002
0.7
0.08333299999999999
0.916667
1.32143
0.7222200000000001
0.3650770000000001
8.272727
0.14737
0.94737
1.3194430000000001
0.9333333
4.25
0.09523799999999999
0.416666
0.25
0.114286
0.545455
0.3272729999999999
0.21428599999999998
1.7142840000000001
0.25
1.5625
0.8750030000000001
0.8333299999999999
1.3727270000000003
1.85
18.0
2.285714
0.3090909
1.0
1.0
0.765714
2.0
0.833333
1.0
0.833333
2.010105
1.3888899999999997
0.9515129999999999
6.5
0.834589
1.23684
0.23683999999999994
0.26316000000000006
2.48684
0.26316000000000006
0.7631600000000001
0.583333
16.136364
2.0
0.233333
0.4560900000000001
0.0
0.8999999999999999
2.458333
0.833333
1.39083
0.5
0.03749999999999998
0.15527900000000006
0.36956500000000003
0.333333
0.19999999999999996
0.583333
1.008775
0.18181800000000004
0.48
0.23683999999999994
0.009367999999999932
0.48717900000000003
0.0
0.516747
0.05263099999999998
0.25
0.0
0.4
0.20108700000000002
1.0227270000000002
1.0952380000000002
1.1538499999999998
0.4172889999999999
2.966667
0.17543799999999998
0.5
0.7222200000000001
0.846154
0.785714
0.16249999999999998
0.642105
0.4078670000000001
0.0
0.13043499999999997
0.0714300000000001
2.547619
0.27450949999999996
0.357143
0.6
1.122804
0.4
3.233333
0.7291700000000001
1.6
2.1428570000000002
0.571429
0.46875
0.291667
0.3272729999999999
0.9952400000000001
1.7999970000000003
0.0
0.4444469999999999
0.9
1.155559
0.18181800000000004
0.22727299999999995
5.6
0.583333
0.45491800000000004
0.5555559999999999
2.0
4.8529409999999995
1.9166699999999999
0.09090900000000002
1.6
0.0
0.714286
0.1666700000000001
0.86364
0.21428599999999998
0.38333300000000003
0.4047619
0.29761899999999997
0.42948699999999995
2.058824
2.23684
0.666667
0.5
1.6666699999999999
2.25
0.85714
1.9285700000000001
1.9285700000000001
1.1785700000000001
0.07142999999999988
0.7619
1.1428600000000002
0.27272700000000005
2.30556
0.578947
0.06666700000000003
1.464286
2.285714
2.75
4.25
2.285714
0.011904000000000026
0.333333
0.6666700000000001
16.2
2.25
1.0
1.904763
1.000003
0.196969
0.08333299999999999
1.02286
0.95
0.050000000000000044
1.75
0.8974369999999999
0.033333
2.57143
0.26316000000000006
3.733333
0.0
0.26666999999999996
0.01960799999999996
0.9333299999999999
0.5333299999999999
0.24117600000000006
1.0
0.291667
1.25
1.888886
2.2666633000000003
0.5
0.666667
0.32467500000000005
0.583333
0.01818199999999992
0.714286
6.9230769
10.295082
0.5
2.5
1.6666630000000002
1.833333
16.0
1.0833300000000001
0.232143
1.0
0.5
2.583333
0.208333
1.888889
0.333333
8.333333
0.13333300000000003
2.5
1.464286
0.25
0.25
0.3999999999999999
0.25
0.9047619
0.51613
2.0
1.0
0.75
0.25
1.0
0.9999999999999999
0.3999999999999999
0.48683999999999994
0.7122599999999999
0.333333
0.37142900000000006
1.888889
0.8256600000000001
1.378785
9.33333
0.21428600000000003
8.44444
1.499997
0.34545500000000007
0.28333299999999995
0.2666670000000001
1.0047633
0.416667
1.0
0.416667
0.416667
0.171717
10.785714
2.227273
0.5857140000000001
0.5208299999999999
0.10714299999999999
0.818182
2.1515120000000003
1.107143
1.9090909
0.6279949
0.10489490000000001
1.4090909
0.36190429999999996
0.36190429999999996
1.9411765
1.1911765
0.466667
0.0
10.0
0.1666700000000001
0.666667
0.846154
2.5
1.380956
0.32051300000000005
0.533334
0.9999959999999999
0.42857199999999995
0.19999999999999996
0.13333299999999992
0.602273
0.4666663
1.4666670000000002
10.5
1.9285700000000001
5.0
0.333333
0.25
0.25
0.11363600000000001
0.1730769
10.75
0.033332999999999946
0.0727270000000001
0.4
0.20000000000000007
0.057142999999999944
5.4375
5.0
3.666667
3.0
1.857143
0.386555
0.726708
1.857143
1.190473
1.15
0.32857099999999995
1.1173899999999999
0.616162
0.888889
0.0
0.038251000000000035
0.21428599999999998
1.333333
0.09999999999999998
3.6
0.12727300000000003
0.31818199999999996
1.6
1.6
2.1
0.428572
0.161904
0.25
0.404762
0.65
0.233333
1.347826
0.14935
0.0
2.6
0.13636399999999999
0.163636
0.0
0.6
0.666667
1.4285700000000001
0.0
0.0
0.75
0.28333299999999995
0.08333299999999999
0.75
1.0
2.0
0.571429
0.391667
1.2083300000000001
1.0
0.875
0.375
1.6
0.75
0.714286
0.08333299999999999
0.791667
10.666667
0.0
0.404762
0.19999999999999996
0.0
0.25
