0.2300732135772705
0.387987673746109
6.159177303314209
0.12777367234230042
0.11871175467967987
0.3188856840133667
0.22606069759368896
0.4225426912307739
4.3315064907073975
0.6280319690704346
0.6280319690704346
0.3567799925804138
0.36262956277084346
0.0929354652762413
0.8115631748199461
0.20961984192895888
0.31617253658294686
0.05587351465778351
1.0532346611785888
0.16086773574352264
0.25724101066589355
0.40241098403930664
0.05901041324272156
0.8516026383209228
0.8154571056365967
0.8252153396606445
0.26648586988449097
0.19959309697151184
0.31498329410934445
0.28690335154533386
0.4089467525482178
0.2157946811313629
0.2187134474515915
0.25219833850860596
0.6535585820674896
0.7507998401355744
0.4144491730770111
0.7318461781311034
1.435319185256958
0.41167112940979
0.9907252788543701
0.4982934350204469
2.738969838066101
0.10756817674102784
0.2945245956821442
0.1871885061264038
0.3027622490301132
0.1871885061264038
0.015394160524010658
0.08424876684379579
0.3529167003612518
0.08424876684379579
0.45011234283447266
0.11210064520454405
0.28497888147830963
0.050995051860809326
1.1750713360881806
0.16244906187057495
0.34414671659469603
0.1093587875366211
0.10184032599449155
0.10184032599449155
0.028571641072630882
0.14933283645057677
0.14933283645057677
0.7112109819836616
0.15592267914867403
0.15452556959915162
0.035502405410575866
0.035502405410575866
0.06336902058792114
0.06336902058792114
0.049294546246528625
0.1112869262695313
0.26543195522499086
0.07170435617125034
0.09073359565591813
0.07170435617125034
0.036853228807449345
0.036853228807449345
0.3463268578052521
0.6982175797224045
0.7031694948673248
0.3414493505821228
0.38891300605392454
0.7089371954841613
0.7089371954841613
0.49744799733161926
0.14877995830631258
0.07745688109817504
0.4670298099517822
0.07745688109817504
0.15800302787208556
0.18236818214416495
0.1823680629348754
0.4877094030380249
0.6395719945430756
0.14337548659896848
0.14337548659896848
0.07074720389318467
0.5586581230163574
0.5586581230163574
1.0184421295356751
1.0184421295356751
0.28911830484867096
1.0914833545684814
0.07845848107767106
0.07845848107767106
0.049216878414154064
0.12506060952377318
0.12506060952377318
0.4521958584022523
0.4521958584022523
0.7105525434017181
0.49563963765335084
0.2983029002504348
0.2983029002504348
0.10262240590572358
0.10262240590572358
0.021802273320579532
0.17593052292299272
0.07095019480705261
0.06863872480201721
0.07938497662544253
0.13939091838526727
0.13939091838526727
0.10654821991920471
0.20963720327186586
0.20963723307418825
0.2257052505569458
0.16988458633422854
0.2257052505569458
0.4905318021774292
0.27705191098976134
0.27705191098976134
0.9836540222167969
1.4001736640930176
1.4001736640930176
1.296669363975525
0.1476264527540207
0.1476264527540207
1.8123431205749512
0.17984742389678954
0.05484939813613893
0.05484939813613893
2.4260474795532225
2.4260474795532225
1.3399251699447632
0.005978711921691887
0.005978711921691887
0.07443439960479736
0.8327562036132812
0.8327562036132812
0.47433359243392936
0.47433359243392936
0.007503390312194824
1.208417272014618
1.6727994405555724
1.6727995001602172
0.007503390312194824
0.38673996925354004
0.38673996925354004
0.7270796918201448
0.7270796918201448
0.6591571413478852
0.47807592153549194
1.8549251556396484
1.8549251556396484
0.6013798713684082
0.07845985889434814
0.07845985889434814
0.3726492583751678
0.8216445446014404
0.03433869709587095
0.03433869709587095
0.026366380974650383
0.026366380974650383
0.026366380974650383
0.026366380974650383
0.026366380974650383
0.026366380974650383
0.026366380974650383
0.5750572681427002
0.5750572681427002
0.16293046752929685
0.20610830187797546
0.022532037418365486
0.022532037418365486
0.5434580326080323
0.09678630584907533
0.09678633565139771
0.8821900193557739
0.3029630636615753
0.3029630636615753
3.202500820159912
0.3248233678379059
0.3248233678379059
0.10502785516357421
0.0514436811208725
0.6430480480194092
2.7441618596954345
0.31451836228370667
0.31451836228370667
0.2398308818206787
0.03066457192420957
0.6713191695194244
0.32447786606025697
0.32447786606025697
0.7119636833667755
0.6126575469970703
0.034075275604248056
1.0034463351535796
0.7802182912826539
0.7802182912826539
2.713550090789795
0.31553022586631774
0.04696981549263002
0.1563471555709839
1.7920987606048584
1.1086803996562957
0.28342074155807495
0.3575108051300049
0.5058513039779664
0.5058513039779664
1.3615801298332215
1.3600885235977174
1.3069307557868957
0.4629552960395813
0.043912939727306366
0.043912939727306366
0.043912939727306366
0.043912939727306366
0.043912939727306366
0.043912939727306366
0.043912939727306366
0.5317964708251953
0.32839161999893185
0.5238941013813019
0.7881201505661011
0.3401201668930054
0.02300651425552369
0.21970527172088627
0.1359716510219574
0.25113940238952637
0.35808873176574707
0.3812243938446045
0.13265428543090818
0.5081412393474579
0.5081412393474579
0.10621172189712524
0.4940727949142456
0.43779444694519043
0.41404308432769776
0.007942377735137951
0.4913098096847534
0.11898672580718994
0.1272884914627075
0.16885481720733642
0.36193729043006895
0.12757092714309692
0.12757092714309692
0.3088741898536682
0.3088741898536682
0.34776596779060365
0.13473509197998046
0.4450345039367676
1.1893033981323242
0.12121368944644928
0.25752243278503417
1.3392057418823242
0.24020172709655763
0.4320789575576782
0.08022961020469666
0.0636271579704285
0.3455662727355957
0.24237406849861143
0.0271735992282629
0.5058370126342773
0.40681666135787964
0.37459123134613037
0.06842438822555541
0.024119272750854515
0.17266890352535247
0.13047513365745544
0.015513753890991189
0.824415648536682
0.31754347681999207
0.18810692429542542
0.4507578909397125
0.37529265880584717
0.49152021133232116
0.3534013547501564
0.13848602771759033
0.18212589621543884
0.2616244196891785
0.33780018335151674
0.29757647162246703
0.42509448528289795
0.17442353015708922
0.17611684203147887
0.0719770133495331
0.6446751654148102
0.12453992470359804
0.22539860904216769
0.0835595428943634
0.0835595428943634
0.007605791452407862
0.6409235000610352
0.40208011865615845
1.0374821578903197
0.07226470336318017
0.07226470336318017
0.6348093748092651
0.18527889251708984
0.18527889251708984
0.26457371012115477
0.34785914421081543
0.1537450194358826
0.3478592038154602
0.3922025406913757
0.39220251088905334
0.12654867263221742
0.17976675927639008
0.8383022248744965
0.04060721397399902
1.6748253107070923
0.0943840742111206
0.2979824996986389
0.2979824996986389
0.2979824996986389
0.2979824996986389
0.2979824996986389
0.2979824996986389
0.2979824996986389
0.01903768110466003
0.3326161205768585
0.41464636216002704
0.22869164347648618
0.16693721734809874
0.10704640299081802
0.9490282535552979
1.7512662410736084
0.639204740524292
0.36199168620574473
0.36199168620574473
0.0889239763660431
4.125033140182495
1.3392637968063354
1.3392637968063354
0.13698485493659973
0.1369848996400833
0.056028835475444794
0.056028835475444794
0.08095693541908267
0.5334119975566864
0.5334119975566864
0.366216242313385
0.07718775421380997
0.07718775421380997
1.8841122388839722
0.6124852992630005
0.2339600920677185
0.31968557834625244
0.31968557834625244
0.0224747423973084
0.5856145977973938
0.05543413162231445
0.05543413162231445
0.8690472841262817
0.2524515390396118
0.10200032591819763
0.07809092903566361
0.07809092903566361
0.4164196848869324
0.4164196848869324
0.1218751072883606
0.07871806621551514
0.2443237185478211
0.17477524280548096
0.7602529525756836
1.0258632898330688
0.29864656925201416
0.22601316815185546
1.735885525302887
0.05979999899864197
0.10062012076377869
0.1288661802368164
0.22175221145153046
2.180562198162079
0.00376893300563097
0.4751225709915161
0.09426932036876678
0.4925442337989807
0.08196677213478087
0.08196677213478087
0.41662980670166017
1.229747712612152
0.41067978739738464
0.008306666667938223
0.13776336664390565
0.46888267993927
0.46888267993927
0.27686062455177307
0.5138126015663147
0.3471554219722748
0.3471554219722748
0.3471554219722748
0.09390519613456727
0.21610838174819946
0.002394798398017872
0.2627516880631447
0.28165458887815475
0.28165458887815475
0.2335018813610077
0.19800967574119566
0.00938427448272705
0.07109987735748291
0.27458365207481383
0.6892348527908325
0.37611833214759827
0.6892348527908325
0.1304569175286293
0.16815205145072937
0.0477767214179039
0.0477767214179039
0.018889978582096095
0.09684670716524124
0.08573374152183533
0.08573374152183533
0.07032306492328644
0.05168312042951584
0.09071929007768631
0.0936388149857521
0.09667345881462097
0.12808378094863893
0.16949042235479356
0.1421665538588524
0.1421665538588524
0.13283127848968507
0.03375372290611267
0.013162283226847649
0.0725008025765419
0.03375372290611267
0.061886608600616455
0.061886608600616455
0.13897116482257843
0.08229397982358932
0.07921198010444641
0.04210703819990158
0.04210703819990158
0.17775720357894897
0.04210703819990158
0.19731169939041138
0.5856674313545227
0.042516209185123444
0.047049760818481445
0.047049760818481445
0.042516209185123444
0.0065204184502363205
0.06116126477718353
0.03184867650270462
0.050144270062446594
0.06116126477718353
0.06116126477718353
0.007999658584594727
0.007999658584594727
0.7890539169311523
0.1864173412322998
0.007243126630783081
0.025419751182198524
0.025419751182198524
0.025419751182198524
0.025419751182198524
0.03492560237646103
0.0005259998142719269
0.03492560237646103
0.03492560237646103
0.03492560237646103
0.027405858039855957
0.09457040578126907
0.1984722912311554
0.09457042813301086
0.011152446269989014
0.01924414373934269
0.011152446269989014
0.011152446269989014
0.011152446269989014
0.014133496209979057
0.02204616367816925
0.02204616367816925
0.017516929656267166
0.017516929656267166
0.1006365418434143
0.14689300900268554
0.1006365418434143
0.14689300900268554
0.1006365418434143
1.0136566162109375
0.026306238770484935
0.04040524363517761
0.04040524363517761
0.026306238770484935
0.026306238770484935
0.07402612268924713
0.07402612268924713
0.043457143008708954
0.07402612268924713
0.043457143008708954
0.24227330088615417
0.8594402074813843
0.05409196764230728
0.04854124039411545
0.048541247844696045
0.05409195274114609
0.05409195274114609
0.06487984657287599
0.06487984657287599
0.06487984657287599
0.06487984657287599
0.06487984657287599
0.07123653590679169
0.07123653590679169
0.07123653590679169
0.07123653590679169
0.07123653590679169
0.09153828024864197
0.4275575876235962
0.4275575876235962
0.08635353296995163
0.08635353296995163
0.08635353296995163
0.08635353296995163
0.08635353296995163
0.25291693210601807
0.41950440406799316
0.41950440406799316
0.09355598742198945
0.4273154889984131
0.23263007402420044
0.119215852022171
0.10836842656135559
0.31476980447769165
0.2532784039335251
0.2532784039335251
