0.5808809697628021
0.5264229779109955
6.567768573760986
0.2128596268594265
0.12434026598930359
0.739356279373169
0.6420852036857605
0.7036754786968231
5.100023031234741
0.7009744644165039
0.7009744644165039
0.0873866155743599
0.1324157418365478
0.11229675263166428
1.0568503547668455
0.3122580884205103
0.39687293407440194
0.039750403219890595
0.5725245827865602
0.1288098394870758
0.6943776309490204
0.5586138963699341
0.10435734991893768
0.34526745025634775
0.7691463232040405
1.206462800502777
0.023665715008974075
0.02244618348777294
0.36116604576492306
0.1505679190158844
0.6049069464206696
0.3553479300136566
0.05983569473028183
0.5572746396064758
0.5802606344223022
0.9959527606201173
0.08008487983140945
1.031119967060089
0.018685907125473022
0.04931872839164733
0.5482624769210815
0.9508235806655885
3.126993095321655
0.07976603293952941
0.5706696068687439
0.17219388484954834
0.29571180931472774
0.17219388484954834
0.0710156038403511
0.1737846875743866
0.44457556080627436
0.1737846875743866
0.5109068751335144
0.24230791558837889
0.28794750571250916
0.024699509143829346
1.0876716149425507
0.01286635547876358
0.041196030378341686
0.04209589958190918
0.1704204467964172
0.1704204467964172
0.1860581636428833
0.16146285849952696
0.16146285849952696
0.4846669817752838
0.12846992715454103
0.058236344676494606
0.024257397705745698
0.024257397705745698
0.04234965122413635
0.04234965122413635
0.029868144541978836
0.35485069751739506
0.3468330649204254
0.02561720816040039
0.07791245030021668
0.02561720816040039
0.06760859966278077
0.06760859966278077
0.37098070979118347
0.6971893548965454
0.1914842128753662
0.5430859033927917
0.5358821754322052
0.6761424815101623
0.6761424815101623
0.5765350162982941
0.03528603148317337
0.029836121209239966
0.5890902280807495
0.029836121209239966
0.05301744179344178
1.0135310520744323
1.0135310520744323
1.1189076006412506
0.589845597743988
0.31370535539245603
0.31370535539245603
0.040949374205589306
1.2989572286605835
1.2989572286605835
1.1644497865867616
1.1644497865867616
0.23970866203308105
0.44145506620407104
0.05139420235586167
0.05139420235586167
0.11898614168167115
0.12357350343894957
0.12357350343894957
0.5792723054122926
0.5792723054122926
0.5444841384887695
0.38509137982559205
0.06033093089294439
0.06033093089294439
0.19139864919662475
0.19139864919662475
0.024480839001560215
0.057561658863544474
0.002207264690399169
0.002860265256881711
0.0791780114173889
0.016367009799957283
0.016367009799957283
0.1729283630847931
0.051389643009185804
0.05138967281150819
0.22215639108848573
0.13983223438262937
0.22215639108848573
0.24730050563812256
0.03244407498168944
0.03244407498168944
1.8260986804962158
1.5860905647277832
1.5860905647277832
2.4092122316360474
0.0937793931465149
0.0937793931465149
3.280928611755371
0.489831333026886
0.12388726770877839
0.12388726770877839
0.0951165800857543
0.0951165800857543
0.08171984553337097
0.0820892368965149
0.0820892368965149
0.862328052520752
0.8125483216857909
0.8125483216857909
0.42554009773254386
0.42554009773254386
0.9877383708953857
0.5198264474105836
0.8358999811935424
0.8359001004028319
0.9877383708953857
0.26104480028152466
0.26104480028152466
0.7941346191692353
0.7941346191692353
0.4538401209316254
0.03572842478752136
3.0102925300598145
3.0102925300598145
2.4551711082458496
0.6403006911277771
0.6403006911277771
0.374692565202713
1.5377869307994843
0.17481882800674436
0.17481882800674436
0.057763680815696716
0.057763680815696716
0.057763680815696716
0.057763680815696716
0.057763680815696716
0.057763680815696716
0.057763680815696716
0.3334212899208069
0.3334212899208069
0.10399449746131895
0.20825105905532837
0.017552546184539802
0.017552546184539802
0.42828445434570317
0.03699044937324525
0.0369903301639557
0.6111252610549927
0.3461920475406647
0.3461920475406647
2.5179009437561035
0.49401511574172974
0.49401511574172974
0.13864597606086732
0.38896116614341736
2.114053726196289
0.5218259250564575
0.021494925022125244
0.021494925022125244
0.04449796630287173
0.2751899449062347
0.4752884633522033
0.37357826507759095
0.37357826507759095
0.5666379630565643
0.354744553565979
0.4268979573802948
0.9892229383754729
0.4482770442962647
0.4482770442962647
4.522726058959961
0.03630213462638854
0.09097458481788634
0.26085951924324036
0.2270355224609375
1.105773719549179
0.4837849736213684
0.6907273530960083
0.8139018172454835
0.8139018172454835
1.5274755322647096
1.575898345680237
1.4768370739746093
0.1412692368030548
0.07188692688941956
0.07188692688941956
0.07188692688941956
0.07188692688941956
0.07188692688941956
0.07188692688941956
0.07188692688941956
0.25250853652191163
0.680932619649887
0.6097043454647064
0.1759527623653412
0.8283737603378296
0.23406596535873414
0.7156465470790863
0.3010494863433838
0.35481691360473633
0.7073397934436798
0.4517070949077606
0.19616773128509524
0.7061092305803299
0.7061092305803299
0.09810461103916168
0.6753377020359039
1.1270935237407684
0.4391826545639038
0.5037848941574097
0.033395010232925404
0.35865098237991333
0.4344464233169556
0.022923484985351572
0.3424512207508087
0.18276318907737732
0.18276318907737732
0.20236369967460632
0.20236369967460632
0.546202935819149
0.4309605812473297
0.9010672569274902
1.4729822874069214
0.31075194478034973
0.6732897448348999
3.1887395679950714
0.016274049337387075
0.393574982881546
0.38177766650915146
0.5200485630474091
0.5753799974918365
0.23971662521362302
0.7892512083053589
0.8933944893932342
0.3148553967475891
0.6309199035167694
0.4967156494216919
0.25741948195075987
0.1112570310192108
0.05564245581626892
0.2439542502164841
0.9945436662006377
0.42492616921663284
0.2176920771598816
0.8011735677719116
0.23811271786689758
0.4692465814285278
0.29272766341781614
0.5087474286556244
0.326625794172287
0.02682008743286135
0.5693561220722199
0.1778684700088501
0.5083131194114685
0.44036696797180175
0.1289303794503212
0.0995559632778168
0.730331301689148
0.26844112380599977
0.1604334473609924
0.12221759557723999
0.12221759557723999
0.174786590400219
0.5693675875663757
0.02549910545349121
0.15255476480293273
0.04115621224045754
0.04115621224045754
0.7803784012794495
0.5561718046665192
0.5561718046665192
0.1496937702522278
0.04864099621772766
0.23498340845108034
0.048640936613082886
0.47660656964349746
0.47660656219291686
0.08109101148033143
0.154883474111557
0.7690460085868835
0.10022377967834473
1.1539881229400635
0.2750414311885834
0.3554663814105987
0.3554663814105987
0.3554663814105987
0.3554663814105987
0.3554663814105987
0.3554663814105987
0.3554663814105987
0.14505709934425354
0.006214708089828491
0.3159107791452408
0.29846850633621214
0.02305336319732665
0.7932044267654419
0.9623868465423584
2.889836072921753
0.38219892978668213
0.24716530686187743
0.24716530686187743
0.04606284255218507
3.945526599884033
1.444523811340332
1.444523811340332
0.21070128679275513
0.21070128679275513
0.054611727595329285
0.054611679166555405
0.020713209642410302
0.6764716908335686
0.6764716908335686
0.9076643884181976
0.06641671061515808
0.06641671061515808
1.0812492370605469
0.8557711340522767
1.9683475494384766
0.7368094027042389
0.7368094027042389
0.1946214799728394
0.18363133668899534
0.29377239346504214
0.29377239346504214
1.5082468390464783
0.02255907654762268
0.017879962921142578
0.05070176029634477
0.05070176029634477
0.5478358566761017
0.5478358566761017
0.34517523646354675
0.060714393854141235
0.6204100131988526
0.08588159084320068
0.3254096508026123
1.1658307313919067
0.15133187174797058
0.1675859535293579
1.6292654519844056
0.0524430125951767
0.26032784581184387
0.305210963432312
0.10253337025642395
1.9296040534973145
0.12437290698289871
0.9355340003967285
0.11713416874408722
0.6491982936859131
0.2235007280664444
0.2235007280664444
0.2438263451499939
1.2595423460006714
0.21824634075164795
0.04181087071132661
0.1990403676586151
0.7064417898654938
0.7064417898654938
0.2248249053955078
0.18883514404296875
0.2224034070968628
0.2224034070968628
0.2224034070968628
0.12423549646568299
0.2574443519115448
0.14005800411105157
0.1634140729904175
0.21641656756401062
0.21641656756401062
0.11891336739063263
0.18695065975189207
1.1005241870880127
0.22959555685520172
0.06257571334075929
0.11086499691009521
0.05837620049715042
0.11086499691009521
0.04451666081380845
0.2094727628250122
0.07419905811548233
0.07419905811548233
0.007532358115482335
0.03142525628209114
0.08995994180440903
0.08995994180440903
0.0018120929598808289
0.00037715956568717957
0.0005745589733123779
0.001292690634727478
0.002032872289419174
0.4445946669025421
0.0051418200598716685
0.04425674197468758
0.04425674197468758
0.01099450443849563
0.02989724464714527
0.050089165568351746
0.058882661163806915
0.02989724464714527
0.0409887358546257
0.0409887358546257
0.07649166136980057
0.04948361963033676
0.02655155211687088
0.052038244903087616
0.052038244903087616
0.05305120348930359
0.052038244903087616
0.6671797037124634
0.5836567878723145
0.03200686350464821
0.016453364863991737
0.016453364863991737
0.03200686350464821
0.0027617663145065308
0.047440774738788605
0.08039278537034988
0.0663255900144577
0.047440774738788605
0.047440774738788605
0.28430330753326416
0.28430330753326416
1.752119779586792
0.6924327313899994
0.04104762151837349
0.04246004670858383
0.04246004670858383
0.04246004670858383
0.04246004670858383
0.025745028629899025
0.023967653512954712
0.025745028629899025
0.025745028629899025
0.025745028629899025
0.35148894786834717
0.18014538288116455
0.16633003950119019
0.18014532327651978
0.0360417403280735
0.019109688699245453
0.0360417403280735
0.0360417403280735
0.0360417403280735
0.01992928422987461
0.024669453501701355
0.024669453501701355
0.025233931839466095
0.025233931839466095
0.14348911494016647
0.17347325330543517
0.14348911494016647
0.17347325330543517
0.14348911494016647
0.8691031336784363
0.005518633127212513
0.0390700101852417
0.0390700101852417
0.005518633127212513
0.005518633127212513
0.023593686521053314
0.023593686521053314
0.006649199873209
0.023593686521053314
0.006649199873209
0.12261774390935898
1.1153749227523804
0.02576032653450966
0.04478747397661209
0.04478747397661209
0.02576032467186451
0.02576032467186451
0.059711676836013805
0.059711676836013805
0.059711676836013805
0.059711676836013805
0.059711676836013805
0.06288314610719681
0.06288314610719681
0.06288314610719681
0.06288314610719681
0.06288314610719681
0.09900268912315369
0.46005165576934814
0.46005165576934814
0.0888948142528534
0.0888948142528534
0.0888948142528534
0.0888948142528534
0.0888948142528534
0.45440685749053955
0.45728594064712524
0.45728594064712524
0.0351258521718979
0.1604770267562866
0.14245057106018066
0.30990213751792905
0.22423908114433289
0.2112913727760315
0.20699824338722228
0.20699824338722228
