0.11182796955108643
-0.27274885727310183
7.392426490783691
-0.08586311340332031
-0.4245348572731018
0.012965142726898193
0.2482551427268982
-0.537315845489502
6.181269407272339
0.012965142726898193
0.012965142726898193
-0.3203678572731018
-0.08227285727310185
-0.7320830464363098
1.166815142726898
-0.18703485727310176
0.25373798248291024
-0.4870348572731018
0.6796351427268983
-0.5912261759681702
0.12555372714996338
1.0559231042861938
-0.30846385727310177
0.04330149833679209
0.020628511905670166
1.113713800907135
-0.5615028572731018
-0.4557848572731018
-0.41560585727310184
-0.3011811375617981
0.20720964670181274
-0.4576228572731018
-0.4282108572731018
-0.2370348572731018
0.1927725076675415
0.2629651427268982
-0.02093285727310179
0.3815015202331542
-0.7137308120727539
0.14629514272689814
-0.3370476961135864
0.1796351427268983
3.638452922744751
0.39758514272689816
-0.2968370760040283
-0.893039882183075
-0.1609478572731018
-0.893039882183075
1.2129651427268984
-0.5704916273994446
-0.25976185727310186
-0.5704916273994446
0.31394100189208984
-0.21780197391891482
-0.4870348572731018
-0.0861365795135498
0.6796351427268983
-0.7517408572731018
-0.4537887454032898
-0.3466479182243347
-0.5324898572731018
-0.5324898572731018
2.012965142726898
-0.8759238572731018
-0.8759238572731018
-0.16885285727310184
-0.4415798572731018
-0.28742254622650143
-0.061948670500946046
-0.061948670500946046
-0.8798918572731018
-0.8798918572731018
-0.2370348572731018
-0.005824279785156206
-0.27274885727310183
-0.07374527660751343
-0.40266504837417605
-0.07374527660751343
-0.8670348572731018
-0.8670348572731018
-0.7370348572731018
-0.08703485727310178
0.012965142726898193
-0.27274885727310183
-0.27274885727310183
-0.12036785727310184
-0.12036785727310184
-0.1745348572731018
0.012965142726898193
-0.1264374747795105
-1.132995367050171
-0.1264374747795105
-0.35607292814636227
0.2986751427268981
0.2986751427268981
0.3879651427268982
0.012965142726898193
-0.27274885727310183
-0.27274885727310183
-0.7410516890220642
0.6789724826812744
0.6789724826812744
0.6796351427268983
0.6796351427268983
-0.28703485727310185
1.0074310302734375
-0.39920096045303344
-0.39920096045303344
-0.7870348572731019
-0.7203678572731018
-0.7203678572731018
0.2147838825416566
0.2147838825416566
0.18244141340255737
-0.07491673583221437
-0.2537018572731018
-0.2537018572731018
-0.38045117137908935
-0.38045117137908935
-0.9314792572731018
-0.15370185727310182
-0.6060828572731018
-0.6233988572731017
-0.5706385731697082
-0.7799134934730529
-0.7799134934730529
-0.4336707592010498
-0.18703485727310176
-0.18703485727310176
-0.82861207371521
-0.4315598249435425
-0.82861207371521
2.269146203994751
-0.6298918572731018
-0.6298918572731018
-0.49797534942626953
1.5020246505737305
1.5020246505737305
-2.4979753494262695
-0.3348608572731018
-0.3348608572731018
-9.266180038452148
0.2986751427268981
-0.6870348572731018
-0.6870348572731018
0.29471453483581533
0.29471453483581533
-0.7344393730163574
-0.8052168572731018
-0.8052168572731018
0.07351112365722656
0.23035514272689817
0.23035514272689817
0.2437351427268981
0.2437351427268981
0.2283649444580078
0.6796351427268983
1.3234724127578734
1.323472531967163
0.2283647060394287
-0.4870348572731018
-0.4870348572731018
0.0843951427268983
0.0843951427268983
0.5843951427268983
-0.5495348572731018
2.1403398513793945
2.1403398513793945
2.53342342376709
1.3556894063949585
1.3556894063949585
0.012965142726898193
0.8677623271942139
-0.5584638572731018
-0.5584638572731018
0.2629651427268982
0.2629651427268982
0.2629651427268982
0.2629651427268982
0.2629651427268982
0.2629651427268982
0.2629651427268982
1.003943681716919
1.003943681716919
-0.07794385727310182
1.5129651427268982
-0.5779438572731018
-0.5779438572731018
-0.14920718669891353
-0.9847772275848389
-0.9847769891662598
0.5843951427268983
0.23518514272689828
0.23518514272689828
5.979497909545898
0.06559514272689815
0.06559514272689815
1.1240751427268982
0.07717031240463257
2.282787799835205
-0.5201772009773254
-0.4037018572731018
-0.4037018572731018
-0.7013208572731018
-0.5324898572731018
-0.25976185727310186
-0.27274885727310183
-0.27274885727310183
1.0943654775619507
1.520751714706421
-0.1953678572731018
0.5830880051422118
1.1129651427268983
1.1129651427268983
7.6125383377075195
-0.22806784464263918
-0.5870348572731018
-0.45595264434814453
0.2835737466812134
0.4929651427268982
0.024379193782806396
0.05167996883392334
0.5129651427268982
0.5129651427268982
1.568525142726898
1.568525142726898
0.8311451427268981
-0.28575342893600464
0.27612514272689825
0.27612514272689825
0.27612514272689825
0.27612514272689825
0.27612514272689825
0.27612514272689825
0.27612514272689825
0.03197091817855835
-0.12339885727310185
0.012965142726898193
-0.46886277198791504
0.4968351427268982
-0.3203678572731018
0.4129651427268981
-0.4453678572731018
0.0211484432220459
0.0507051427268983
0.539375364780426
-0.5344424605369568
-0.11746985727310177
-0.11746985727310177
-0.27774898653793334
-0.04302799701690674
0.27288955450057983
0.06617060844421396
-0.31170985727310185
-0.36377384662628176
0.5132439136505127
-0.28211685727310176
-0.7285207355575561
0.03551983833312988
-0.7765088572731018
-0.7765088572731018
-0.4870348572731018
-0.4870348572731018
-0.18328098898696898
-0.3620348572731018
0.7787449359893799
1.022311806678772
0.04937291145324707
-0.11861385727310181
-0.3464641571044922
-0.5713156020088196
0.5734096169471741
-0.4870348572731018
-0.33318885727310177
0.10450255870819092
-0.21928795576095583
-0.18703485727310176
0.14810514272689823
0.01326608657836914
0.012965142726898193
0.009384691715240479
-0.5346538572731019
-0.6707987939758301
-0.4168210029602051
-0.5870348572731018
0.4185384755897521
-0.4870348572731018
-0.7203678572731018
-0.04953485727310181
-0.4119259715080261
-0.12989185727310182
-0.5553700185813903
0.0322147011756897
-0.2787018572731018
-0.5756165742874145
0.4462951427268982
1.4198857789802553
0.03409641981124878
0.04074514272689811
-0.0853379011154175
0.6992833728027343
-0.017389535903930664
-0.25976185727310186
-0.5870348572731018
-0.730435311794281
-0.730435311794281
-0.5425908572731017
1.1163002252578735
1.242171287536621
2.679635142726898
-0.4165421724319458
-0.4165421724319458
0.025614023208618164
0.012965142726898193
0.012965142726898193
0.5998644129180908
-0.40605366230010986
-0.3370348572731018
-0.40605366230010986
-0.4037018572731018
-0.4037018572731018
-0.045858857273101794
2.0231854915618896
0.09288257360458374
-0.4870348572731018
2.012965142726898
1.4734224081039429
1.4415351427268983
1.4415351427268983
1.4415351427268983
1.4415351427268983
1.4415351427268983
1.4415351427268983
1.4415351427268983
-0.25976185727310186
-0.6745991706848145
-0.5659818572731018
-0.36987521648406985
-0.6864972417221069
1.7002207040786743
2.537094831466675
1.6382298469543457
1.368546485900879
-0.2625103438453674
-0.2625103438453674
0.6030681485366822
3.762557029724121
0.16561365127563477
0.16561365127563477
-0.3203678572731018
-0.3203678572731018
-0.8203678572731018
-0.8203678572731018
0.15675181613922118
0.21296514272689815
0.21296514272689815
0.2629651427268982
-0.6537018572731018
-0.6537018572731018
-0.44329404830932617
0.27612514272689825
2.777085542678833
0.061270296573638916
0.061270296573638916
-0.33997585727310176
-0.5536736011505127
-0.18703485727310176
-0.18703485727310176
1.0362557172775269
-0.4774974584579468
0.7945178747177124
1.3900130039024354
1.3900130039024354
0.012965142726898193
0.012965142726898193
0.14234256744384766
-0.5703678572731018
-0.11554045677185054
0.08087581396102905
1.6716160774230957
2.383668899536133
-0.4870348572731018
1.3140950202941895
0.9739515429306032
-0.8106767976837158
0.03364551067352295
0.9895689135360719
-0.042837008602142346
1.4987916946411133
-0.4608927369117737
2.262965142726898
-0.5799634456634521
1.0152835249900818
-0.3203678572731018
-0.3203678572731018
-0.30676047449874877
5.294116497039795
-0.6792996232376098
-0.7370348572731018
-0.5883421456260681
0.012965142726898193
0.012965142726898193
0.012965142726898193
1.0310289859771729
0.8247354030609131
0.8247354030609131
0.8247354030609131
-0.4037018572731018
0.5594603419303894
0.4129651427268981
0.4129651427268981
0.7629651427268982
0.7629651427268982
-0.7370348572731018
-0.18703485727310176
-0.07153439521789551
-0.5495348572731018
0.8462951427268981
0.7872648239135742
-0.24391077404785155
0.7872648239135742
0.8462951427268981
-0.5324898572731018
-0.45370185727310186
-0.45370185727310186
-0.9203681572731018
-0.3203678572731018
0.012965142726898193
0.012965142726898193
-0.3203678572731018
-0.7143078572731019
-0.7727488572731018
-0.7143078572731019
-0.7727488572731018
0.35414674337387075
-0.8441778572731018
-0.8052168572731018
-0.8052168572731018
-0.8441778572731018
-0.8961257572731018
-0.9101117572731018
-0.9101117572731018
-0.8961257572731018
-0.9203681572731018
-0.9203681572731018
-0.9282113572731018
-0.9282113572731018
-0.3694993734359741
0.4305006265640259
0.4305006265640259
0.4305006265640259
0.4305006265640259
0.012965142726898193
1.5813831090927124
-0.037998646961212135
0.06695245152282714
0.06695245152282714
-0.037998646961212135
-0.037998646961212135
-0.45370185727310186
-0.45370185727310186
-0.25976185727310186
-0.45370185727310186
-0.45370185727310186
-0.4870348572731018
-0.4870348572731018
4.950990676879883
0.015695273876190186
-0.2080954909324646
-0.2080954909324646
-0.2080954909324646
-0.2080954909324646
-0.2080954909324646
-0.18703485727310176
-0.18703485727310176
-0.18703485727310176
-0.18703485727310176
-0.18703485727310176
3.944777011871338
1.9866621494293213
1.9866621494293213
1.9866621494293213
-0.2877628954582214
-0.2877628954582214
-0.2877628954582214
-0.2877628954582214
-0.2877628954582214
-0.491422438621521
-0.491422438621521
-0.491422438621521
-0.3592570872917175
-0.3592570872917175
-0.4870348572731018
-0.3203678572731018
-0.4870348572731018
-0.3203678572731018
-0.4870348572731018
2.7684664726257324
-0.5709405303001404
-0.44464677572250366
-0.44464677572250366
-0.5709405303001404
-0.5709405303001404
-0.5311350680389404
-0.5311350680389404
0.05968952178955078
-0.5311350680389404
0.05968952178955078
-0.7817708099441528
1.0245551466941833
-0.6233988572731017
-0.5643262028694153
-0.56432626247406
-0.6233988572731017
-0.6233988572731017
0.012965142726898193
0.012965142726898193
0.012965142726898193
0.012965142726898193
0.012965142726898193
-0.30434733629226685
-0.30434733629226685
-0.30434733629226685
-0.30434733629226685
-0.30434733629226685
-0.4442094564437866
0.012965142726898193
0.012965142726898193
0.1379651427268982
0.1379651427268982
0.1379651427268982
0.1379651427268982
0.1379651427268982
1.0199975371360779
0.04114806652069092
0.04114806652069092
-0.5942094480438233
-0.6025096928520203
-0.6537018572731018
-0.18438756465911865
-0.37095059508514405
-0.5784079586906433
-0.26324273699951173
-0.26324273699951173
