0.5605523586273193
0.6487766210899353
13.185813069343567
0.00953325629234314
0.1076255701482296
0.7259101569652557
0.8071954341316223
0.7205430865287781
7.1318740248680115
0.3446652293205261
0.3446652293205261
0.24619871377944946
0.6856704355831146
0.17666694521903992
2.01408473739624
0.31300423612761497
1.1898401976835729
0.025001667866539956
1.410657798690796
0.1910986602306366
0.6043460965156555
1.772049218416214
0.2840406626926422
1.0598613748383523
0.8308834135532379
1.3502910733222961
0.07000614702701569
0.18518604338169098
1.0175533450641632
0.2360125184059143
0.8079262673854828
0.7693686769599914
0.1964636743068695
0.727370847016573
0.6320521831512451
1.278528680844307
0.15074023319873808
1.2002556567955016
0.016740381717681885
0.061563360150337226
0.6772380769252777
0.9951784664821626
4.445134779257774
0.021116548871374125
0.6397489649994373
0.04501784220337868
0.4636353640928268
0.04501784220337868
0.2355324923992157
0.048361138050079355
0.48622436594772334
0.048361138050079355
1.073828086256981
0.41520120227104423
0.18901050090789795
0.3047066628932953
1.5907073353803158
0.06353946030139923
0.03348245918750764
0.40114598721265793
0.35537601391792295
0.35537601391792295
0.8816149830818176
0.1475922616138458
0.1475922914161682
0.9456043029613495
0.44793680115795137
0.16898355070132018
0.1116647622938633
0.1116647622938633
0.13462904072475435
0.13462904072475435
0.17541159689426422
0.5817800343036652
0.6950153333611488
0.15160264464473724
0.23512568743681908
0.15160264464473724
0.19598031520843506
0.19598031520843506
0.13997814059257507
0.7579841554164887
0.6379053592681885
0.6532514248952865
0.6532514248952865
0.5930637990875244
0.5930637990875244
0.6882137358188629
0.21113483625793456
0.12153255493221284
0.023695141077041626
0.12153255493221284
0.0608349932870865
1.0279599656677245
1.027960084877014
1.0381955802440643
1.0455563552677631
0.8123120893702507
0.812312156425476
0.029543578392982495
1.8178377151489258
1.8178377151489258
1.6186885925066472
1.6186885925066472
0.5519516877830029
0.8034460544586182
0.20474141517710687
0.20474141517710687
0.20460766162723304
0.5017936145706177
0.5017936145706177
1.0861816460323335
1.0861816460323335
1.1115534929558635
0.6343002660019398
0.7763540262537002
0.7763540262537002
0.2855878931474686
0.2855878931474686
0.05077948912737369
0.08147832805347444
0.24103290828436613
0.2638853542189598
0.44184073582291605
0.2470629131011963
0.2470629131011963
0.27732371911406517
0.30264129394721984
0.30264131257367133
0.6704291287629008
0.657955551892519
0.6704291287629008
0.9486627317965031
0.03958304203224183
0.03958304203224183
4.573149085044861
6.573149085044861
6.573149085044861
2.573149085044861
0.0001380822162628248
0.0001380822162628248
8.374302744865417
0.967981521949768
0.20201577972620727
0.20201577972620727
1.041088218050003
1.041088218050003
4.655122756958008e-05
0.11067126594114304
0.11067126594114304
0.7760684341192245
1.0310588712012767
1.0310588712012767
1.1466239474010467
1.1466239474010467
1.623473435640335
1.4669351035785676
2.3162193023490905
2.3162193023490905
1.623473584651947
0.34086209535598755
0.34086209535598755
0.8558763735818864
0.8558763735818864
0.9798886508247853
0.4172886721789837
10.464389443397522
10.464389443397522
7.848048657178879
1.428893931210041
1.428893931210041
0.7514389961957931
1.9631688855588436
0.3333628766736984
0.3333628766736984
0.00265540461987257
0.00265540461987257
0.00265540461987257
0.00265540461987257
0.00265540461987257
0.00265540461987257
0.00265540461987257
0.44392597675323486
0.44392597675323486
0.44379157981842754
0.12837202847003937
0.2246162769906521
0.2246162769906521
0.6381534963846207
0.12747380083370208
0.1274737263278961
0.02509182737922666
0.5735677411599159
0.5735677411599159
8.61781132221222
0.5060897650756836
0.5060897650756836
0.3244375057759285
0.22653043270111084
4.37797337025404
0.2175742009835243
0.25897449254989624
0.25897449254989624
0.1267310376300812
0.5600075958204269
0.7046029358785152
0.4576608685321808
0.4576608685321808
0.3335702419281006
0.3385460376739502
0.8417817795829773
1.5015628283786773
1.9086558252573014
1.9086558252573014
9.400948822498322
0.05260194861221312
0.4933603709936142
0.3696343004703522
1.2674266546964645
1.5831820392608642
0.7799900770187378
0.8229482024908066
1.1018079275321961
1.1018079275321961
2.0798822754335404
2.0798822754335404
1.730172996931076
0.3772410750389099
0.12421369552612305
0.12421369552612305
0.12421369552612305
0.12421369552612305
0.12421369552612305
0.12421369552612305
0.12421369552612305
0.14234125560092925
0.9260207200832367
0.8217765986919403
0.3003935366868973
1.6031073782396317
0.29165770167541505
1.0010442703962326
0.6235248898906708
0.5373771786689758
1.0964355170726776
0.6907796151936054
0.44195289686322214
0.8852107200646401
0.8852107200646401
0.30922672152519226
0.5413945317268372
1.1831558048725128
0.5413498436851502
0.6080378435144425
0.22931703999638559
0.25522562861442566
0.33369418885803226
0.05818419104385375
0.35452685356140134
0.2382778525352478
0.2382778525352478
0.06375518441200256
0.06375518441200256
0.6918193442566395
0.5604613391501904
1.4651382565498352
1.7684268802404404
0.20077168941497803
0.6990847575473785
3.478700164705515
0.06838570481109618
0.032659176737070084
0.33680878579616547
0.38508972959136967
0.6744661033153534
0.49821403473615644
0.1989557296037674
0.8567638887023925
0.5640312433242798
0.5288524627685547
0.35884724611473084
0.26180021472549436
0.10760222321319579
0.23003223538398743
0.04639204740524294
1.097748140053749
0.5497528612613678
0.017999663949012756
0.5615019798278809
0.19152429699897766
0.8497543588735461
0.4253570011383891
0.49796146154403687
0.4156047999858856
0.4375349633395672
0.699686002935648
0.3163906490249634
1.0443680137395859
0.6354753183381557
0.13209408968687059
0.3953325400128961
0.5531497895717621
0.3840864206776619
0.10961555838584902
0.24408284854143858
0.24408284854143858
0.29711392557907107
0.23309487104415894
0.6069117188453674
0.08109591847229003
0.11934396475553513
0.11934396475553513
0.9084197357296944
0.6454112529754639
0.6454112529754639
0.3783184149414897
0.15642738342285156
0.28730073720216753
0.15642744302749634
0.5439242417173386
0.5439244726853371
0.12443918494796752
0.15882152318954468
0.9672522135078907
0.2833528369665146
2.919932335615158
0.3078632354736328
0.5459665327765941
0.5459665327765941
0.5459665327765941
0.5459665327765941
0.5459665327765941
0.5459665327765941
0.5459665327765941
0.12203130352687835
0.05966934561729431
0.39616121372270585
0.45231456160545347
0.058658241993904126
0.3864589035511017
1.7153363227844238
4.8474013060331345
1.2381718456745148
0.008590445463180552
0.008590445463180552
0.04479460364151
7.301682353019714
2.9619783125817776
2.9619783125817776
0.08944454789161682
0.08944450318813324
0.191543310880661
0.19154329597949982
0.33475545374894145
0.7838126935064793
0.7838126935064793
1.115316927433014
0.1265859752893448
0.1265859752893448
0.30726125836372375
1.0853139556980134
0.4013068974018097
0.8722904622554779
0.8722904622554779
0.5993168231990338
0.06382145881652834
0.018869987130165106
0.018869987130165106
1.9554938562214375
0.0774402916431427
0.14978623390197754
0.11895967965888976
0.11895967965888976
0.5474954545497894
0.5474954545497894
0.12251830101013184
0.23149431683123112
0.6995623737573624
0.2636032998561859
1.28866608440876
2.7441267371177673
0.13262158632278442
0.646301765535593
1.8714846616554262
0.08874986320734024
0.15631651878356934
0.10700923150348662
0.0056343236938118935
2.3620421290397644
0.05899668112397194
0.9315547943115234
0.1532329022884369
1.1364338099956512
0.27578521093297004
0.27578521093297004
0.15096148794460296
1.684591144323349
0.04298153892159462
0.2802815442724228
0.18450708633232116
0.5557709634304047
0.5557709634304047
0.18396562337875366
0.18396562337875366
0.18396562337875366
0.18396562337875366
0.18396562337875366
0.3807507460756302
0.16453060507774353
0.11153942048549653
0.11153942048549653
0.17488809674978256
0.17488809674978256
0.1684514880180359
0.32512455657124517
1.2000842094421387
0.29437005147337914
0.011486188117980967
0.848443865776062
0.25127750635147095
0.848443865776062
0.011486188117980967
0.24628942313981056
0.06641841679811478
0.06641841679811478
0.0002482832018852188
0.07903240621089935
0.1711886078119278
0.1711886078119278
0.07903240621089935
0.05973475053906441
0.0972171425819397
0.05973475053906441
0.0972171425819397
0.4332409804506302
0.10322675784096717
0.02876895931754113
0.02876895931754113
0.10322675784096717
0.08444923162460327
0.139862522482872
0.139862522482872
0.08444923162460327
0.1077682226896286
0.1077682226896286
0.06291672587394714
0.06291674077510834
0.28595656156539917
0.2859565019607544
0.2859565019607544
0.2859565019607544
0.2859565019607544
0.3048136830329895
1.0350465774536133
0.2706141769886017
0.39994943141937256
0.39994943141937256
0.2706141769886017
0.2706141769886017
0.1453336477279663
0.1453336477279663
0.11788618564605713
0.1453336477279663
0.1453336477279663
0.21510303020477295
0.21510303020477295
1.8433829247951508
0.935895174741745
0.4320126175880432
0.4320126175880432
0.4320126175880432
0.4320126175880432
0.4320126175880432
0.11563040316104889
0.11563040316104889
0.11563040316104889
0.11563040316104889
0.11563040316104889
0.5945957005023956
0.08655761182308197
0.0865575522184372
0.0865575522184372
0.3541005551815033
0.3541005551815033
0.3541005551815033
0.3541005551815033
0.3541005551815033
0.12545017898082733
0.12545017898082733
0.12545017898082733
0.041295308619737625
0.041295308619737625
0.2251378931105137
0.11671085601615905
0.2251378931105137
0.11671085601615905
0.2251378931105137
0.6555272936820984
0.24489145055413247
0.30318592861294746
0.30318592861294746
0.24489145055413247
0.24489145055413247
0.11517850309610367
0.11517850309610367
0.04615692421793938
0.11517850309610367
0.04615692421793938
0.3955111801624298
1.588700771331787
0.44946640729904175
0.4047551453113556
0.4047551453113556
0.449466347694397
0.449466347694397
0.1434157371520996
0.1434157371520996
0.1434157371520996
0.1434157371520996
0.1434157371520996
0.11118587851524353
0.11118587851524353
0.11118587851524353
0.11118587851524353
0.11118587851524353
0.011200547218322754
0.5311339795589447
0.5311339795589447
0.06226593255996704
0.06226593255996704
0.06226593255996704
0.06226593255996704
0.06226593255996704
0.47571808099746704
1.0048303781077266
1.0048303781077266
0.11458323841857909
0.10961256975364686
0.42220526933670044
0.33296472430229185
0.2962809354066849
0.44474729895591736
0.17618180757331847
0.17618180757331847
