0.7168684601783752
0.3721896712646484
11.532885074615479
-0.0006669759750366211
-0.045340389013290405
-0.09234392642974854
0.8222661109352112
-0.4832284450531006
5.850386619567871
0.3838346600532532
0.3838346600532532
-0.1703403890132904
0.5317710341567993
-0.30744487047195435
1.8009843040466307
0.10572718029785155
0.9924971276235581
-0.1286736890132904
1.3564855510425569
-0.3256379961967468
0.8296596109867096
1.5909092426300049
-0.09891178901329041
-0.12707241828918447
-0.24093210697174072
1.6972948014736176
-0.1703403890132904
-0.1703403890132904
0.2545595623054504
0.22183126211166382
0.4521130919456482
0.018109767257690423
-0.1703403890132904
0.276164710521698
0.8296596109867096
0.7298023754787446
-0.1025437890132904
0.9323926215934752
0.11900097131729126
-0.35564434284400936
0.22147774696350098
0.2953033203315736
3.655132209701538
-0.09341728901329041
0.4963266109867096
-0.44140082597732544
0.021555000461578322
-0.44140082597732544
-0.28878599405288696
0.10176190679836272
0.3695484526138305
0.10176190679836272
0.6330844163894653
0.009071006675720195
0.26449349522590637
0.1554964780807495
1.0315578652000428
-0.1703403890132904
-0.13616712689399718
0.07440850138664246
0.015704610748290992
0.015704610748290992
-0.1703403890132904
-0.059229389013290404
-0.059229389013290404
0.6131148869581222
0.1103759835586548
0.009414172690391548
-0.0870070890132904
-0.0870070890132904
-0.06355228996944427
-0.06355228996944427
-0.1703403890132904
0.3944689512252808
0.1212798801727295
-0.1115168890132904
0.0439456109867096
-0.1115168890132904
-0.08126873254776001
-0.08126873254776001
-0.21466907858848572
0.4143268406391144
0.6921244263648987
0.09773948834991453
0.09773948834991453
0.6963266109867096
0.6963266109867096
0.3234001696109772
-0.059229389013290404
-0.0751022890132904
-0.3420839309692383
-0.0751022890132904
-0.04005024893665313
0.2257870664215087
0.2257870664215087
0.4454595446586609
0.48268353939056396
-0.08435234381103518
-0.08435234381103518
-0.0810942652158737
-0.1280357837677002
-0.1280357837677002
0.03311172668457041
0.03311172668457041
-0.0022489428520202637
0.37741619348526
-0.0036733890132903957
-0.0036733890132903957
0.029659610986709606
0.06799568885993956
0.06799568885993956
0.6384829038810731
0.6384829038810731
0.6252678036689758
0.30397443527412416
0.36299261098670954
0.36299261098670954
-0.012445389013290398
-0.012445389013290398
-0.11478478901329041
-0.0036733890132903957
0.0677546109867096
0.0569326109867096
0.21648708879947665
0.011477610986709602
0.011477610986709602
0.0796596109867096
0.09632661098670958
0.09632661098670958
0.13555403107833863
0.2392046511173248
0.13555403107833863
0.7045882046222687
-0.057481944792747486
-0.057481944792747486
2.616877794265747
4.616877794265747
4.616877794265747
0.6168777942657471
0.00689209313201905
0.00689209313201905
5.418435573577881
0.8141592489337921
0.011824411153793346
0.011824411153793346
0.6451651697921752
0.6451651697921752
-0.060959815979003906
-0.14700300343704223
-0.14700300343704223
0.807414099574089
0.8102834345912933
0.8102834345912933
1.0115212134313583
1.0115212134313583
1.2869500517845154
1.2611973637771607
2.189621748857498
2.189621808462143
1.286949872970581
0.3296596109867096
0.3296596109867096
0.9010896109867097
0.9010896109867097
0.7582306109867096
0.24085430800914764
5.200096607208252
5.200096607208252
5.410499811172485
1.2016843557357788
1.2016843557357788
0.36991404592990873
1.4165487885475159
0.09905610909080503
0.09905610909080503
-0.1703403890132904
-0.1703403890132904
-0.1703403890132904
-0.1703403890132904
-0.1703403890132904
-0.1703403890132904
-0.1703403890132904
0.6597812175750732
0.6597812175750732
0.17257813493728635
-0.3939555883407593
-0.3530576909370422
-0.3530576909370422
-0.24660487174987789
-1.1303926860733031
-1.1303925668640136
0.002819925083160424
0.4963266109867096
0.4963266109867096
4.558723449707031
0.4246428939142227
0.4246428939142227
0.0548326365890503
-0.17593781650066376
3.1756584644317627
-0.4110893761558533
0.3296596109867096
0.3296596109867096
-0.005156428085327125
0.27611171583652494
0.48166265857028956
0.3552501348323822
0.3552501348323822
0.6250467300415039
0.1698514223098755
0.4156020725326538
1.1550585573482512
1.5212631702423096
1.5212631702423096
6.408388137817383
-0.2856063696079254
0.012018010616302477
0.3296596109867096
1.1076608002185822
1.1127067232131957
0.8296596109867096
0.8285711854696274
0.5486771816444398
0.5486771816444398
0.8266710602951051
0.7818415724945069
0.5149984709548949
-0.1703403890132904
-0.1703403890132904
-0.1703403890132904
-0.1703403890132904
-0.1703403890132904
-0.1703403890132904
-0.1703403890132904
-0.1703403890132904
0.0749702001171112
0.3863347554988861
0.7735500037670135
0.25194041430950165
0.9790314737510681
0.2230516230506897
0.7832879841327667
0.30537942105960847
0.8296596109867096
0.7195563912391663
0.5796596109867096
0.07717605829238894
0.3994001049423218
0.3994001049423218
-0.17623861134052277
-0.34209227561950684
0.817945271730423
0.2116480028076172
0.4790106109867096
0.029659610986709606
0.322965145111084
0.4526106109867096
-0.01569129472541808
0.19606617689132688
-0.1703403890132904
-0.1703403890132904
0.024432331323623657
0.024432331323623657
0.4963266109867096
0.4197340911073685
1.5796596109867096
1.128778874874115
-0.1864929050207138
0.6717646109867096
1.7850998640060425
0.16299261098670959
-0.17857010662555695
0.2723448723554611
0.48350561098670963
0.7731831073760986
0.38039921820163725
-0.4538940191268921
0.8647629214382171
0.8076467663049698
0.8296596109867096
-0.39111302738952636
0.0809185654697418
-0.003054693881988535
0.3296596109867096
0.22842625677585604
1.0008464103507995
0.31932996213436127
-0.1703403890132904
0.7344007939100266
0.3296596109867096
0.4549248965911865
0.2563372843465805
0.8296596109867096
0.29273170232772827
0.1932456135749817
0.4511041129188538
0.27763409966659547
0.774252712726593
0.3136300290184021
-0.03131476342678069
0.19603807628154757
0.7508150041103363
0.12160092397785188
0.22637205719947817
0.06599785387516022
0.06599785387516022
0.07780282235431674
-0.1703403890132904
0.5181978344917297
0.10659494941997527
-0.0703403890132904
-0.0703403890132904
0.7787772566080093
0.7549615353345871
0.7549615353345871
-0.06030400291824339
0.3296596109867096
0.21461073458194735
0.3296596109867096
0.4129926109867096
0.4129926109867096
0.00414656607723235
-0.1703403890132904
0.8296596109867096
0.16599638760089874
2.54070845246315
-0.1703403890132904
0.40108861098670956
0.40108861098670956
0.40108861098670956
0.40108861098670956
0.40108861098670956
0.40108861098670956
0.40108861098670956
0.10238661098670959
-0.1742348074913025
0.17542450895595552
0.4296596109867096
-0.02940908097553252
-0.28266817331314087
1.0754052996635437
4.399095356464386
-0.17360138893127441
0.1614499980764389
0.1614499980764389
-0.3873418127937317
4.456957578659058
1.8295729160308838
1.8295729160308838
-0.1703403890132904
-0.1703403890132904
-0.1736849993467331
-0.1736849993467331
-0.10679766582107542
0.547367262840271
0.547367262840271
0.49299848079681396
-0.1703403890132904
-0.1703403890132904
-1.2968146800994873
0.9849099613761902
-0.31098946928977966
0.4698912501335144
0.4698912501335144
0.22340542720222478
0.023215585947036765
-0.07641268670558929
-0.07641268670558929
1.0479350090026855
0.3285573273897171
0.05511610209941864
-0.0036733890132903957
-0.0036733890132903957
0.1650143265724182
0.1650143265724182
0.3296596109867096
-0.07831332087516785
0.3905634164810181
0.3092288225889206
-0.06297898292541504
1.0301860570907593
-0.2117655873298645
-0.22159926539230346
2.047469133691788
-0.1703403890132904
0.23029974102973938
-0.21353544348907472
-0.1703403890132904
1.0026240348815918
-0.17089717090129852
0.3051376938819885
-0.1703403890132904
0.6901782155036926
0.16299261098670959
0.16299261098670959
0.07893584614562987
1.6470054984092712
-0.24686935544013977
-0.039634435828208914
0.15025724416542052
0.5639640390872955
0.5639640390872955
-0.1703403890132904
-0.1703403890132904
-0.1703403890132904
-0.1703403890132904
-0.1703403890132904
0.0848629480047226
-0.1703403890132904
0.029659610986709606
0.029659610986709606
0.0796596109867096
0.0796596109867096
0.0796596109867096
0.0698938727378845
0.6832051277160645
0.1421596109867096
-0.0036733890132903957
0.8078596293926239
-0.1703403890132904
0.8078596293926239
-0.0036733890132903957
0.10238661098670959
-0.1703403890132904
-0.1703403890132904
-0.10367368901329041
-0.1703403890132904
-0.1703403890132904
-0.1703403890132904
-0.1703403890132904
-0.1703403890132904
-0.1703403890132904
-0.1703403890132904
-0.1703403890132904
0.32694695944023133
-0.09891178901329041
-0.0794312890132904
-0.0794312890132904
-0.09891178901329041
-0.1703403890132904
-0.1703403890132904
-0.1703403890132904
-0.1703403890132904
-0.1703403890132904
-0.1703403890132904
-0.1703403890132904
-0.1703403890132904
-0.1703403890132904
-0.1703403890132904
-0.1703403890132904
-0.1703403890132904
-0.1703403890132904
0.036059558391571045
0.6715234518051147
-0.1703403890132904
-0.1703403890132904
-0.1703403890132904
-0.1703403890132904
-0.1703403890132904
-0.1703403890132904
-0.1703403890132904
-0.1703403890132904
-0.1703403890132904
-0.1703403890132904
0.273198664188385
0.273198664188385
1.4931846261024475
0.6929622292518616
-0.1703403890132904
-0.1703403890132904
-0.1703403890132904
-0.1703403890132904
-0.1703403890132904
-0.1703403890132904
-0.1703403890132904
-0.1703403890132904
-0.1703403890132904
-0.1703403890132904
0.46215909719467163
-0.1703403890132904
-0.1703403890132904
-0.1703403890132904
-0.1703403890132904
-0.1703403890132904
-0.1703403890132904
-0.1703403890132904
-0.1703403890132904
-0.1703403890132904
-0.1703403890132904
-0.1703403890132904
-0.1703403890132904
-0.1703403890132904
0.0796596109867096
0.16299261098670959
0.0796596109867096
0.16299261098670959
0.0796596109867096
-0.21658726036548615
0.029659610986709606
0.0796596109867096
0.0796596109867096
0.029659610986709606
0.029659610986709606
-0.1703403890132904
-0.1703403890132904
-0.1703403890132904
-0.1703403890132904
-0.1703403890132904
-0.30462414026260376
1.363010048866272
-0.1703403890132904
-0.1703403890132904
-0.1703403890132904
-0.1703403890132904
-0.1703403890132904
0.029659610986709606
0.029659610986709606
0.029659610986709606
0.029659610986709606
0.029659610986709606
-0.1703403890132904
-0.1703403890132904
-0.1703403890132904
-0.1703403890132904
-0.1703403890132904
0.07758605480194092
0.64757239818573
0.64757239818573
-0.045340389013290405
-0.045340389013290405
-0.045340389013290405
-0.045340389013290405
-0.045340389013290405
0.747011810541153
0.7241708338260651
0.7241708338260651
-0.0036733890132903957
0.05562524443435668
-0.22207535803318024
0.036536133289337136
-0.03698939085006714
-0.2516547739505768
0.16299261098670959
0.16299261098670959
