-0.36196255683898926
0.1873810593948364
1.1081619262695312
-0.19517064094543457
-0.0780327320098877
0.22239160537719727
-0.10174124523162842
0.036615192890167236
1.9063916206359863
-0.940497636795044
-0.940497636795044
-0.10838214999008178
-0.13676205261993413
-0.4821676850318909
0.6233154941558836
0.16707174777984624
0.3543635570716859
-0.058055222034454346
-0.5634787922668456
-0.08071459883880616
0.4505442976951599
0.5356693267822266
0.057321801086425817
-0.22191509063720694
-0.033252835273742676
0.43386316299438477
-0.2001865935974121
-0.1338120698928833
-0.12676127185440067
-0.2614876627922058
0.31394416093826294
-0.6530444933776856
-0.06352383172607423
0.06543803215026855
0.42387521266937256
0.1474134922027588
0.19095688653182985
0.26357349212646475
-0.1944669485092163
0.08458317573547358
0.13493049144744873
0.20631191675186167
0.21634737197875964
0.3395336161804199
-0.017549618537902822
-0.4864964485168457
0.20133108102035524
-0.4864964485168457
0.1997301101684572
-0.15708099359703065
0.10587681603240962
-0.15708099359703065
0.33206355571746826
0.02669884194946287
-0.2339557409286499
-0.063323974609375
0.41959491912841806
-0.3784326755104065
-0.28645538091659545
-0.1622106432914734
-0.0270568342971802
-0.0270568342971802
0.07556462287902832
-0.19641129690551756
-0.19641126710319518
0.16991020091247555
-0.1585212735366821
0.024546048563003547
-0.08673028504295349
-0.08673028504295349
-0.20216776407432557
-0.20216776407432557
0.001961827278137207
0.20186423063278203
-0.038752167953491234
-0.08166321722412109
0.05596938775634766
-0.08166321722412109
-0.23328924655914307
-0.23328924655914307
-0.223565936088562
0.2276944160461426
-0.006643414497375488
-0.1318921144142151
-0.11341890646362307
0.2910377656860351
0.2910377656860351
-0.020944595336914062
0.0881117582321167
-0.22267087250175477
-0.08175051212310791
-0.22267087250175477
-0.18362322016143798
-0.07656309703826913
-0.07656321624755869
0.1912471055984497
-0.05362558364868164
0.05795303033447263
0.05795303033447263
-0.09857846819686888
0.29888153076171875
0.29888153076171875
0.46547905151367197
0.46547905151367197
0.015172612667083696
0.12045049667358398
-0.1091932499961853
-0.1091932499961853
-0.023215043544769276
-0.2230522120552063
-0.2230522120552063
0.17583683673858652
0.17583683673858652
0.06563699245452881
-0.0386862313194275
0.07924617176818849
0.07924617176818849
-0.012748389225006096
-0.012748389225006096
-0.09366912834587098
0.007920011337280264
-0.19361496033477782
-0.204853134311676
-0.35672537088394163
-0.009452351409912102
-0.009452351409912102
-0.04940241575241089
0.09758781194686894
0.09758793115615849
-0.4263250673370361
-0.3079828262329102
-0.4263250673370361
1.9510395526885986
-0.25709073222351075
-0.25709073222351075
-0.07544565200805664
1.1011433601379395
1.1011433601379395
0.3628401756286621
0.12163585827255252
0.12163585827255252
0.3512763977050781
-0.406381464996338
-0.26903183460235597
-0.26903183460235597
-1.6824564093780519
-1.6824564093780519
-0.8114315867424011
-0.37998617537689205
-0.37998617537689205
-0.6824758052825928
0.6377673140907287
0.6377673140907287
-0.2733808674621583
-0.2733808674621583
1.1361423134803772
0.6600703353118897
0.7154753529357909
0.7154753529357909
1.136142373085022
-0.024579405784606934
-0.024579405784606934
0.5518302642631532
0.5518302642631532
0.6038478934097291
-0.11064153909683228
0.9720048904418945
0.9720048904418945
1.9779424667358398
0.14814496040344238
0.14814496040344238
-0.04700744152069092
0.6215887069702148
-0.13677464495086672
-0.13677464495086672
-0.009832620620727539
-0.009832620620727539
-0.009832620620727539
-0.009832620620727539
-0.009832620620727539
-0.009832620620727539
-0.009832620620727539
-0.921924352645874
-0.921924352645874
-0.23797452028656008
1.157127857208252
-0.14839100416564943
-0.14839100416564943
0.15921269655227666
-0.6090090429229736
-0.6090091621322632
-0.17030450469970693
-0.15226358535766593
-0.15226358535766593
2.481368064880371
0.09007304180145259
0.09007304180145259
0.3975265306091309
0.30188167095184326
0.14189434051513672
-1.260881916229248
0.0026202643470764064
0.0026202643470764064
-0.5787509982452392
-0.0325613828468323
0.14773644280242915
-0.4279889757766724
-0.4279889757766724
1.0575670003890991
-0.10776591300964355
0.07092203253936769
0.4294390922355651
0.20238456726074228
0.20238456726074228
0.7224044799804688
-0.10256227804565432
-0.16245481967926023
-0.5631077289581299
-0.7307848930358887
0.8443444776535034
-0.16161656379699707
0.20836812257766724
-0.26540374755859375
-0.26540374755859375
0.18237889533996565
8.810287475569112e-05
-0.11621054489135751
-0.1827402114868164
0.05423022285461432
0.05423022285461432
0.05423022285461432
0.05423022285461432
0.05423022285461432
0.05423022285461432
0.05423022285461432
-0.3847835063934326
0.09773658021545406
0.028360188007354736
-0.3651944398880005
0.28920218383789065
-0.23043362742233275
0.2597993850708007
-0.14937756901550292
0.14314550161361694
0.10499800037384044
0.18959665298461914
-0.10384837388992307
0.07224111742019657
0.07224111742019657
-0.0741256321029663
-0.10693144798278809
0.2392716407775879
0.07944670860290537
0.06985505790710445
0.022249376773834206
0.4642035961151123
0.013486835258483931
-0.44493083601760863
0.13208484649658203
-0.18386619236373902
-0.18386619236373902
-0.026990532875061035
-0.026990532875061035
0.10547752732467652
-0.03985941410064697
0.27364635467529297
0.39006805419921875
0.07731389999389648
0.15303419208145141
0.1983792781829834
-0.2756961738510132
0.2917259931564331
-0.21472269296646118
-0.028382207588195763
-0.35513782501220703
-0.042170608043670677
0.11707358360290532
0.4009663444900513
-0.1040804386138916
0.02340865135192871
-0.005344867706298828
-0.11083908371353152
-0.25088526362609864
-0.13688182830810547
-0.16690084934234617
0.2852159386444091
-0.06937849521636963
-0.03862807994651796
0.24613595008850098
-0.39054596424102783
0.0636730941467285
-0.4302871681251526
-0.17186212539672852
-0.09396620148849488
-0.2607624888420105
0.12301689441680907
0.3770907765197755
0.022925496101379395
0.20837730529785148
-0.1486022710800171
0.11358095352172848
-0.0606532096862793
-0.025976049186706596
-0.18992731571197508
-0.1396268904209137
-0.1396268904209137
-0.302939713722229
0.07704710960388184
0.39648962020874023
0.0361501330566405
-0.121249258518219
-0.121249258518219
0.13845038414001465
-0.1643085479736328
-0.1643085479736328
0.2434205309295654
-0.11188614368438721
0.05689581632614138
-0.11188608407974243
0.03268174773025512
0.03268174773025512
0.33735263621902467
0.1111910343170166
0.4633370637893677
-0.09271156787872314
0.9172792434692383
0.5438394546508789
0.4252235568237306
0.4252235568237306
0.4252235568237306
0.4252235568237306
0.4252235568237306
0.4252235568237306
0.4252235568237306
-0.1191396586914063
-0.3980830907821655
-0.25641065070343017
-0.06661089658737185
-0.37115946458435056
1.6363465785980225
0.7256386280059814
0.643794059753418
-1.6477575302124023
-0.24261854534912108
-0.24261854534912108
-0.1932679062652587
3.085468292236328
0.3865935802459717
0.3865935802459717
-0.09985004311370849
-0.09985004311370849
-0.3682855809288025
-0.3682855213241577
-1.092871840133667
0.21907777786254878
0.21907777786254878
0.08960628509521484
-0.18353904837799073
-0.18353904837799073
-0.6164860725402832
0.13014746681213385
0.034731149673461914
-0.05191850662231445
-0.05191850662231445
-0.06972702695465083
-0.5597861766815185
0.17272030115127568
0.17272030115127568
0.30495214462280273
-0.33566778898239136
0.840736985206604
0.22075399215698255
0.22075399215698255
0.24868911504745483
0.24868911504745483
0.21219730377197266
-0.23299138193893432
0.11090855598449711
-0.18631196022033691
0.4982795715332031
1.8711090087890625
-0.37564176321029663
-0.9038290977478027
0.6961396580505372
-0.2757925832824707
-0.24685990810394287
0.5913337117004396
-0.21682040370178224
0.6656022071838379
0.05572202801704407
-0.3830301761627197
-0.17318856716156006
-0.4247431755065918
0.09681733006668092
0.09681733006668092
0.05037196034622193
-0.1257157325744629
-0.07380744861221311
-0.40575891733169556
-0.3555945908470154
0.05817490816116333
0.05817490816116333
-0.14278149604797363
0.2801070213317871
0.33069825172424316
0.33069825172424316
0.33069825172424316
-0.05531789416503907
0.37429261207580566
-0.2654407978057862
-0.04297039508819589
0.040968894958496094
0.040968894958496094
-0.35179686546325684
0.2197604060173035
-0.0877230167388916
-0.07858192920684814
0.03583010490417471
0.5895137786865234
-0.45238624459075927
0.5895137786865234
-2.516552125854492
0.0643479017448425
0.03901248818206782
0.03901248818206782
-0.42765381181793216
0.1827698802394867
0.13957595825195312
0.13957595825195312
0.03988249654006959
-0.0384391970615387
-0.04329407168769836
-0.07752673101234436
-0.1090998048915863
-0.037046586914062596
-0.2302698048286438
-0.31299836285781857
-0.31299836285781857
-0.20845352136421202
-0.21164202051963804
-0.21485659694137574
-0.21604746794166566
-0.21164202051963804
-0.19334390009002686
-0.19334390009002686
-0.2891695460453033
-0.19686674682044983
-0.3694698095321655
0.008318006992340088
0.008318006992340088
-0.2141110897064209
0.008318006992340088
0.12757635116577148
-0.08603620529174805
-0.125662416683197
-0.08352704400253297
-0.08352704400253297
-0.125662416683197
-0.17184969829177854
-0.03152001256179815
-0.005362394992828423
0.16283489537048335
-0.03152001256179815
-0.03152001256179815
-0.09227055311203003
-0.09227055311203003
-0.1276717185974121
0.08238625526428223
-0.06377685070037842
-0.09996101260185242
-0.09996101260185242
-0.09996101260185242
-0.09996101260185242
0.08045707941055302
0.024081814289093062
0.08045707941055302
0.08045707941055302
0.08045707941055302
0.30918264389038086
0.09444880485534668
-0.10802650451660156
0.09444832801818848
-0.11594738089370726
-0.10766692482757567
-0.11594738089370726
-0.11594738089370726
-0.11594738089370726
-0.17496683597564697
-0.11898889541625976
-0.11898889541625976
-0.10925574618721008
-0.10925574618721008
-0.07303297519683838
0.043541566078186045
-0.07303297519683838
0.043541566078186045
-0.07303297519683838
0.17012429237365723
-0.14846411943435667
-0.07067352533340454
-0.07067352533340454
-0.14846411943435667
-0.14846411943435667
-0.08809225330734255
-0.08809225330734255
0.14697504043579102
-0.08809225330734255
0.14697504043579102
-0.41786263829040526
0.24728131294250488
-0.04426460162544249
-0.014567589759826638
-0.01456755995750425
-0.044264542020797715
-0.044264542020797715
0.14316284656524658
0.14316284656524658
0.14316284656524658
0.14316284656524658
0.14316284656524658
-0.2777674198150635
-0.2777674198150635
-0.2777674198150635
-0.2777674198150635
-0.2777674198150635
-0.1395406723022461
0.05232834815979004
0.05232834815979004
0.02899646759033203
0.02899646759033203
0.02899646759033203
0.02899646759033203
0.02899646759033203
0.27635955810546875
0.05479300022125244
0.05479300022125244
-0.2065397059364319
-0.38077820891571046
-0.22364176863861085
0.21445810794830322
0.1350164259033203
-0.1509679114265442
-0.2435541307373047
-0.2435541307373047
