0.5080291032791138
0.22231510327911375
13.508029103279114
0.25802910327911377
0.07052910327911377
0.5080291032791138
0.7433191032791138
0.5080291032791138
7.008029103279114
0.5080291032791138
0.5080291032791138
-0.13981936817932128
0.4127911032791137
-0.39197089672088625
1.6618791032791136
-0.17428971529006954
0.7302491032791139
0.00802910327911377
1.1746991032791139
-0.15863789672088624
0.5080291032791138
1.5080291032791138
0.1866001032791138
0.6746991032791139
0.5080291032791138
1.5080291032791138
-0.06643889672088621
0.03927910327911377
0.07945810327911373
0.00802910327911377
0.5080291032791138
0.03744110327911376
0.06685310327911376
0.25802910327911377
0.5080291032791138
0.7580291032791138
0.4741311032791138
0.8413591032791137
-0.08890533447265625
0.6413591032791137
0.5080291032791138
0.6746991032791139
4.174699103279114
0.8926491032791137
-6.234698280151367
-0.42947089672088623
0.3341161032791138
-0.42947089672088623
1.708029103279114
-0.15863789672088624
0.23530210327911372
-0.15863789672088624
0.7580291032791138
-6.472794280151367
0.00802910327911377
0.00802910327911377
1.1746991032791139
-0.2566768967208862
-0.2919708967208862
0.13302910327911377
-0.037425896720886254
-0.037425896720886254
2.5080291032791138
-0.3808598967208862
-0.3808598967208862
0.32621110327911373
0.05348410327911379
-0.3101528967208862
-0.40863759672088623
-0.40863759672088623
-0.38482789672088624
-0.38482789672088624
0.25802910327911377
0.3080291032791138
0.22231510327911375
-0.4331473967208862
-0.27768489672088625
-0.4331473967208862
-0.37197089672088623
-0.37197089672088623
-0.24197089672088623
0.4080291032791138
0.5080291032791138
0.22231510327911375
0.22231510327911375
0.37469610327911373
0.37469610327911373
0.32052910327911377
0.5080291032791138
-0.39673279672088624
0.00802910327911377
-0.39673279672088624
-0.3381248967208862
0.7937391032791137
0.7937391032791137
0.8830291032791138
0.5080291032791138
0.22231510327911375
0.22231510327911375
-0.3491138967208862
1.5080291032791138
1.5080291032791138
1.1746991032791139
1.1746991032791139
0.20802910327911373
2.5080291032791138
-0.3253038967208862
-0.3253038967208862
-0.2919708967208862
-0.22530389672088624
-0.22530389672088624
0.6746991032791139
0.6746991032791139
0.6330291032791138
0.34136210327911376
0.24136210327911378
0.24136210327911378
-0.3340758967208862
-0.3340758967208862
-0.43641529672088625
0.34136210327911376
-0.11101889672088622
-0.12833489672088622
-0.09197089672088621
-0.3101528967208862
-0.3101528967208862
-0.24197089672088623
0.3080291032791138
0.3080291032791138
0.17469610327911378
0.10802910327911375
0.17469610327911378
4.258029103279114
-0.13482789672088624
-0.13482789672088624
4.508029103279114
6.508029103279114
6.508029103279114
2.5080291032791138
0.1602031032791138
0.1602031032791138
8.508029103279114
0.7937391032791137
-0.19197089672088624
-0.19197089672088624
0.7044680958557128
0.7044680958557128
-0.36697089672088623
-0.3101528967208862
-0.3101528967208862
0.5080291032791138
0.7254191032791137
0.7254191032791137
0.7387991032791137
0.7387991032791137
1.5080291032791138
1.1746991032791139
2.0794591032791137
2.0794591032791137
1.5080291032791138
0.00802910327911377
0.00802910327911377
0.5794591032791139
0.5794591032791139
1.0794591032791139
-0.05447089672088623
15.508029103279114
15.508029103279114
4.098634719848633
2.0080291032791138
2.0080291032791138
0.5080291032791138
1.5080291032791138
-0.06339989672088625
-0.06339989672088625
0.7580291032791138
0.7580291032791138
0.7580291032791138
0.7580291032791138
0.7580291032791138
0.7580291032791138
0.7580291032791138
2.5080291032791138
2.5080291032791138
0.41712010327911375
2.0080291032791138
-0.08287989672088625
-0.08287989672088625
0.3080291032791138
-0.15863789672088624
-0.15863789672088624
1.0794591032791139
0.7302491032791139
0.7302491032791139
8.508029103279114
-5.8487352801513675
-5.8487352801513675
1.6191391032791138
0.5080291032791138
4.758029103279114
-0.15863789672088624
0.09136210327911376
0.09136210327911376
-0.2062568967208862
-0.037425896720886254
0.23530210327911372
0.22231510327911375
0.22231510327911375
1.5080291032791138
-4.401365280151367
0.2996961032791138
0.8413591032791137
1.6080291032791139
1.6080291032791139
20.508029103279114
0.22231510327911375
-0.09197089672088621
0.00802910327911377
-5.401365280151367
0.9880291032791138
0.5080291032791138
0.5080291032791138
1.0080291032791138
1.0080291032791138
2.0635891032791136
2.0635891032791136
1.3262091032791137
0.00802910327911377
0.7711891032791138
0.7711891032791138
0.7711891032791138
0.7711891032791138
0.7711891032791138
0.7711891032791138
0.7711891032791138
0.5080291032791138
0.37166510327911373
0.5080291032791138
0.00802910327911377
0.42988094722747805
0.17469610327911378
0.9080291032791137
0.04969610327911378
0.5080291032791138
0.5457691032791139
1.0080291032791138
-0.09197089672088621
0.3775941032791138
0.3775941032791138
0.17469610327911378
0.5080291032791138
0.7580291032791138
0.6746991032791139
0.18335410327911372
0.10802910327911375
1.0080291032791138
0.21294710327911381
-0.3253038967208862
0.5080291032791138
-0.28144489672088624
-0.28144489672088624
0.00802910327911377
0.00802910327911377
0.17469610327911378
0.13302910327911377
1.2580291032791138
1.5080291032791138
0.5080291032791138
0.37645010327911377
3.0080291032791138
-0.15863789672088624
1.0080291032791138
0.00802910327911377
0.1618751032791138
0.5080291032791138
0.10802910327911375
0.3080291032791138
0.6431691032791138
0.5080291032791138
0.5080291032791138
0.5080291032791138
-0.03958989672088625
-0.15863789672088624
0.00802910327911377
-0.09197089672088621
0.8413591032791137
0.00802910327911377
-0.22530389672088624
0.44552910327911377
0.00802910327911377
0.36517210327911376
-0.06339989672088625
-5.901365280151367
0.21636210327911376
-0.09197089672088621
0.9413591032791138
1.841359103279114
0.5080291032791138
0.5358091032791137
0.10802910327911375
0.7746991032791137
0.5080291032791138
0.23530210327911372
-0.09197089672088621
-0.24197089672088623
-0.24197089672088623
-0.11482632232284545
1.5080291032791138
5.008029103279114
3.1746991032791136
0.00802910327911377
0.00802910327911377
0.5080291032791138
0.5080291032791138
0.5080291032791138
0.8716691032791137
0.00802910327911377
0.1580291032791138
0.00802910327911377
0.09136210327911376
0.09136210327911376
0.4492051032791138
3.0080291032791138
-5.901365280151367
0.00802910327911377
2.5080291032791138
2.0080291032791138
1.9365991032791139
1.9365991032791139
1.9365991032791139
1.9365991032791139
1.9365991032791139
1.9365991032791139
1.9365991032791139
0.23530210327911372
-0.24197089672088623
-0.07091789672088622
0.10802910327911375
-0.2062568967208862
-3.901365280151367
3.2580291032791138
4.508029103279114
2.0080291032791138
0.17469610327911378
0.17469610327911378
1.1746991032791139
16.508029103279114
2.5080291032791138
2.5080291032791138
0.17469610327911378
0.17469610327911378
-0.3253038967208862
-0.3253038967208862
0.6508891032791138
0.7080291032791137
0.7080291032791137
0.7580291032791138
-0.15863789672088624
-0.15863789672088624
4.508029103279114
-5.638205280151367
3.5080291032791138
0.5080291032791138
0.5080291032791138
0.15508810327911382
-0.09197089672088621
0.3080291032791138
0.3080291032791138
1.5080291032791138
0.00802910327911377
1.2580291032791138
1.841359103279114
1.841359103279114
0.5080291032791138
0.5080291032791138
0.5080291032791138
-0.07530389672088622
0.3080291032791138
0.5080291032791138
6.508029103279114
10.508029103279114
0.00802910327911377
2.5080291032791138
1.841359103279114
-0.3253038967208862
0.5080291032791138
1.841359103279114
0.36517210327911376
2.5080291032791138
0.00802910327911377
2.7580291032791138
-0.36697089672088623
1.5080291032791138
0.17469610327911378
0.17469610327911378
0.17469610327911378
6.008029103279114
-0.2062568967208862
-0.24197089672088623
-0.15863789672088624
0.5080291032791138
0.5080291032791138
0.5080291032791138
1.5080291032791138
1.5080291032791138
1.5080291032791138
1.5080291032791138
0.09136210327911376
1.0080291032791138
0.9080291032791137
0.9080291032791137
1.2580291032791138
1.2580291032791138
-0.24197089672088623
0.3080291032791138
1.5080291032791138
-0.05447089672088623
1.3413591032791137
10.508029103279114
0.17469610327911378
10.508029103279114
1.3413591032791137
-0.037425896720886254
0.041362103279113716
0.041362103279113716
-0.42530419672088626
0.17469610327911378
0.5080291032791138
0.5080291032791138
0.17469610327911378
-0.21924389672088623
-0.27768489672088625
-0.21924389672088623
-0.27768489672088625
0.8413591032791137
-0.3491138967208862
-0.3101528967208862
-0.3101528967208862
-0.3491138967208862
-0.4010617967208862
-0.4150477967208862
-0.4150477967208862
-0.4010617967208862
-0.42530419672088626
-0.42530419672088626
-0.4331473967208862
-0.4331473967208862
-0.2919708967208862
0.5080291032791138
0.5080291032791138
0.5080291032791138
0.5080291032791138
0.5080291032791138
2.5080291032791138
-0.2062568967208862
-0.15863789672088624
-0.15863789672088624
-0.2062568967208862
-0.2062568967208862
0.041362103279113716
0.041362103279113716
0.23530210327911372
0.041362103279113716
0.041362103279113716
0.00802910327911377
0.00802910327911377
5.508029103279114
0.5080291032791138
-0.24197089672088623
-0.24197089672088623
-0.24197089672088623
-0.24197089672088623
-0.24197089672088623
0.3080291032791138
0.3080291032791138
0.3080291032791138
0.3080291032791138
0.3080291032791138
5.508029103279114
3.5080291032791138
3.5080291032791138
3.5080291032791138
-0.3491138967208862
-0.3491138967208862
-0.3491138967208862
-0.3491138967208862
-0.3491138967208862
-0.39197089672088625
-0.39197089672088625
-0.39197089672088625
-0.3808598967208862
-0.3808598967208862
0.00802910327911377
0.17469610327911378
0.00802910327911377
0.17469610327911378
0.00802910327911377
3.5080291032791138
-0.09197089672088621
0.00802910327911377
0.00802910327911377
-0.09197089672088621
-0.09197089672088621
-0.06339989672088625
-0.06339989672088625
0.25802910327911377
-0.06339989672088625
0.25802910327911377
-0.3253038967208862
1.5080291032791138
-0.12833489672088622
-0.09197089672088621
-0.09197089672088621
-0.12833489672088622
-0.12833489672088622
0.5080291032791138
0.5080291032791138
0.5080291032791138
0.5080291032791138
0.5080291032791138
-0.24197089672088623
-0.24197089672088623
-0.24197089672088623
-0.24197089672088623
-0.24197089672088623
0.00802910327911377
0.5080291032791138
0.5080291032791138
0.6330291032791138
0.6330291032791138
0.6330291032791138
0.6330291032791138
0.6330291032791138
1.5080291032791138
0.5080291032791138
0.5080291032791138
-0.15863789672088624
-0.15863789672088624
-0.15863789672088624
0.5080291032791138
0.34136210327911376
-0.15863789672088624
-0.15863789672088624
-0.15863789672088624
