0.191167950630188
0.246166646944046
8.793607711791992
0.44676369428634644
0.10625091195106506
0.24222755432128906
0.3330716581726074
0.26110267639160156
5.563199400901794
-0.8356825113296509
-0.8356825113296509
0.2309067701740265
-0.5963604746704102
-0.22086580991744995
1.2414671588897703
0.32571129798889165
0.06316512462615975
-0.05217266082763672
-0.24115034397125235
-0.3203576957626343
0.46820008754730225
0.9234648942947388
0.18803743948554996
0.25934961978912363
0.294681191444397
1.0195263624191284
-0.16956876045989988
-0.007839202880859375
0.17583359847450253
-0.03804051876068115
0.558983325958252
-0.06774667042541505
-0.3500912812957764
0.11635351181030273
0.24217629432678223
0.8054378926753998
0.06581759047698976
0.7260788327026366
-0.2130908966064453
0.6096714859771728
-2.613008499145508
0.18576899711608896
3.13941911403656
0.1317185651016235
0.09904165620040895
-0.40098562836647034
0.5049095173950195
-0.40098562836647034
1.217053008079529
-0.2823926364822388
0.04645265412139887
-0.2823926364822388
0.06548845767974854
-0.49398647318267824
-0.6754871606826782
-0.5457292795181274
1.1053357476425172
-0.33276759019470215
-0.6918216228485108
-0.653730034828186
-0.14976718147277834
-0.14976718147277834
1.4250023365020752
-0.24843700248146056
-0.24843700248146056
0.46320835598182675
0.1601101072597504
-0.19049093969535827
-0.2427683607284546
-0.2427683607284546
-0.2459820059604645
-0.2459820059604645
0.21662992238998413
-0.21269793510437007
0.459179878698349
-0.3253203591480255
-0.09932044102096557
-0.3253203591480255
-0.4982810068130493
-0.4982810068130493
-0.26450657844543457
0.4590671002864838
-0.15629065036773682
-0.04530081106567385
-0.31750044180297854
-0.0007996881561279645
-0.0007996881561279645
0.44104239344596863
0.2134791612625122
-0.22503667025985719
-1.2255202531814575
-0.22503667025985719
-0.3491318480529785
0.38744761844635
0.38744761844635
0.5302944183349609
0.46822214126586914
0.2807721500263214
0.2807721500263214
-0.4124013932876587
1.176106333732605
1.176106333732605
1.0137000436019898
1.0137000436019898
0.053596329689025834
0.9964926242828369
-0.5702670658187866
-0.5702670658187866
-0.18050591945648192
-0.015411951597213758
-0.015411951597213758
0.6141237372589112
0.6141237372589112
-0.12579286098480225
0.261910184677124
-0.7248279964370727
-0.7248279964370727
-0.540791957359314
-0.540791957359314
-0.2694721638435364
0.4196216607646942
-0.05633786382484435
-0.04936431542778014
-0.34211609363555906
-0.30420256503295895
-0.30420256503295895
-0.017080366611480713
-0.20200879573822017
-0.20200891494750972
-0.938013061340332
-0.1565748691558838
-0.938013061340332
3.428452491760254
-0.41108922637176515
-0.41108922637176515
-0.14241838455200195
0.6395034790039062
0.6395034790039062
1.9826595783233643
-0.5480443198928833
-0.5480443198928833
4.455887794494629
0.5330361356353759
0.03439747095108031
0.03439747095108031
-0.4415160769653321
-0.4415160769653321
-0.9665747880935669
-0.3396784151382446
-0.3396784151382446
0.2582128047943115
0.8375469736003875
0.8375469736003875
0.6502589068603515
0.6502589068603515
-0.7764842510223389
0.5954931134414674
0.9284146153259276
0.9284149729537963
-0.776484489440918
-0.18677639961242676
-0.18677639961242676
0.6963560008335115
0.6963560008335115
0.5705346190261842
0.03576204180717468
5.847588539123535
5.847588539123535
2.0849084854125977
0.4348604679107666
0.4348604679107666
0.2553900480270386
0.9299536943435669
0.028693779607772807
0.028693779607772807
0.41987884044647217
0.41987884044647217
0.41987884044647217
0.41987884044647217
0.41987884044647217
0.41987884044647217
0.41987884044647217
0.19379377365112305
0.19379377365112305
-0.2570571857299805
1.5093424320220947
-0.3140279012527466
-0.3140279012527466
-0.18329019546508785
-0.7855332052154541
-0.7855333244247437
-0.18557080394744863
-0.1417236960220336
-0.1417236960220336
2.650078773498535
0.651507727985382
0.651507727985382
-0.2135133463287353
0.3162212371826172
0.6439957618713379
-0.2235026513977051
0.1848763669090271
0.1848763669090271
-0.5578086678848266
-0.1153066368865967
0.44459177326965327
0.2003043000564575
0.2003043000564575
0.764144778251648
1.9376559257507324
0.13118828887176515
0.8374207859802245
1.064594841003418
1.064594841003418
14.662247657775879
0.1749626104698181
-0.08515817523002622
-0.548041820526123
-0.22652041912078857
0.12385151863098143
0.06689453125
0.2787712812423706
0.8178739547729492
0.8178739547729492
1.8822012019729613
1.946852095184326
0.8251989237594604
-0.08939969539642334
0.5428724385833741
0.5428724385833741
0.5428724385833741
0.5428724385833741
0.5428724385833741
0.5428724385833741
0.5428724385833741
-0.9483944177627563
0.4631573687419891
-1.884364128112793
0.030785948038101196
0.766164511795044
-0.5592741811828613
0.3574100971221923
-0.8541921222763061
0.16650807857513428
0.3703780252838136
0.30292069911956787
-0.48189995288848875
0.2858294147872925
0.2858294147872925
0.05072642916870118
0.3790827989578247
0.6986595392227173
0.2788639420700074
-0.11976758270263677
-0.13407316207885744
0.0168687105178833
0.13376769711303715
-0.1252100909309387
-0.10294878482818604
-0.08565830137634278
-0.08565830137634278
0.14677885174751282
0.14677885174751282
-0.2524509275512695
0.02659928798675537
0.5547465085983276
0.603559136390686
0.009521484375
0.24475972032165527
2.4166676998138428
-0.8970732843322754
0.8160058259963989
0.04684600234031677
0.2370435638866425
0.19757986068725586
0.017989253997802712
-1.1738930463790893
0.41012292922973637
-1.5146613121032715
0.5991801917552948
-1.2006466388702393
-0.10442663721466067
-0.338894144241333
-0.015303850173950195
-0.007453358173370339
1.0458784943389892
0.1659730076789856
-0.5286126220779419
0.24702835083007812
-0.3886023759841919
0.25812907540130614
-0.5128457404174804
-0.28464972972869873
0.24206520562934875
-0.18213078975677488
0.829486907081604
-1.8860837573242186
0.37207698822021484
0.5721924042987823
0.004607057571411111
0.6772409791183471
0.1915121078491211
0.2167896158676147
-0.6679960250854492
-0.3379170298576355
-0.3379170298576355
0.204182028049469
0.5951719284057617
-0.3217811584472656
2.6887443417739867
0.1521829068660736
0.1521829068660736
0.5172044932842255
-0.0455629825592041
-0.0455629825592041
0.8387461797142028
-0.6460016965866089
-0.07365677356719968
-0.6460016965866089
-0.02975167388153077
-0.02975167388153077
-0.166370329498291
2.450378179550171
0.6607199907302856
-0.5703177452087402
1.3546873331069946
1.477492094039917
1.2143698609542848
1.2143698609542848
1.2143698609542848
1.2143698609542848
1.2143698609542848
1.2143698609542848
1.2143698609542848
0.14107312035369868
-0.09654051065444946
-0.036828033420562734
-0.6637020349502564
-0.418384105430603
-0.29624509811401367
1.844164490699768
3.466556191444397
-1.1929278373718262
0.06378687972259522
0.06378687972259522
-2.2078171616363527
8.180557250976562
0.7411065101623535
0.7411065101623535
0.2746508573932648
0.2746508573932648
-0.28944928890037536
-0.2894492292957306
0.4645019219970703
0.5591880798339843
0.5591880798339843
0.7295997142791748
-0.19331874007415772
-0.19331874007415772
-0.5476651191711426
0.3320475913619996
-1.2185120582580566
0.6006051599979401
0.6006051599979401
-0.27197035504913325
-0.9376413583755493
-0.1279004335403442
-0.1279004335403442
0.9421137571334839
-0.27954161167144775
0.8944191932678223
0.9334606772232057
0.9334606772232057
0.4987236261367798
0.4987236261367798
0.41781938076019287
-0.051486536319732656
0.457006710767746
-2.2502355575561523
2.3478164672851562
5.8638715744018555
0.12320998311042786
-0.904688835144043
1.554613793449402
-0.22131727581787108
-0.9870648384094238
-1.474921142501831
0.0822110923461914
0.5053853988647461
0.037088364362716675
-0.642066478729248
-0.23043891787528992
-0.4206418991088867
0.35230411643218995
0.35230411643218995
-0.656846388633728
2.372162342071533
-0.2518475358352661
-0.1345975697040558
-0.4120923435134888
0.07818937301635742
0.07818937301635742
-0.08268678188323975
-0.0907278060913086
0.8022435903549194
0.8022435903549194
0.8022435903549194
0.3039766991691589
-0.48252785205841064
-0.2603173017501832
0.4279490947723388
0.48994576930999756
0.48994576930999756
-0.09340056777000427
0.3905251204967499
0.40187251567840576
-0.2884114980697632
0.5793757086563109
4.289670944213867
-0.18431411629486083
4.289670944213867
-0.782753860397339
-0.05962063987731936
0.0907388592319488
0.0907388592319488
-0.3759274407680512
0.2429452394886017
0.4500904083251953
0.4500904083251953
0.11282660121154786
-0.07553590607452393
-0.2590656573905945
-0.21086631488609314
-0.2797715957298279
-0.5969517583084107
-0.190633252494812
-0.21307996757698058
-0.21307996757698058
-0.2723261865310669
-0.226665967281723
-0.22596663450660706
-0.27602610206069944
-0.226665967281723
-0.24578937137680054
-0.24578937137680054
-0.41593557206535337
-0.25535067526245114
-0.23494370579719542
0.4059169292449951
0.4059169292449951
0.39860475063323975
0.4059169292449951
-0.0030412673950195312
0.9025545120239258
-0.02699983166313169
-0.04521425122451783
-0.04521425122451783
-0.02699983166313169
-0.08996015833473203
0.2399494910793304
0.17314353233146662
-0.36427663493347173
0.2399494910793304
0.2399494910793304
-0.0852733850479126
-0.0852733850479126
2.3861780166625977
0.448644757270813
-0.12546780705451965
-0.01229250431060791
-0.01229250431060791
-0.01229250431060791
-0.01229250431060791
0.5162194848060608
0.5164066135883332
0.5162194848060608
0.5162194848060608
0.5162194848060608
1.8940916061401367
1.4545741081237793
0.4807705879211426
1.454573631286621
-0.2936743947200775
-0.16273163282203673
-0.2936743947200775
-0.2936743947200775
-0.2936743947200775
-0.31772386431694033
-0.25493752360343935
-0.25493752360343935
-0.24395318347358702
-0.24395318347358702
0.1365775763988495
0.19167612547111512
0.1365775763988495
0.19167612547111512
0.1365775763988495
0.5227861404418945
0.03648340106010439
0.1035679280757904
0.1035679280757904
0.03648340106010439
0.03648340106010439
-0.034335867265701314
-0.034335867265701314
0.18529874086380005
-0.034335867265701314
0.18529874086380005
-0.4510867441253662
0.6939518451690674
-0.001621292985916123
-0.16192696094512937
-0.16192696094512937
-0.0016212333812713475
-0.0016212333812713475
0.43994176387786865
0.43994176387786865
0.43994176387786865
0.43994176387786865
0.43994176387786865
-0.21274858713150024
-0.21274858713150024
-0.21274858713150024
-0.21274858713150024
-0.21274858713150024
-0.05094456672668457
0.5842050015926361
0.5842050015926361
0.3791379928588867
0.3791379928588867
0.3791379928588867
0.3791379928588867
0.3791379928588867
0.7577720880508423
0.49684423208236694
0.49684423208236694
0.010286375339508047
-0.22923852557373048
-0.10895274633598329
-0.08166658878326416
-0.20487715357971192
-0.2272461211128235
-0.19458366984558106
-0.19458366984558106
