2.6260619593366936
2.300263365563811
5.042870252428033
2.3028680901724337
2.080486105640432
0.17030838637592183
1.6636847967243855
1.0638518668300534
0.13001932642326608
4.725360390013254
11.313202189900267
7.749437552589427
17.42042489005109
3.987392659270818
0.818928036772969
1.0937514153777412
1.6988869250672878
2.062439499395946
3.2460206684736823
1.3773703358907747
2.1303619785523775
3.1472345443577394
4.187028558099634
0.04091398085484288
2.1994860629562565
4.363772236548701
4.661407116262051
9.766467401133546
9.660621950795674
3.589313823291234
2.806914225926814
6.175592265728669
1.3980927452776077
2.3989695883382547
7.022602427590575
0.8929542906157208
2.377318567532763
1.4839285162864613
4.943884829451268
0.27314818751636105
0.6111768338179027
0.47707477471213555
1.841981239164263
3.1130309236421247
0.8158524765611885
4.925575619989948
7.412730892771843
2.124251204609312
0.7955832291885823
4.574450007833107
2.347401733883797
2.3601212423911555
1.5813927576008768
2.9238340548038666
6.994145216009266
1.0408327141264073
4.85990484327174
1.8778335685011278
0.32975934572384813
1.0107775142628554
4.487927925010741
11.085003523565438
7.0243089942038255
9.471084433385535
2.0291267373661936
5.410367120434188
2.7923337608922436
1.0787600930648507
0.21587083475035707
5.651500305485104
1.5846059840139506
2.2864850630556735
2.358033464536896
1.6262729732845163
3.1512209300233245
6.757153208997892
1.6386394658056807
5.438640947752851
1.1775613728957997
2.819365262625594
4.371796789325573
2.219002423688696
1.6008762691231415
4.46538007673727
0.1649935931915668
2.856726865097781
1.7484770760412471
2.7483882081149886
4.761266655466351
3.3027506892456913
2.324878472410859
2.239253725786383
2.5830510231241237
12.381653970172497
3.0398286444246576
2.2060686805054726
3.0044233789145443
2.8364694583670103
4.498660681474104
1.9327316261644107
4.3160965803935145
3.599746233137108
1.6307298525684895
4.580158586100716
2.2175327262933746
2.0966689168102155
4.02188018019026
0.9109079856327265
2.345649921140514
2.8924128089376913
1.301153567582996
0.8056491091925464
9.337178090862345
0.6850250897296689
10.194628142137653
2.9518590876131205
7.620911243134271
0.17848933186444504
0.44913855233569056
1.8037583058506441
4.821794118916124
2.1241317872428906
1.9229974580068836
2.2995790851636686
0.07450107341514356
62.497997767581396
0.18675971610339492
56.81364411664588
0.9272015195243395
0.12976701684927572
4.93610671850078
9.180873283166843
1.0156845017142762
3.7565864197818586
2.988118979124735
3.780121134639095
7.543985763479075
1.2751707480312608
2.578084651742177
10.65618918885853
3.863324134194741
4.867378981028813
5.067235808830573
3.7938739549589737
3.8354390093472146
4.048720346097867
2.3315966114154465
3.44688391942839
3.6468161029571604
8.53597309176849
3.977265408197909
0.12301143396393588
3.226352519668553
1.2921503704230908
5.151763179590446
6.463940370044442
0.09323321869242107
2.993943839083848
2.3131099601084992
3.9077203486453973
2.5742887236248695
4.592493145619915
3.038934224010801
4.691643831900496
3.147507434797089
2.2233587617292376
6.917191914882016
5.049081195632468
3.980212084392664
1.6631857242965022
0.1091531649497286
3.5001927535985864
0.06016919090013306
0.5821690540731552
1.3794941103681975
2.6428873887523827
0.7863967585358722
1.6400556329648373
2.6187925963359384
1.076039477328015
0.7120664880795069
8.453471511677026
5.259879847587823
9.536072789165242
1.2264777185868974
8.3852544761993
3.115635663605211
5.353775491073861
1.565775792865706
4.943086688184362
1.5603340785045428
4.005324097771934
2.7902031198241684
6.6230069481546785
0.8464879697027494
0.7467091027341692
0.19077162241893408
5.529865288154856
0.27547852047350374
2.054508377388067
2.0166929769644653
1.275862500578028
2.9314878196658394
7.301094333378416
5.465923025372746
3.3572547230731793
2.0730726328183793
9.129860963672316
8.423623757902023
0.5475122745335732
5.674547505778287
2.0598767160644886
13.736216401979801
1.6883168491580944
2.898653817300409
1.9133458507161372
1.3030281507778882
0.02035771754420823
4.995927518635575
2.8365190649370913
2.727542420207688
3.9145105075693323
4.458141923883097
1.4618672373846209
5.548019084776568
2.5978583938886093
1.0350128888444312
7.287248672925278
7.729700529279223
1.5363536253335295
3.042897710746442
0.6845005340896524
0.8565577540710081
3.57464161443297
7.100414165249898
4.634350539943236
7.636268171923382
2.9290395406758325
0.1558185042919924
6.73284478462741
6.176186375227879
3.0090449329967606
6.423168211358918
6.532345420874407
1.1084842361875413
0.5324751856800628
3.9177198217226854
3.017146800004623
0.4167596030863865
3.228014921304978
0.7119732571377821
0.44882536159694875
0.36369761556728086
1.7575710112390146
0.17361305392755488
4.527301945790897
2.1205696617943737
1.170901250423017
3.86399417451121
4.350120523904239
4.875442842101868
6.900064477151883
3.359377966254276
5.487599457972038
0.5662932612360327
0.0843122864105208
0.8916834775889835
3.566425145212315
0.39384157938173914
0.20665479364019235
1.4005539480653215
5.629665831457361
6.8540909971232935
0.03574937548926016
1.3243224910635616
1.3479069861184225
1.0432053507299877
3.633539489506429
6.6160926640689715
7.499286967057568
4.805116277610242
1.4399493011585491
5.762226890591201
2.0755029736359756
4.803578467614322
8.838006847179567
0.9699061378652871
1.6762262301936273
0.5941411888794907
4.020513823037777
1.1873958179557822
1.8106084450014295
4.0848095729465985
3.4498520956586143
1.302970287183884
3.871763349246403
2.0762129650234966
2.9979374933455416
2.3584675219539646
2.6856764472708656
8.606888935360223
1.496596640993186
0.1606800406175497
6.624018548453587
15.727899413655457
4.257295250366689
6.69511006363445
3.94228796091541
6.15750519754469
3.5607674260481588
3.0836295510934453
1.5478463881914668
6.255578524839166
14.677360056495953
7.135733063219921
4.243974248460196
2.1820588026375596
0.2510130873578792
0.6249539919317229
5.556557651451202
2.158838969718446
3.751586858229097
1.3028308656581473
7.020176976570723
8.457713195942084
4.611710903548839
0.750638483267663
3.219409351961133
7.901695795157031
4.628768326598657
8.97529326479744
9.495638393371797
4.021305857383683
4.172888962985798
1.4964764522337082
4.696111699222424
0.2672237916686224
1.381572730706797
6.785073462992155
3.5864901492008983
1.8829260542865138
4.844967679001792
2.5735085935836572
3.512578996147975
2.8488013511033614
1.4908836377464727
7.147583697090438
1.8987545378621098
1.4331372928461414
6.096669932157948
1.2954438766201497
2.8032753328206814
2.846857644007753
3.610393300725871
1.6460941402112028
4.688435180972407
5.981717387021581
1.5091822725067472
6.404186263091656
1.643591473198578
3.3558025728003464
2.4884977342327423
18.151780775965197
16.53101822212168
1.7341983077462908
4.488938990698443
5.426120464013037
2.865898227411069
1.0090546550735362
0.5267354363481851
1.8469206928959292
4.63490958635409
0.44798796911951544
9.315551984101546
4.746039335705696
2.7495455713384933
0.10453971128855222
4.551638328734276
3.338661486962807
1.8880822401294983
5.248998340264018
3.8601383042126534
3.2365922031518743
1.4612574641887048
1.9323032140962138
6.773947256374067
2.7619501371221813
2.8561599146601124
2.472437421106811
2.2399119975260566
4.163542291235629
1.485639041065848
2.66688776072529
4.12841208512621
4.459190172871405
2.7525115794589015
1.8043134063112536
1.6935363040060838
1.6093970690482804
2.8067649381478774
2.2817244568199277
0.7402063144372866
8.905530844029789
1.6594854506981287
1.6241036928638137
0.11464104670910813
2.3883390775799014
1.1362148204411346
2.564609512835612
0.90276821961695
2.175333143214987
4.927963445210086
4.327199822843681
3.4922153570041266
4.939628527730961
2.342533275492679
4.137517464622901
0.9922326689004755
0.7343919130974299
2.4973545958159296
1.3415415660937997
2.272384973220432
4.1621433853985295
0.38879606420567736
2.739519549619791
1.9476103685716035
1.4762121124461673
1.0398183866207402
0.2006433966444694
4.154920942901525
4.400774130028327
2.9954398521163426
2.1398382692884494
2.8862170713166946
0.3122059257808989
2.8666890895278723
3.296427741211132
2.3677115426728355
4.709125134501714
4.918040113572742
3.9766142978497294
4.826576703944416
1.476702944381195
2.1634306173439084
0.868319058086775
6.2335828634218
6.466108745453673
5.963189304624669
7.269157456665938
1.8517718498661775
3.9601305787548897
1.2276702933584578
2.167251093565114
0.1099967825043463
2.0268897132677126
2.623712662928093
2.3884409768053256
1.8154846981542052
1.1656539059215025
5.3814372484618405
0.5617596666033287
3.0120404094172906
4.2730177446968165
1.742206653568902
5.016097640198019
5.983322432158832
4.128548399328072
5.3873342368314185
0.4948747596517613
1.7711255341128278
1.2372220573111232
5.820339717554154
2.446347820322427
0.8659887328952685
6.794831845575555
2.5249377382450944
0.9018446484566337
6.024605428894393
1.2454515693038193
1.2430945746141608
3.371783043280918
0.45284725600209486
7.018951240429288
5.374087194713233
5.696566535513035
1.9601140481864603
5.328950895816839
0.7532983986191073
10.829387341101558
1.4696556913506873
6.8797203341976845
2.5891502827751687
0.023696503213445075
1.015433515210472
0.8747638504622348
1.6855891427656113
2.108854515774129
0.355109910726352
3.9488323016697944
0.5201454435527142
7.261317675875101
9.843965871168859
0.36933728682210143
0.45254424997163695
4.498693997154943
1.8346564521744222
2.536419425225919
2.8711372279685197
8.404980396057976
4.691440647534018
1.2494651188158783
3.141956384880574
0.46118345819037454
2.152588478209015
9.418306544078602
2.857441873619984
7.92010254537854
6.8404165855864365
0.5100426864398987
5.275358169383467
3.2638667621768636
1.6015804433349405
4.012346403394167
1.0486163942346962
3.2830322771433975
0.5508561167221144
3.9521098682202833
4.922308399047734
1.2180076554720018
4.101245226780885
4.434987186720578
0.7114645853413312
6.2602483338141335
5.791161703291476
5.468681987852544
2.585511178834135
1.6808700874824931
1.3105478847499912
1.6560578937819967
0.012149894541318762
5.539209224391992
5.599555516952269
1.882176220719245
4.318728837000498
0.02588418586251562
0.19079240705361833
7.6488691933217
1.1060157109484348
3.539706251163613
6.350632165653626
2.9518040803526207
2.341149368978786
11.568042326307028
16.457183308458625
3.2028800446397954
2.2866200293987227
0.07774507030822475
0.9404023282217404
7.484739903650854
15.685116892832955
2.82996795516331
6.677294172516408
0.7158718046926216
1.4284937851298842
1.904992458421559
1.8176666441472107
0.8853444639527904
4.981195109455479
3.4016029689069285
6.293058746458913
2.3285306855406755
0.1955460729098557
2.0532774217806082
7.863959199980344
3.9006043215976973
2.7648242118503226
0.3368857795381075
0.9736213087347902
1.3190924355358788
1.0781392112337738
0.6380753835204387
1.6339151361557014
6.339378892272434
7.999324586379918
1.910774626696891
0.8264957273484246
4.43514529253495
2.8198022894265256
0.02218537583951119
6.34125014821257
4.631841629346783
8.873928209069177
5.776918085412248
0.9098339806382887
10.487677340456283
1.009301383019513
0.29799191298152516
5.2981420342833445
4.440304519005561
5.696581023766211
1.7826253769281917
2.231256818314933
0.5287350676204501
0.8819824792891229
8.507890891686541
6.416476379569308
2.028916692028403
4.758425267520128
7.437047841738477
1.1272774756918995
4.717072015161343
1.2602993812258951
4.942921123582747
3.6296501674285113
3.8655301571428966
2.714223057139447
1.0843706085451392
5.266903070157596
0.7765011217008232
1.5723337835291304
4.135690324343788
0.180567698607776
9.248803436352636
4.264197106242635
2.0287350904835746
5.262700844949771
3.005294528864262
0.5945128451823101
0.9496820666616299
1.0705396996117007
2.9118634152665086
1.2680345636950654
5.807218948696753
0.8617910083245586
1.0200104277558477
5.077139739196749
26.56565279275422
5.025089794459423
0.671669492561481
2.817413945586903
2.4823364845628246
4.816241729004198
2.064835686265919
3.23155832807831
3.394563238888151
0.041840122037487326
4.199795623401228
1.4711075125903905
1.0392910790541032
4.64044523793013
5.756570147651651
0.28083558209844384
0.21027562709513647
0.033825865938151845
1.8458261955577608
1.572476889800999
1.2051088151216633
3.4695374323054997
0.8402838595389952
10.136668791935156
7.254678083558854
3.3828160885895553
2.6685372944218697
0.7699449348263949
0.8595006143084739
8.078032185033889
1.7074815332285227
3.9700879488188905
4.957221938157159
1.9963305677264032
6.288679191575345
3.723302272924699
0.7869660019992979
1.6755656083271075
4.383492696436345
5.042715036098785
4.892372549709106
4.6237718189956825
1.2691291883395577
9.419201317286443
3.4242410139006028
0.43120429048668507
3.4600071345753145
3.87242371419617
5.184500972017994
3.9216415092287518
4.0775246765423665
2.90023939615116
0.44876931651976154
1.278006431104083
5.9826034254424725
2.689216350985174
1.0484290835943613
1.0780627849555435
2.5289563539015627
4.1634000897435435
1.154701810555375
5.077337998913687
9.819700987165533
5.582297466532688
0.8035979374289579
1.485091855435611
11.836923085844235
1.2614952753071773
1.232063812764749
1.189274765962364
6.960078085661046
1.8063162220493625
5.256191817713703
1.3482864945729998
4.710400315593006
12.230055866194393
3.1799960353139856
1.6761729277186752
2.2828817641335895
2.6067849730358494
1.797761139146808
0.8372648891197796
6.491858557473035
6.789886889038915
2.146068849449585
19.24394732020358
16.021311371240014
2.0321849687548745
5.422768050527377
4.770602740440453
0.13175768635427987
4.710883229758732
2.895229615948039
10.773947253919951
9.172305965739579
11.236336017446924
5.715332351427024
3.4795789537313286
1.1902038137988002
5.878351478120041
0.45644495048666844
1.0612066292107156
6.263946067218943
1.037776338329338
1.3795275400758125
1.8926844011268478
0.8588619573110912
8.738459465202796
7.350292515600853
2.3953963378623486
0.7469614537290408
8.30907276156907
0.7999405332128284
5.487824240478196
1.8470593316544153
4.412865682784767
3.3871905229959576
0.5602659863880377
1.7523299126886673
4.798092194127344
1.6405905101935985
0.8573256313931013
0.7906102632045522
4.681111104205722
2.4248678788258706
5.3319183309043625
3.9416774767944247
5.909494085845802
3.92951150277589
6.747942580941886
1.944217142642543
0.9060002200270518
3.234690179259902
2.14949645976201
5.541140835506087
5.7146808818360295
4.074019509122554
1.4202608291222298
2.420780599512832
2.7916221631334546
1.7514983222240839
0.6279270031667998
4.631057110927463
3.3883926934629915
1.7318456385767236
4.615476340190175
0.1269359527536924
0.05278015613579479
1.9076447544175303
3.43376268165915
0.5977137966338093
3.75086724946606
1.0771653211257686
1.9213039306100845
3.2467061053783737
1.9676641624470883
1.2368509066059008
0.15283622530638863
5.422448747099066
6.60275786659079
5.17571734007277
5.206124308572515
1.9676072203025243
6.288598518090751
1.188629024694695
2.858635753742197
4.755766523793896
4.006654522621548
0.5293674010494251
1.1407141521740818
6.098012542483506
4.6623278488792925
5.477950766987791
1.979376261879776
4.849665915752078
0.08780722494220417
5.947557461781382
4.132429134981563
1.1408000520818908
4.879097838644965
1.821292589619571
5.123550282165495
0.9446301933306573
7.357688926157689
6.995504529983374
1.823951164864003
1.017815622264849
3.5688044285808047
0.5411096741670343
2.828333185810478
5.03789518935944
2.555902525121173
1.0066907054153758
1.4931403079535905
5.305123784430769
2.075668099513975
1.8025356393718828
6.817065386142082
8.388048690778023
1.7343516456639376
6.30129678637143
4.420156317416602
9.314643693347696
0.5000474310091942
1.346263428015255
1.5210234181793978
1.3663139966227391
1.606006657310876
3.889014346548824
2.716566586115981
3.5666258206550623
1.45562587692107
7.140183133277756
1.4436684819036167
4.965553211364464
2.126749322343737
7.099694180172951
2.7079796111082244
0.026311446864555443
2.092693738230921
2.359582144450648
3.942157543983091
6.491524894468602
0.8907146758208235
5.404057724900481
2.1389437799572217
1.3262822403460874
2.8045181873849705
1.7418283311001403
4.567832879724998
3.034955961652695
0.8927093351223849
4.436186873808014
1.610905059352726
7.081440467439426
1.6710747653074716
1.1581997110732558
3.54711385880755
5.038559228758383
2.166026844761327
0.06602519721304878
4.4081692260247065
2.929012445510229
1.5828242949731854
5.17733049435172
5.246772171662935
2.5773261676317407
3.544417050685842
0.38326769074701317
7.2609925854121204
1.5514261523508706
1.8434227549351305
6.73973490879028
2.669146753819465
1.5520286236904282
4.563368350380442
2.9607646788719797
4.440084117973376
2.789376238082965
1.6336942333423152
2.659876136566146
4.772910489642704
0.16356536881578454
5.132325247312474
9.004001376658348
2.9259110109087683
0.8757440742098082
7.075202195640493
1.5944494286141115
3.4135610311229385
3.4967126830957698
2.6936434402176
5.021372650758367
0.9819478793239702
7.100343017632828
6.973065373985648
1.4221150447647926
4.023666446907311
5.588634467869825
1.501972717585423
4.592704887644344
1.2817171357573838
4.202753189544042
7.055720865283549
2.1085665936289733
2.0755718448505656
0.24066383202885366
0.7666527639255778
1.9294415097832458
2.5666814903284094
0.7548534927572882
2.5169967432197016
2.5635317403099243
0.7670886003582083
0.11816229100292386
2.720098050123459
3.6804368111140056
0.5219254364571453
2.0744401433595385
0.6281713122810396
6.7659318752990965
31.714611984894283
32.58407068832018
0.3862389322887836
0.19378683167749555
2.227020549882705
0.1432211120149971
3.404702777454625
9.806002855058132
2.0354915681052916
4.35755074337516
7.3201193185051245
4.542007828746834
6.435359961432128
1.2780529886526804
6.542731347045269
4.644303167414326
0.5674901933048453
3.7455028097058873
4.6247531654300325
2.761500392788694
5.192188893492897
1.9213513448009378
1.7582654247875509
2.0806280104808534
3.159052609694978
1.1511421678998834
3.1403440151100894
3.839540292477781
6.064374903414838
2.497517213203239
1.985361493692013
5.820448197036092
1.3824538032211435
7.027769528061972
2.1403236354220248
2.585690917256038
1.772601275083536
4.390149579059879
3.1070974380739527
2.4643510248984803
3.459506218312985
0.5990420483688335
3.957201115865133
6.3912731838522845
1.0356696670089482
1.7906641431105306
1.3414621363904122
5.738795174832569
1.0593630241859084
2.5116972235143984
3.095826848419579
1.1021154668161697
3.0402964112114317
5.436604030040759
2.1571757269584717
1.709896910605094
4.7397676859137805
7.540704845470769
4.036773668730422
2.541012730590387
3.5145711753476956
2.428119139520108
0.8355605922400003
0.5386660776817535
8.051338222791825
3.4589023691762817
0.19880021615188803
3.9392787361420316
5.889188446090565
1.4605585263821508
1.5794493458869465
0.018762418582725315
1.3212686831302412
1.2759550656317493
2.921865925130268
4.016911713014008
5.7171062972522995
9.625525433108777
0.5088142869805228
2.1043727618633876
0.2631718655116183
6.666104866744941
1.5026401236020375
1.6617005835951864
2.2601228876017534
2.2679225677050088
1.006146390437555
5.456592318568493
8.626878812147675
0.19289790812530672
4.5453702179963145
3.7935373340173633
2.056435579358597
5.108373416105554
6.057341518473001
1.0227429906433163
0.08812340717271738
0.28331646672888955
2.200558743671616
2.3689883772333395
1.346364102551238
5.720254748190469
3.774667547561049
6.937501111241399
2.988005453589434
4.450129127957495
0.4017422300601474
1.243006464936353
0.986809624892597
2.876825700083023
2.8895178435515665
3.8346271762944393
9.352702073655006
0.05487236190197331
2.3519432298772465
2.386535355253581
0.9530293064501505
2.841820038696361
3.120976578033705
4.511359580091003
0.05607458639261509
0.9912814651527238
0.9626736209241347
0.4439130981353494
5.762402835668143
9.101823428985725
9.730902273906342
8.964898512453882
0.1837882985318857
2.1979788012794588
4.8742324438091975
4.766073127718633
1.1057430616442046
1.3410928423705166
0.49692837751773755
4.037071609911751
0.9113724595187642
3.981108843109828
4.949512498387455
4.237022095825245
1.8908596722654303
0.5986316608187269
4.322981252889451
2.2878145418895555
1.732680213201603
3.4740043693166354
0.05367344112283179
3.3381960024333672
4.188216243701083
