8.149245551264299
7.090271696356888
3.409834247539754
3.759135040253061
1.3005238487171904
1.5441055921936362
0.6390403404036712
0.8985370284970149
3.1989953695321365
13.810652018294872
6.148126785088076
9.232486100133666
12.396357921169132
10.039241001620784
1.2271624054455488
5.670951054008427
1.953611829270879
2.201356054928573
4.315285542907118
0.1859109592643069
6.131341071951454
0.7562249548785691
3.1239196932199533
2.490127818221441
4.870682478063788
3.1719151825874183
8.045868911952907
5.437810083467495
1.927395236904803
5.842516290173405
0.42708975594604226
3.835290422868295
5.681594948590124
1.7311362382323603
1.1426044238816542
2.558985206638309
3.6381042955940353
6.022042027439493
5.584673243756065
3.721166095151215
2.9901005523946766
3.3536972880824543
2.9570687992384785
1.0478980600386967
8.420809226188387
1.3087868189126368
1.6852559314737885
1.4866047558894837
8.032897802322452
6.3178236840782045
1.6375887874882307
0.45510852868592977
0.8164312895833348
3.728477312617789
4.893482292390417
4.3379230975726015
5.7247226742600255
2.8053316066645078
3.462472929218462
6.200449732239585
3.797000936406926
7.4930939021561045
3.743728727827313
2.519088271978293
8.3904743141785
2.3713323460266214
0.036884185156600635
5.825994858103625
1.7191654429507857
5.171031863888812
2.9333436802546204
5.178742439838219
6.66661780907388
2.202111795226724
1.8327452728108882
5.666230233069459
4.331621554333413
1.3631279660723346
2.2007700844115483
7.192795634969766
7.628196097932108
0.7306524897640615
0.05883294926739191
2.4334094883312485
7.66304534320396
0.5989399423158019
0.523118452669276
1.8706609924796958
2.735331219750887
1.5150456639644114
2.031967812869255
6.111152732960662
3.2880182641662525
1.0082853301128782
0.3038653948354999
4.640246596714949
2.7873843032824404
1.9721062051537201
5.343396242817786
8.262994381787239
2.9614936068963233
5.571519877846429
3.9830909017771923
8.82967980827009
8.473971670580037
0.6771186004296323
6.8753443017492
5.214412695738989
5.237206882666805
2.3170616810637643
4.131494113681802
4.630429911922905
4.668264142693719
3.825283059101276
0.8615460310999871
0.6956718175208062
2.955549834343023
6.181815700699767
6.702589157336693
7.0688590272317064
3.494983567742743
0.9401337571332404
0.7818334702185126
1.3548812605710254
2.469891771293879
64.56232814438386
2.7965697917179293
65.81754752786385
6.694391412367073
6.266621405235536
0.9819592978554024
7.825822563467591
4.306318390905659
7.531403516040367
1.0018906183353997
8.56279473342593
3.593627463180073
7.752597944486196
3.844854577899433
12.546676114091493
3.4847296026014245
4.24496854374574
0.04230652415959946
3.135629342495289
3.942494698520992
4.18719755407662
0.33416491371986723
0.12607499052403065
1.906874033653404
5.7579541943553965
0.3389286714324026
1.3829674505234548
0.661516133195285
2.0032940540552477
3.524453033245036
0.3385506510224747
1.6449437705553072
1.2602290732530481
2.1369672323577475
7.643934350086578
2.295363976429451
1.0450832235111178
2.992701429853904
2.848731073075542
2.660921393668311
2.9884903669344185
7.836945613272697
6.1807350943679396
1.1003793381350357
10.630743035621942
7.324478255412206
5.515904743120937
2.900782482095874
2.852334346654694
5.463017543665902
5.8868824145187695
4.497208093840468
2.3648050554963747
7.578448316543994
1.0240004512178382
0.6750345800271615
3.8122984598170557
1.9022196011080905
9.266823530955078
0.9239331721850024
10.402322807769377
1.0763018128082034
1.7625409852955094
2.1161258883373826
0.7230071507153222
3.9485653900336883
0.7044874240844253
6.846566528718672
3.880311521529701
5.721867575010492
1.5992442949099317
4.2595094340506545
1.2652473592865334
2.2758845160367702
4.647723643743582
1.5773927136801071
0.45592531017795135
11.31901821139476
1.9130328424500815
1.0812771051908219
1.2679200392988261
0.5107394766171649
4.0583863134022575
5.41584625248693
1.0729297182363213
0.47348241946598235
5.833524218003477
2.7564433521951797
3.017513906318573
0.9568070158138762
6.073232936420856
3.0972652428511402
5.137327278592281
2.5095809398931324
0.479257260373505
4.818987581264942
4.438019309972163
3.5904384021016544
2.473347465116943
2.9498243827415083
3.2747093136094505
0.7173386199545153
5.032938149768279
5.999961303067149
4.807279033399267
0.3930651851062734
2.971082735137489
0.02930708193725473
0.40524692811440954
2.370833037302037
4.8673359795558095
0.5200717358839819
4.104675094902771
0.4630023150167568
4.195833153985175
6.617329868525475
5.657409121453478
1.8963181384934757
2.213306512148689
0.20232919736438093
6.11910121607656
4.546482255976189
4.0429434042415044
0.18337509510110994
6.508689048217569
0.9871550161825078
6.5709047075201585
1.2998600447143862
3.628089618527512
6.84652439931007
2.194993100262952
4.801607993017914
3.4735273357502243
5.9140984760479505
3.7366612746363055
4.064680984966705
3.4467390647997167
2.9918906174936564
2.431086672948391
2.2095060459699916
4.15971145361536
0.8684005090463822
0.8189386430193841
0.31236674103607776
2.5159610804829105
3.124096118450617
3.8208303960133563
3.192956764296684
6.5321534467629565
0.36122742958213355
2.3053642969128427
4.098114016407696
5.40657902166357
5.561275745516054
8.314462059947227
1.3038009462462048
2.45247694684006
1.1339906629213934
3.778474249988547
1.3835876771582722
1.5978929986114592
2.367679648207737
2.4584012333651297
2.1791671068893876
1.8765588800009783
0.08008769607973032
1.8427464812238956
3.9227287759167986
1.394393688823779
1.2880440043638135
0.6639151890843848
0.47554153214604256
3.86467146413551
5.7466594753637406
2.2704558958957737
3.0504003444449155
4.632281708592098
1.4682563725910462
9.687324964612813
11.162027569456102
3.3447896519504865
5.4688363340743
2.6641170076685423
4.990561448484474
9.386743071479655
1.8293067141310249
0.8313593457851066
0.9732178621564653
11.10160253882241
10.102728580516137
1.7068257350388296
0.373428800123496
2.7771686546285035
6.647849400610154
1.708843955771485
9.675949026363012
8.935484253075188
4.314274563173425
5.6654440223823785
7.015271329292599
3.745423543295515
4.821598530856678
1.7893980861528704
3.3532081492939474
5.27451655367473
4.875747368183799
4.122818122859617
7.799339871256097
1.7084168623819669
3.7061875959182995
1.4011007496318832
2.706953959664581
3.2616493572921588
8.82117640229667
9.913607700872795
3.163021863393774
4.5778008912449
6.037932910880936
0.5837290113517486
3.275458687102982
2.6931143786147396
6.155504388193437
2.9740402200771596
3.0094759964720237
0.8839032656151296
8.253455958125999
4.3549021255567295
1.306004161396337
0.6913989345413287
0.9084255141980923
0.8907583872533942
2.8092716629987744
5.559572279725646
0.8870427523312938
0.45538304201394053
5.146473154388642
3.2859891401683754
9.643998102429183
9.787033289463892
2.7750404348449025
2.874221280378828
8.369331767104736
0.46742531565106393
5.129173336585588
8.139204257843435
4.757563725746703
0.5502911024810715
0.8704699470700099
5.187328587345032
4.855357634888085
8.352719998609269
3.665282385288375
2.8973512160870096
8.640475480351396
0.9563301435620208
1.4082174678178871
4.3975336669342235
0.6604717404986588
5.083322227839172
7.731919471957747
3.3607893732563476
3.280679110188252
5.148661825494321
4.046369836063585
0.40000871575803165
4.143182103622889
0.7257486777498112
0.9244251671766157
2.7098567989537043
3.776335889599258
6.197344132445638
2.55450337749493
4.870844954647797
6.9761637118609645
3.226093698122421
2.5783781400194394
1.3898589393042378
2.2288214443884806
0.7207293647414676
7.542984283730953
1.5596380249877675
2.4335462678736937
5.700710809720576
2.3103423208805545
1.9942103246594858
3.8615352381761583
2.1045152102769222
0.9021634181758019
2.072287510291427
1.1049921009176893
4.248494903414249
4.466191182888235
3.28585116596553
3.2687466283510695
3.4158594786779872
6.573415384046564
5.342365988617223
3.8430052028359873
0.23511829360290215
3.7641329096946716
3.6511210422102685
3.7761982574906816
3.420631514733925
0.1090231275811191
3.858756476328822
0.03330604733610609
12.42164831271935
0.7726647684900974
0.03107311606136043
2.644329816828672
6.780233707201813
5.44370444721477
8.758013654547923
1.8794522138247673
9.490311230714486
4.18740228443988
1.5986541467570534
1.3332524842871125
4.670987242876903
1.3984787502837692
0.3369399182837549
2.845931869238869
0.2134148806671825
1.6790482976197945
0.5323757948375971
5.746748872218646
4.847204118452739
3.7908536344020334
3.145559287602926
10.170332654121959
4.850028475420078
0.4955908225180585
9.4448525016377
4.75301590236902
2.051027742504693
0.7166860182620277
2.8925914578790737
1.0228494877302263
1.5278329041954746
0.6901878737717108
2.2841543196234184
5.526802721865677
2.04410336642995
1.4281452237938863
4.342817146318013
0.9017520716441156
3.792520057783599
0.8402247350649275
5.907251673416653
7.852823853522237
5.875221098483802
1.388153256095828
2.958007937437916
4.88447263600582
8.342560007494008
0.8884907008925946
0.06890809277224319
3.223548271486271
1.117568394643266
7.942634340386967
4.098835609798684
5.867093889816166
0.75985800771203
7.207117127875982
5.37855360329582
2.0893591282476986
4.98580756090729
0.6913110491910957
1.1693446688454598
3.2007212958447484
9.826311651861092
2.3596354741466046
0.2824356264110527
5.461552528986164
4.850942718757649
3.25335389266498
2.59331308430477
2.2279579662505538
3.7885568309844486
4.876088528522374
4.178808553641813
1.1325881953208845
1.1408079640445257
6.196930706806311
0.6825628374202256
4.256759077571986
0.9032657058535448
10.033970221042258
2.131293120997049
13.272755335837351
0.9198912955464014
1.2301076577402201
3.323463364000242
0.48720835908789817
6.5828354486824665
0.22293700643058123
0.9141891189720397
0.7592818776399737
9.938398701879516
5.819809825201089
1.9009642495212367
5.367935685382463
0.04864109013041551
0.5464952766218241
0.7959933333324676
0.4279432255783213
6.598192019646227
2.284584558055157
1.6897831746379626
1.7366967302085703
1.6283304784305148
5.295089269390719
6.426882985861269
5.882863492009987
2.479461414469097
0.633899741604222
1.2764940389980906
0.3349126351782996
6.164395262599948
2.795900731460078
1.4697552465994086
4.703330597989266
0.16326338378003102
3.954947346268706
1.5576156945361532
3.5706304778728772
2.3557009316925583
12.599484684675122
5.691755775496819
5.545492956156735
0.3636998773831501
1.439222487798708
1.4012316324249632
5.189762863167911
16.89209764212214
2.0243643127910684
10.715751829509323
6.576146552072716
4.20207474382415
6.3342492301093944
2.4339292329317197
2.0441074642492807
2.7381081729635515
1.313822766212347
3.7920973523865324
1.0520851818555563
3.74249601739101
4.890460944102951
3.5454993490027564
0.7908076500104673
3.287477209231857
8.23806911779762
0.7577559468989061
0.6050866890346696
2.4540661116676734
0.5652177480343372
0.625104116223822
4.0708382732241155
8.183566354401735
0.18705758383264826
5.25664275377968
1.9055549145363053
4.330448467501697
2.562767406567024
9.228811725116836
0.014237895934061218
0.6565614768470192
2.656353143561874
1.3402904696494327
1.3260360744349509
5.744051178276946
2.70058237237965
9.704127341625586
2.484173279026686
6.151956163136521
2.87574089478096
4.224713467535954
4.598599506348589
5.539668717526851
1.172853609017991
7.563250901717099
6.052548642187647
4.95183624620403
0.8755942657980476
2.694609599112188
4.874497032247747
4.735392378226569
5.939511504862406
2.955968764162481
2.3899800938470968
5.468890935456336
3.5497983162907225
1.626564441039665
4.50644953488862
0.43436317906859145
2.661054527650487
6.056548461771532
8.138996607596699
4.523163657280238
7.447512264267485
4.294619713265252
7.408264965190421
4.526343179313339
3.1217111597703147
2.579141866141387
6.050769636011021
4.465357454715082
3.2705455814904623
5.706901685747928
0.40558090748578746
5.044038985921329
19.4291001986184
9.173195796759346
4.183124130494674
7.921645013609961
1.6792422809188787
2.9071066634443223
1.4271186630781645
2.781674585538939
0.8133788068441137
1.6573244777216782
2.7154408048935843
3.024665720473228
8.395605073808557
3.293442029910537
5.823257672228764
7.405713307625524
5.024384480453515
0.3151501642948634
1.5008888714256128
4.967603676657573
6.331634757755339
3.180624727648541
2.3538121269903813
0.8948589064761849
3.245343722458082
5.754431354555537
1.8441389730803364
1.139666424919128
3.074404384435594
2.9432184949520224
0.15663656167526674
9.571318525187094
3.050773553798447
5.323843640117542
0.09908194584043006
4.304065575679308
1.7528718161435966
6.164518416145684
3.6403807041627134
2.124348774962009
1.4589294365637104
6.80713272324469
3.469422495328881
2.2188893271130805
7.319877623939399
2.938407581705788
11.919694597310745
7.860631010703374
5.660893246822384
5.690651928067533
2.107855949783429
6.047095446962273
1.122460561047147
2.009843098950375
3.9442752598166564
3.428170449084134
9.630745108442683
0.24833997104616823
5.878115841116139
3.5198046749073075
2.5808285539376663
0.4991888259086221
3.3275457838446663
2.5279774773846233
6.187502762314049
4.386451741645438
7.5254002211057855
0.07731690731502949
1.5868527118060811
0.4847848200636764
5.580389191875032
8.898581180710869
12.032027993893943
1.5774823642435418
13.25366606923514
8.887816288458932
2.345907645012414
9.409182980040589
4.203437652264398
5.140566663666156
3.2159801149942644
0.44436280813658846
2.0961810013719613
5.230247409941843
10.92754317983943
14.568471547720884
15.85837314327108
0.6078110283664742
3.089958024411664
4.007116341491548
1.2328394086200865
7.084169336120917
5.196183038872995
3.5268310694055387
12.634925401313174
6.285933155755802
9.349228370409906
3.3888016988516143
7.007462405304771
3.436238634709936
0.4167104975463132
0.8055967107168767
5.561341003668833
3.2150752130075544
1.7831940187014625
1.8043716915014687
2.9310208461001634
0.7358186549174199
6.169168621632833
6.244681675240695
0.4372952532651264
3.142401850167836
5.2365522619624105
0.98730779767065
2.3074096362662395
5.394207571758999
6.895183635127205
0.10740030229429953
9.347068399779939
7.218541491404558
5.147203976816113
4.09116176492829
5.543314513197245
1.778960663119902
5.213309072619367
3.202569667694814
3.313270355565281
1.021252331274622
6.359615648233793
4.187049842557756
3.5393354475721712
3.4115514399129494
1.498212503421769
2.955554891624524
2.492598675804862
5.0163717605958045
0.8529292882285597
2.2371429982616817
5.477183742875803
1.555177733766928
1.274477329925336
2.421820403050699
4.978649835700567
0.8304280203657999
4.447274140974871
0.6609675933333068
1.9325922780156186
2.4012755457403365
2.358948188502715
1.5387301775659905
2.949944801723756
2.378093767397757
1.521133039877569
1.5178444521171266
5.7408178381923385
1.0573550735002417
4.920371470007318
2.945918114965882
6.465941656734898
7.432649338435828
3.673465970600722
4.66093037639884
2.0798759292918856
12.949269021827517
2.306571394514251
3.904391779673718
5.219685304704351
10.571352585105407
0.8631239361982797
9.249617318562754
0.5261044877977223
0.7364728445476771
3.7469893184987306
4.930530122570217
2.9280679963568037
2.8029914780086753
1.2515460222494732
3.0362129403514486
3.6051069939198896
1.5334952845018819
8.621604151651276
4.189695811297461
2.5497367852974797
5.1211325081862675
3.9228217843585047
3.0087758427217874
2.8921550084712173
2.1840847072635214
8.910206558502802
3.1831317513098254
1.389426999458133
0.7688072104265118
9.69358237730682
2.6179797325885157
4.00546904886574
4.358474889048253
7.501486838268665
1.224451501859622
9.036674833416534
0.1184625169316238
1.8465036803444734
0.30888538024801804
3.3977860170108265
2.372922260920027
5.55883196625626
5.806147853246307
3.6085061937214835
19.08561288784963
1.479687826756066
3.2590072421484
4.716621197437636
5.385511044438695
4.560971912226621
4.342229573698846
1.022722446999583
2.5013514214850683
1.0422348092219775
0.2330772327777717
4.280262465338248
0.5075021363400815
0.9351815506377215
4.508048191320212
3.5774879746136574
0.7966983741229003
2.3074788893286575
6.44282540772998
2.5921796518825793
4.426699044606387
1.984529501452657
2.4536772404771265
2.4498795709103636
3.315715040416533
2.7757918997874507
1.2995599900685295
2.8839752594107733
4.924048393763447
0.8713344314301279
2.3279591360878444
3.3941523930521367
4.637828798433166
2.465402229288628
8.45153147572435
12.799251829193055
10.19246993688802
9.174815546155585
6.078782676147716
5.517872950806169
3.1665119664296872
0.5481779883420497
6.612018415623648
2.643115209560494
2.7975535662821005
5.430190287661198
2.721661402880568
2.046793934651757
4.834752714314403
1.1802643684933005
9.275192789495556
0.10582506915115542
1.4996481055071795
1.2877140064433896
2.066640481450911
6.980873682617148
0.7198022423486485
10.62264895552186
1.1058398705483596
11.380235818318392
9.308394888079349
5.984077388638895
2.4953007386369244
4.688278815386982
3.8000515089866163
5.315055612177587
8.812345895075978
1.431167867079144
10.71819448285638
3.767666141963499
6.746806768853348
13.69347365015991
0.2675533993560819
4.570609757038298
0.33631099351080085
8.147249321277458
0.6463954638097911
2.4951318865788403
0.31072343580065676
2.325653733034352
0.7324494560478376
6.033797200559993
6.877199182000233
1.5814876814525354
4.775017450028038
4.95035365756209
2.110425080377664
18.488017974490887
2.284457197313256
28.064724731813886
0.9291452370484553
8.52296006604549
0.8318574482281944
7.210795515697429
37.118295189375914
40.171549429170454
7.580531698849134
7.370870225922792
1.8741808854738777
1.9630126139990236
5.1657352983580616
2.991977130231972
2.962984740193088
8.170577030623166
5.372167500554067
2.859112124703269
9.745004032787069
0.14042824394364084
5.3036032382398375
3.31814748908298
13.78696805433704
3.7634593295917043
1.502853230385395
7.186573883272347
4.74982225283993
0.8523525669820877
5.942246354068881
6.258508154440259
3.654878410407478
8.163045255138115
5.529052602268694
1.1334440738658174
0.8327634289372359
2.973264105912925
0.9000701527485857
2.676752960239112
11.32382699932291
5.1508232553842825
1.8478737085674206
6.2861539255877865
1.873620965345589
8.517310452491362
0.4596745591217215
3.5613692994397126
7.29904844110375
0.11177058892156522
6.412217191368347
2.6951363693857284
3.9408495528005147
5.289827812296009
3.648167494979283
0.7223690936912301
4.0753989276066935
5.247217248766714
1.6360546380320757
1.5388521621226383
3.8156467579966997
6.376540257782308
3.7166160008523246
1.9108238642327187
0.06186724216761652
5.957963902591949
4.966545937626701
2.3855809529847525
7.7024031548539895
3.985917208564512
0.9845759630394295
1.1402377228759044
0.5756332080753364
4.991510354612084
1.7548498149118048
6.399575915915118
10.509596174588927
0.5244623697812967
0.4434242230869574
5.39576268229155
3.756565979460497
3.6026485963648853
3.147699259500193
0.1180959191452775
0.14170264740618288
0.08330408569450576
6.345338279675545
8.780135507224951
2.1578794928459826
6.165485705901661
3.048768459314356
3.0112783950742488
3.1443478031189667
6.529209690091555
5.998005737982343
5.714083543439413
5.590063684095535
2.8772330340543215
3.843947731148482
6.470559885361551
2.0916428236031304
4.914124028590241
1.1955027200941348
2.525043149406655
1.8441932304290745
0.7261499939128316
2.917495335789827
4.3563139882361686
5.082624791154508
4.7079586313075685
0.6382539578777928
2.7469802642419143
1.266863040662261
8.858159308935996
3.7307755439823955
3.899503642106474
0.15817218864673088
2.0153182374747427
6.160723742334695
2.6643920803034145
0.21506217750347656
2.8415289178506606
5.040751522061951
0.08636235450978891
0.09292022585117055
1.2779137562830334
3.5778974625848203
2.8193924010298828
1.1696663695657068
1.1425039494543547
10.667915839273304
1.5429828161440553
5.513210765551802
1.4577625894773396
2.5847338872193526
6.320225787544366
3.7239960571663664
0.579460555919765
5.22658548069378
5.3445126096878335
3.604749619968439
8.467697060557686
2.375231469151015
1.1601601733264446
2.450054037388634
5.646657413829294
2.184658536149952
1.2412608836046353
5.093053104059189
0.9278657967974481
1.2011648958634225
1.7435044137937803
1.6961006123369469
7.788683727783916
1.94117042818168
2.08011665331399
8.282782843604025
