1.6626151204109192
1.6626151204109192
0.36261512041091915
-0.00405187958908082
0.6626151204109192
1.3292851204109193
0.4959481204109192
1.3292851204109193
1.1626151204109192
8.66261512041092
8.66261512041092
0.5792821204109192
10.66261512041092
10.66261512041092
0.46261512041091923
-0.3373848795890808
0.6626151204109192
0.5936501204109191
3.037615120410919
3.037615120410919
0.6626151204109192
0.46261512041091923
0.7495751204109191
2.440395120410919
2.440395120410919
2.162615120410919
1.6626151204109192
2.162615120410919
-0.3373848795890808
3.298975120410919
3.298975120410919
0.7941951204109192
0.37690112041091917
-0.08738487958908081
0.5885411204109192
2.519755120410919
2.519755120410919
0.4959481204109192
0.2251151204109192
2.948325120410919
0.6626151204109192
0.6626151204109192
0.46261512041091923
1.6626151204109192
1.5197551204109192
3.662615120410919
3.662615120410919
0.6626151204109192
0.6001151204109192
0.6626151204109192
0.4126151204109192
0.4126151204109192
0.6626151204109192
-0.08738487958908081
0.6626151204109192
-0.08738487958908081
1.3769051204109193
2.829285120410919
0.5756581204109192
2.829285120410919
0.5376151204109192
0.6626151204109192
1.8626151204109194
1.8626151204109194
0.3684971204109192
0.5515041204109192
1.603795120410919
1.2989751204109192
0.1626151204109192
0.1626151204109192
0.1626151204109192
0.1626151204109192
0.1626151204109192
1.6626151204109192
3.662615120410919
1.6626151204109192
1.1626151204109192
3.662615120410919
0.5515041204109192
3.412615120410919
0.3292821204109192
0.3292821204109192
0.26261512041091917
1.6626151204109192
0.6626151204109192
0.6626151204109192
1.6626151204109192
0.6626151204109192
1.6626151204109192
1.6626151204109192
0.03761512041091919
0.1515041204109192
3.462615120410919
3.462615120410919
2.162615120410919
0.1626151204109192
1.6626151204109192
1.245945120410919
0.48404412041091915
1.245945120410919
-0.00405187958908082
-0.00405187958908082
0.1626151204109192
0.6626151204109192
0.3292821204109192
0.4126151204109192
0.1626151204109192
0.6626151204109192
0.26261512041091917
0.1626151204109192
0.6626151204109192
6.412615120410919
6.412615120410919
0.5004531204109192
0.06261512041091921
0.06261512041091921
0.06261512041091921
0.06261512041091921
0.6626151204109192
0.6626151204109192
1.2989751204109192
0.6626151204109192
-0.08738487958908081
0.4126151204109192
0.6037911204109192
64.66261512041092
1.2097851204109191
64.66261512041092
0.6626151204109192
0.9626151204109192
7.662615120410919
7.662615120410919
0.6626151204109192
2.662615120410919
2.662615120410919
2.662615120410919
1.5376151204109192
-0.08738487958908081
1.6626151204109192
15.16261512041092
3.662615120410919
1.6626151204109192
0.6626151204109192
0.6626151204109192
0.6626151204109192
1.6626151204109192
0.4318461204109192
0.1070591204109192
0.1070591204109192
6.262615120410919
-0.00405187958908082
1.6626151204109192
1.6626151204109192
1.1626151204109192
0.3292821204109192
1.1626151204109192
-0.00405187958908082
0.7802651204109192
0.6626151204109192
0.6626151204109192
0.6626151204109192
0.9126151204109192
2.662615120410919
0.4318461204109192
2.662615120410919
-0.2540515795890808
0.7459451204109191
4.162615120410919
0.02928212041091921
1.6626151204109192
1.6626151204109192
0.46261512041091923
0.4126151204109192
0.6626151204109192
3.162615120410919
3.162615120410919
2.0911851204109193
1.1626151204109192
-0.2373848795890808
2.162615120410919
2.162615120410919
0.37690112041091917
0.3292821204109192
2.662615120410919
-0.08738487958908081
8.66261512041092
0.5573521204109192
1.3292851204109193
1.3292851204109193
0.6626151204109192
0.8292851204109193
0.007443120410919213
0.007443120410919213
0.1126151204109192
2.9959451204109193
3.9959451204109193
0.3292821204109192
3.4959451204109193
0.9959451204109191
1.6626151204109192
0.24594812041091918
0.24594812041091918
0.0836681204109192
0.5948181204109192
1.7251151204109192
1.7251151204109192
2.948325120410919
2.948325120410919
0.5197581204109192
1.6626151204109192
0.7626151204109193
0.7626151204109193
3.162615120410919
0.6626151204109192
0.6626151204109192
0.06261512041091921
0.23404412041091915
1.6626151204109192
1.2626151204109193
1.1626151204109192
0.6626151204109192
1.1626151204109192
-0.2659562795890808
-0.2659562795890808
-0.2659562795890808
-0.2262738795890808
0.46261512041091923
0.3292821204109192
0.4959481204109192
3.662615120410919
3.662615120410919
0.6626151204109192
0.9959451204109191
0.6626151204109192
2.662615120410919
0.6626151204109192
2.662615120410919
0.5197581204109192
0.5197581204109192
0.37690112041091917
0.9126151204109192
0.37690112041091917
0.37690112041091917
1.8848351204109193
0.27625112041091915
0.27625112041091915
2.062615120410919
0.46261512041091923
2.662615120410919
1.1626151204109192
2.662615120410919
0.3292821204109192
2.162615120410919
0.5292821204109192
0.1626151204109192
2.162615120410919
2.162615120410919
0.6626151204109192
2.162615120410919
0.21817112041091924
0.8769051204109193
0.32115212041091923
0.32115212041091923
3.662615120410919
3.662615120410919
0.6626151204109192
0.6626151204109192
0.6626151204109192
6.662615120410919
0.6626151204109192
0.6626151204109192
0.6626151204109192
0.38988812041091914
1.6626151204109192
-0.1373848795890808
1.2626151204109193
-0.05167087958908079
1.2340451204109193
0.23404412041091915
0.8054751204109192
3.662615120410919
3.662615120410919
0.9959451204109191
1.4126151204109192
1.091185120410919
1.4126151204109192
0.6626151204109192
0.11159512041091918
0.11159512041091918
0.8054751204109192
0.8054751204109192
0.8054751204109192
0.9483251204109191
0.9483251204109191
0.9483251204109191
4.162615120410919
0.9483251204109191
0.6626151204109192
1.6626151204109192
0.6626151204109192
0.5376151204109192
1.4126151204109192
0.4126151204109192
12.66261512041092
12.66261512041092
1.2737251204109192
0.4273211204109192
1.2340451204109193
0.09118612041091917
0.9483251204109191
0.04928212041091917
0.04928212041091917
1.8848351204109193
19.66261512041092
0.6626151204109192
3.662615120410919
1.8848351204109193
0.6626151204109192
1.8848351204109193
1.8848351204109193
0.3994571204109192
0.6626151204109192
0.6626151204109192
0.5515041204109192
2.037615120410919
0.4126151204109192
0.32115212041091923
0.32115212041091923
-0.057384879589080784
0.7826151204109193
2.264096535243988
2.1212365352439884
2.1212365352439884
2.264096535243988
0.6626151204109192
0.44039312041091916
0.9959451204109191
0.6626151204109192
0.9959451204109191
-0.2373848795890808
0.8626151204109191
0.5626151204109192
-0.1945278795890808
-0.1945278795890808
-0.1945278795890808
1.0472351204109192
-0.1707178795890808
-0.1707178795890808
-0.1707178795890808
1.9959451204109193
1.3292851204109193
1.3292851204109193
1.9959451204109193
0.1626151204109192
-0.00405187958908082
0.4483291204109192
0.4483291204109192
-0.1373848795890808
2.2626151204109193
0.3164611204109192
2.2626151204109193
0.7292851204109192
12.66261512041092
12.66261512041092
0.09594812041091921
2.389885120410919
2.480795120410919
2.389885120410919
0.4126151204109192
2.412615120410919
1.620945120410919
1.620945120410919
1.620945120410919
7.495945120410919
6.9990386962890625
1.620945120410919
1.3292851204109193
0.6626151204109192
0.6626151204109192
0.6626151204109192
0.6626151204109192
1.3292851204109193
0.26261512041091917
1.3292851204109193
-0.12905187958908082
-0.1373848795890808
0.44039312041091916
2.662615120410919
2.662615120410919
1.2626151204109193
1.2626151204109193
1.2626151204109193
1.2626151204109193
0.33908612041091923
0.33908612041091923
3.662615120410919
3.662615120410919
-0.1707178795890808
-0.2373848795890808
-0.2373848795890808
-0.2373848795890808
0.1626151204109192
0.1626151204109192
0.1626151204109192
0.8626151204109191
0.6626151204109192
0.6626151204109192
-0.05167087958908079
0.07438012041091918
2.329285120410919
0.09504712041091917
2.329285120410919
0.6054721204109191
0.6054721204109191
1.6626151204109192
1.1626151204109192
2.662615120410919
-0.08738487958908081
-0.08738487958908081
-0.08738487958908081
-0.08738487958908081
0.36261512041091915
2.3769051204109193
0.3197581204109192
2.3769051204109193
0.4959481204109192
0.4959481204109192
1.9126151204109192
0.1626151204109192
1.6626151204109192
0.3292821204109192
0.3292821204109192
0.9126151204109192
0.6970951204109193
0.6970951204109193
0.1626151204109192
0.1626151204109192
0.1626151204109192
0.1626151204109192
2.162615120410919
0.6626151204109192
0.6626151204109192
0.6626151204109192
0.8800051204109192
2.287615120410919
2.287615120410919
0.5756581204109192
1.6626151204109192
-0.00405187958908082
2.662615120410919
2.662615120410919
2.662615120410919
2.662615120410919
-0.00405187958908082
0.26261512041091917
1.6626151204109192
1.6626151204109192
0.3292821204109192
0.3292821204109192
0.6626151204109192
-0.00405187958908082
-0.00405187958908082
-0.00405187958908082
0.06261512041091921
0.06261512041091921
4.162615120410919
0.1626151204109192
1.1626151204109192
3.329285120410919
0.5515041204109192
0.5515041204109192
0.8292851204109193
0.8292851204109193
0.8292851204109193
13.66261512041092
0.8292851204109193
0.3292821204109192
0.3292821204109192
0.22783212041091916
-0.07651487958908082
0.1626151204109192
0.6626151204109192
8.99594512041092
8.99594512041092
0.5111001204109192
0.6626151204109192
1.6626151204109192
0.6626151204109192
9.66261512041092
0.26261512041091917
1.2340451204109193
1.2340451204109193
1.2340451204109193
1.2340451204109193
1.2340451204109193
1.2340451204109193
0.46261512041091923
0.26261512041091917
0.4126151204109192
0.4126151204109192
0.4126151204109192
-0.07651487958908082
2.662615120410919
0.09739812041091916
2.662615120410919
1.062615120410919
1.2626151204109193
0.6626151204109192
0.3292821204109192
0.06261512041091921
0.3292821204109192
0.6070591204109191
0.6070591204109191
0.9353451204109191
13.66261512041092
6.662615120410919
0.9353451204109191
0.9353451204109191
0.9353451204109191
-0.00405187958908082
-0.00405187958908082
5.662615120410919
5.662615120410919
1.1126151204109191
0.1626151204109192
0.6626151204109192
-0.08738487958908081
1.829285120410919
0.10011512041091919
1.829285120410919
0.06886512041091919
0.3292821204109192
0.24326012041091916
0.24326012041091916
0.3292821204109192
0.1626151204109192
0.1626151204109192
1.2876151204109192
1.2876151204109192
1.2876151204109192
3.9959451204109193
3.3769051204109193
1.2876151204109192
1.1626151204109192
1.1626151204109192
0.6626151204109192
2.162615120410919
1.9959451204109193
0.06261512041091921
0.06261512041091921
2.662615120410919
2.662615120410919
21.45726728439331
21.45726728439331
1.1626151204109192
0.6626151204109192
0.9126151204109192
0.9126151204109192
8.66261512041092
13.16261512041092
0.9483251204109191
0.9483251204109191
0.9483251204109191
0.9483251204109191
3.662615120410919
0.6626151204109192
0.3292821204109192
2.519755120410919
0.3722921204109192
2.519755120410919
0.3077761204109192
0.37690112041091917
0.09118612041091917
0.9483251204109191
0.6626151204109192
0.06261512041091921
1.6626151204109192
0.30150412041091923
0.30150412041091923
-0.00405187958908082
2.062615120410919
2.062615120410919
2.062615120410919
7.662615120410919
2.062615120410919
3.662615120410919
0.5087691204109192
4.262615120410919
0.6626151204109192
4.262615120410919
0.27551812041091917
1.948325120410919
0.1626151204109192
1.948325120410919
0.17874412041091914
2.412615120410919
0.4126151204109192
3.162615120410919
0.1626151204109192
-0.1649708795890808
-0.1649708795890808
-0.1649708795890808
-0.00405187958908082
3.329285120410919
0.6626151204109192
0.1469901204109192
0.1469901204109192
0.6626151204109192
0.6626151204109192
1.6626151204109192
2.162615120410919
2.162615120410919
2.162615120410919
2.9959451204109193
2.9959451204109193
2.162615120410919
1.4626151204109192
2.062615120410919
0.26261512041091917
0.29897912041091923
6.995945120410919
0.8848351204109193
6.995945120410919
0.6626151204109192
0.6070591204109191
5.329285120410919
5.329285120410919
0.7737251204109192
0.1626151204109192
0.9126151204109192
0.6626151204109192
0.3292821204109192
3.805475120410919
3.805475120410919
3.948325120410919
3.948325120410919
28.66261512041092
0.4126151204109192
-0.08738487958908081
0.6626151204109192
0.6626151204109192
0.5133611204109192
0.5133611204109192
7.162615120410919
0.7340451204109193
7.162615120410919
0.3292821204109192
1.6626151204109192
0.8626151204109191
0.7042851204109193
4.262615120410919
4.262615120410919
0.6626151204109192
0.6209481204109192
0.6626151204109192
0.7876151204109192
-0.2123848795890808
0.6626151204109192
0.7876151204109192
0.9126151204109192
8.66261512041092
1.9126151204109192
0.9126151204109192
0.7876151204109192
0.3292821204109192
1.0792851204109193
1.0792851204109193
-0.1373848795890808
-0.1373848795890808
-0.1373848795890808
0.4959481204109192
0.6626151204109192
0.7678751204109191
3.8626151204109194
0.7678751204109191
3.8626151204109194
0.1626151204109192
0.03761512041091919
0.7876151204109192
5.662615120410919
5.662615120410919
1.4126151204109192
1.4126151204109192
0.7876151204109192
0.06261512041091921
0.6626151204109192
0.06261512041091921
0.36261512041091915
0.09118612041091917
0.23404412041091915
-0.1945278795890808
1.495945120410919
0.3468261204109192
1.495945120410919
0.24156212041091918
0.26261512041091917
4.091185120410919
4.091185120410919
0.5310361204109192
0.6626151204109192
-0.08738487958908081
2.218175120410919
7.329285120410919
2.787615120410919
5.412615120410919
2.218175120410919
2.440395120410919
0.3411861204109192
0.3411861204109192
-0.00405187958908082
0.6626151204109192
-0.08738487958908081
-0.08738487958908081
-0.08738487958908081
-0.00405187958908082
1.3292851204109193
0.4126151204109192
0.6626151204109192
0.6626151204109192
0.6626151204109192
0.6626151204109192
14.66261512041092
14.66261512041092
0.6626151204109192
-0.00405187958908082
-0.00405187958908082
-0.00405187958908082
0.6626151204109192
0.6626151204109192
7.412615120410919
7.412615120410919
9.66261512041092
4.662615120410919
4.662615120410919
4.662615120410919
0.1626151204109192
0.1626151204109192
0.1626151204109192
0.1626151204109192
0.28026212041091914
0.28026212041091914
0.2876151204109192
0.4126151204109192
0.03761512041091919
0.6626151204109192
0.3292821204109192
2.2626151204109193
2.2626151204109193
0.3444331204109192
0.2535241204109192
1.062615120410919
1.062615120410919
1.062615120410919
1.4126151204109192
6.662615120410919
6.662615120410919
0.14648612041091919
0.14648612041091919
0.6626151204109192
-0.1373848795890808
0.6626151204109192
-0.3373848795890808
0.8626151204109191
-0.1230988795890808
0.8626151204109191
-0.3373848795890808
-0.3373848795890808
-0.3373848795890808
-0.3373848795890808
-0.3373848795890808
0.3292821204109192
-0.3373848795890808
0.3292821204109192
-0.3373848795890808
-0.3373848795890808
-0.3373848795890808
0.1626151204109192
0.1626151204109192
0.1626151204109192
-0.1945278795890808
-0.1945278795890808
0.6626151204109192
-0.10661587958908081
-0.10661587958908081
-0.10661587958908081
0.1626151204109192
-0.00405187958908082
0.3292821204109192
-0.00405187958908082
-0.11516287958908081
0.3292821204109192
0.3292821204109192
-0.11516287958908081
1.3292851204109193
1.3292851204109193
1.6626151204109192
0.6626151204109192
0.6626151204109192
0.4273211204109192
0.4273211204109192
-0.1707178795890808
0.9959451204109191
-0.08738487958908081
0.9959451204109191
0.1626151204109192
0.1626151204109192
0.6626151204109192
0.1626151204109192
0.1626151204109192
-0.3373848795890808
-0.3373848795890808
-0.3373848795890808
-0.3373848795890808
-0.3373848795890808
1.2626151204109193
1.2626151204109193
1.2626151204109193
-0.2464757795890808
-0.2464757795890808
-0.2464757795890808
3.662615120410919
3.662615120410919
1.6626151204109192
1.6626151204109192
1.6626151204109192
0.22928212041091922
0.6626151204109192
0.6626151204109192
0.22928212041091922
0.6626151204109192
0.6626151204109192
0.6626151204109192
0.6626151204109192
-0.3373848795890808
0.6626151204109192
0.6626151204109192
0.6626151204109192
-0.3373848795890808
-0.3373848795890808
-0.3373848795890808
-0.3373848795890808
-0.2633107795890808
0.6626151204109192
0.6626151204109192
2.662615120410919
2.662615120410919
-0.3373848795890808
-0.30290207958908083
-0.30290207958908083
-0.30290207958908083
-0.00405187958908082
-0.00405187958908082
0.3292821204109192
0.4226151204109192
0.4226151204109192
-0.3373848795890808
-0.05167087958908079
-0.05167087958908079
-0.05167087958908079
-0.3373848795890808
-0.2540515795890808
0.5717061204109192
0.5717061204109192
-0.3373848795890808
-0.1945278795890808
-0.1945278795890808
-0.1373848795890808
-0.1373848795890808
-0.1373848795890808
-0.1373848795890808
0.8626151204109191
0.8626151204109191
0.8626151204109191
0.4126151204109192
-0.3373848795890808
-0.3373848795890808
-0.3373848795890808
-0.3373848795890808
-0.3373848795890808
-0.3373848795890808
-0.3373848795890808
-0.3373848795890808
-0.3373848795890808
-0.3373848795890808
0.5197581204109192
-0.2897658795890808
0.6626151204109192
0.5197581204109192
-0.00405187958908082
-0.2785613795890808
-0.00405187958908082
-0.00405187958908082
-0.00405187958908082
-0.00405187958908082
0.032985120410919166
0.6626151204109192
0.032985120410919166
0.6626151204109192
0.6626151204109192
-0.1945278795890808
-0.1945278795890808
-0.1945278795890808
0.6626151204109192
0.6626151204109192
-0.2659562795890808
-0.27071817958908084
-0.3373848795890808
0.1626151204109192
0.1626151204109192
0.1626151204109192
0.1626151204109192
-0.00405187958908082
2.662615120410919
-0.00405187958908082
2.662615120410919
-0.2659562795890808
-0.2659562795890808
-0.2659562795890808
-0.1438368795890808
-0.08738487958908081
-0.1438368795890808
-0.08738487958908081
-0.05167087958908079
-0.05167087958908079
-0.3373848795890808
-0.05167087958908079
0.3292821204109192
0.3292821204109192
0.3292821204109192
-0.2516705795890808
1.6626151204109192
-0.2767787795890808
1.6626151204109192
-0.3373848795890808
0.5515041204109192
0.44039312041091916
0.4126151204109192
26.66261512041092
26.66261512041092
0.6626151204109192
0.6626151204109192
0.6626151204109192
0.6626151204109192
-0.3373848795890808
-0.3373848795890808
-0.3373848795890808
-0.00405187958908082
-0.2464757795890808
-0.2464757795890808
-0.3373848795890808
-0.3373848795890808
-0.3373848795890808
-0.2464757795890808
0.6626151204109192
0.6626151204109192
0.6626151204109192
1.0376151204109192
0.6626151204109192
0.5376151204109192
-0.3373848795890808
-0.3373848795890808
-0.3373848795890808
-0.3373848795890808
-0.3373848795890808
-0.3373848795890808
-0.3373848795890808
-0.2083528795890808
-0.2083528795890808
-0.08738487958908081
-0.3373848795890808
0.6626151204109192
0.6626151204109192
0.6626151204109192
0.6626151204109192
-0.3373848795890808
-0.3373848795890808
-0.3373848795890808
-0.3373848795890808
-0.3373848795890808
-0.3373848795890808
-0.3373848795890808
-0.3373848795890808
-0.1707178795890808
-0.3373848795890808
-0.3373848795890808
-0.3373848795890808
-0.11516287958908081
-0.3373848795890808
-0.2919303795890808
-0.27216747958908083
0.6626151204109192
0.10011512041091919
0.26261512041091917
0.26261512041091917
0.1626151204109192
0.26261512041091917
0.06261512041091921
0.6626151204109192
0.6626151204109192
0.017454120410919205
0.017454120410919205
-0.3373848795890808
-0.3373848795890808
-0.3373848795890808
-0.3373848795890808
-0.3373848795890808
0.7214351204109193
1.3626151204109191
0.7214351204109193
0.7214351204109193
-0.3373848795890808
-0.3373848795890808
-0.3373848795890808
-0.3373848795890808
-0.3373848795890808
0.6626151204109192
0.6626151204109192
0.6626151204109192
-0.1373848795890808
-0.1794898795890808
-0.11516287958908081
-0.3373848795890808
-0.08738487958908081
-0.08738487958908081
0.6626151204109192
0.3292821204109192
0.3292821204109192
0.3292821204109192
0.3292821204109192
1.6626151204109192
1.6626151204109192
1.6626151204109192
1.6626151204109192
-0.00405187958908082
0.3292821204109192
-0.3373848795890808
-0.3373848795890808
-0.3373848795890808
-0.3373848795890808
-0.3373848795890808
0.9807951204109191
0.9807951204109191
1.2737251204109192
0.9807951204109191
0.1070591204109192
0.09118612041091917
0.1626151204109192
-0.00405187958908082
-0.00405187958908082
-0.2957181795890808
-0.3373848795890808
0.6626151204109192
0.6626151204109192
0.6626151204109192
0.6626151204109192
-0.3373848795890808
0.1626151204109192
-0.3373848795890808
0.6626151204109192
0.1626151204109192
-0.3373848795890808
0.1626151204109192
-0.3373848795890808
0.1626151204109192
-0.3373848795890808
-0.1555668795890808
0.6626151204109192
0.6626151204109192
-0.2373848795890808
0.14409612041091918
0.6626151204109192
0.6626151204109192
0.14409612041091918
0.6626151204109192
-0.2464757795890808
-0.3373848795890808
-0.3373848795890808
-0.00405187958908082
-0.1707178795890808
-0.1707178795890808
0.6626151204109192
0.6626151204109192
-0.00405187958908082
-0.1707178795890808
0.6626151204109192
0.6626151204109192
