0.4760364294052124
0.4760364294052124
-0.8239635705947876
-1.1906305705947875
-0.5239635705947876
0.1427064294052125
-0.6906305705947876
0.1427064294052125
-0.023963570594787598
7.476036429405212
7.476036429405212
-0.6072965705947876
9.476036429405212
9.476036429405212
-0.7239635705947876
0.4760364294052124
-0.5239635705947876
-0.5929285705947877
1.8510364294052124
1.8510364294052124
-0.5239635705947876
-1.147821855545044
-0.43700357059478767
1.2538164294052123
1.2538164294052123
0.9760364294052124
0.4760364294052124
0.9760364294052124
-1.0239635705947876
2.112396429405212
2.112396429405212
-0.39238357059478757
-0.8096775705947876
-0.2739635705947876
-0.5980375705947876
1.3331764294052122
1.3331764294052122
-0.6906305705947876
-0.9614635705947876
1.368307255706787
-0.5239635705947876
-0.5239635705947876
-0.7239635705947876
0.4760364294052124
-0.022357766494750964
2.4760364294052124
2.4760364294052124
-0.5239635705947876
-0.5864635705947876
-0.5239635705947876
-0.7739635705947876
-0.7739635705947876
-0.5239635705947876
-1.2739635705947876
-0.5239635705947876
-1.2739635705947876
0.1903264294052125
1.6427064294052123
-0.6109205705947875
1.6427064294052123
-0.6489635705947876
-0.5239635705947876
0.6760364294052126
0.6760364294052126
-0.8180815705947876
-0.6350745705947876
0.4172164294052123
0.11239642940521244
-1.0239635705947876
-1.0239635705947876
-1.0239635705947876
-1.0239635705947876
-1.0239635705947876
0.4760364294052124
2.4760364294052124
0.4760364294052124
-0.023963570594787598
2.4760364294052124
-0.6350745705947876
1.1621837615966797
-0.8572965705947876
-0.8572965705947876
-0.9239635705947876
0.4760364294052124
-0.5239635705947876
-0.5239635705947876
0.4760364294052124
-0.5239635705947876
0.4760364294052124
0.4760364294052124
-1.1489635705947876
-1.0350745705947877
2.2760364294052122
2.2760364294052122
0.9760364294052124
-1.0239635705947876
0.4760364294052124
0.059366429405212306
-0.7025345705947876
0.059366429405212306
-1.1906305705947875
-1.1906305705947875
-1.0239635705947876
-0.5239635705947876
-0.8572965705947876
-0.7739635705947876
-1.0239635705947876
-0.5239635705947876
-0.9239635705947876
-1.0239635705947876
-0.5239635705947876
5.226036429405212
5.226036429405212
-0.6861255705947876
-1.1239635705947877
-1.1239635705947877
-1.1239635705947877
-1.1239635705947877
-0.5239635705947876
-0.5239635705947876
0.11239642940521244
-0.5239635705947876
-1.2739635705947876
-0.7739635705947876
-0.5827875705947876
63.47603642940521
0.023206429405212337
63.47603642940521
-0.5239635705947876
-0.22396357059478755
6.476036429405212
6.476036429405212
-0.5239635705947876
1.4760364294052124
1.4760364294052124
1.4760364294052124
0.3510364294052124
-1.2739635705947876
0.4760364294052124
13.976036429405212
2.4760364294052124
-0.5395917892456055
-0.5239635705947876
-0.5239635705947876
-0.5239635705947876
0.4760364294052124
-0.7547325705947876
-1.0795195705947875
-1.0795195705947875
4.163959121704101
-1.1906305705947875
0.4760364294052124
0.4760364294052124
-0.023963570594787598
-0.8572965705947876
-0.023963570594787598
-1.1906305705947875
-0.40631357059478757
-0.5239635705947876
-0.5239635705947876
-0.5239635705947876
-0.2739635705947876
1.4760364294052124
-0.7547325705947876
1.4760364294052124
-1.4406302705947875
-0.4406335705947877
2.1310150623321533
-1.1572965705947875
0.4760364294052124
0.4760364294052124
-0.7239635705947876
-0.7739635705947876
-0.5239635705947876
1.9760364294052124
1.9760364294052124
0.9046064294052125
-0.023963570594787598
-1.4239635705947875
0.9760364294052124
0.9760364294052124
-0.8096775705947876
-0.8572965705947876
0.9078826904296875
-1.8421173095703125
7.476036429405212
-0.6292265705947876
0.1427064294052125
0.1427064294052125
-0.5239635705947876
-0.8348897343444823
-1.1791355705947875
-1.1791355705947875
-1.0739635705947876
1.8093664294052125
2.8093664294052125
-0.8572965705947876
1.8028279190826417
-0.6971720809173585
0.11870682239532471
-0.9406305705947876
-0.9406305705947876
-1.1029105705947875
-0.5917605705947876
0.5385364294052124
0.5385364294052124
1.7617464294052123
1.7617464294052123
-0.6668205705947876
0.4760364294052124
-0.4239635705947875
-0.4239635705947875
1.9760364294052124
-0.5239635705947876
-0.5239635705947876
-1.1239635705947877
-0.9525345705947876
0.4760364294052124
0.07603642940521249
-0.023963570594787598
-0.5239635705947876
-0.023963570594787598
-1.4525349705947876
-1.4525349705947876
-1.4525349705947876
-1.4128525705947876
-0.7297973155975341
-0.8572965705947876
-0.6906305705947876
2.4760364294052124
2.4760364294052124
-0.5239635705947876
-0.1906335705947877
-0.5239635705947876
1.4760364294052124
-0.5239635705947876
1.4760364294052124
-0.6668205705947876
-0.6668205705947876
-0.8096775705947876
-0.2739635705947876
-0.8096775705947876
-0.8096775705947876
0.6982564294052125
-0.9103275705947876
-0.9103275705947876
0.4226491689682006
-1.1773508310317993
1.4760364294052124
-0.023963570594787598
1.4760364294052124
-0.8572965705947876
0.9760364294052124
-0.6572965705947876
-1.0239635705947876
0.9760364294052124
0.9760364294052124
-0.5239635705947876
0.9760364294052124
-0.9684075705947875
-0.3096735705947875
-0.8654265705947876
-0.8654265705947876
2.4760364294052124
2.4760364294052124
-0.5239635705947876
-0.5239635705947876
-0.5239635705947876
5.476036429405212
-0.5239635705947876
-0.5239635705947876
-0.5239635705947876
-0.7966905705947877
0.4760364294052124
-1.3239635705947876
0.07603642940521249
-1.2382495705947876
0.04746642940521251
-1.1682117127380371
-0.5967807127380371
2.4760364294052124
2.4760364294052124
-0.1906335705947877
0.2260364294052124
-0.0953935705947877
0.2260364294052124
-0.5239635705947876
-1.0749835705947877
-1.0749835705947877
-0.3811035705947876
-0.3811035705947876
-0.3811035705947876
-0.2382535705947877
-0.2382535705947877
-0.2382535705947877
2.9760364294052124
-0.2382535705947877
-0.5239635705947876
0.4760364294052124
-0.5239635705947876
-0.6489635705947876
-0.680182695388794
-1.680182695388794
11.476036429405212
11.476036429405212
0.08714642940521244
-0.7592575705947876
0.04746642940521251
-1.0953925705947876
-0.2382535705947877
-1.1372965705947875
-1.1372965705947875
0.6982564294052125
18.476036429405212
-0.5239635705947876
2.4760364294052124
0.6982564294052125
-0.5239635705947876
0.6982564294052125
0.6982564294052125
-0.7871215705947876
-0.5239635705947876
-0.5239635705947876
-0.6350745705947876
0.8510364294052124
-0.7739635705947876
-0.8654265705947876
-0.8654265705947876
-1.2439635705947876
-0.4039635705947875
0.1903264294052125
0.04746642940521251
0.04746642940521251
0.1903264294052125
-0.5239635705947876
-0.7461855705947876
-0.1906335705947877
-0.5239635705947876
-0.1906335705947877
-1.4239635705947875
-0.32396357059478764
-0.6239635705947876
-0.0953935705947877
-0.0953935705947877
-0.0953935705947877
-0.13934357059478764
-1.3572965705947877
-1.3572965705947877
-1.3572965705947877
0.8093664294052125
0.1427064294052125
0.1427064294052125
0.8093664294052125
-1.7959542274475098
-1.9626212274475097
-0.7382495705947876
-0.7382495705947876
-1.3239635705947876
1.0760364294052125
-0.8701175705947876
1.0760364294052125
-0.4572935705947876
11.22650682926178
11.22650682926178
-1.0906305705947876
1.2033064294052123
1.2942164294052123
1.2033064294052123
-0.8803900480270386
1.1196099519729614
0.4343664294052123
0.4343664294052123
0.4343664294052123
6.3093664294052125
4.351036429405212
0.4343664294052123
0.1427064294052125
-1.6107661724090576
-1.6107661724090576
-1.6107661724090576
-1.6107661724090576
0.1427064294052125
-0.9239635705947876
0.1427064294052125
-1.3156305705947875
-1.3239635705947876
-0.7461855705947876
1.4760364294052124
1.4760364294052124
0.07603642940521249
0.07603642940521249
0.07603642940521249
0.07603642940521249
-0.8474925705947876
-0.8474925705947876
2.4760364294052124
2.4760364294052124
-1.3572965705947877
-1.4239635705947875
-1.4239635705947875
-1.4239635705947875
-1.0239635705947876
-1.0239635705947876
-1.0239635705947876
-0.32396357059478764
-0.5239635705947876
-0.5239635705947876
-1.2382495705947876
-1.1121985705947877
1.1427064294052123
-1.0915315705947877
1.1427064294052123
-0.5811065705947877
-0.5811065705947877
0.30881762504577637
-0.19118237495422363
1.4760364294052124
-1.2739635705947876
-1.2739635705947876
-1.2739635705947876
-1.2739635705947876
-0.8239635705947876
1.1903264294052125
-0.8668205705947876
1.1903264294052125
-0.6906305705947876
-0.6906305705947876
0.7260364294052124
-1.0239635705947876
0.4760364294052124
-0.8572965705947876
-0.8572965705947876
-0.2739635705947876
-0.48948357059478753
-0.48948357059478753
-1.0239635705947876
-1.0239635705947876
-1.0239635705947876
-1.0239635705947876
0.9760364294052124
-0.5239635705947876
-0.5239635705947876
-0.5239635705947876
-0.3065735705947876
1.1010364294052124
1.1010364294052124
-0.6109205705947875
0.1579979658126831
-1.508669272605896
1.4760364294052124
1.4760364294052124
1.4760364294052124
1.4760364294052124
-1.1906305705947875
-0.9239635705947876
0.4760364294052124
0.4760364294052124
-0.8572965705947876
-0.8572965705947876
-0.5239635705947876
-1.1906305705947875
-1.1906305705947875
-1.1906305705947875
-1.1239635705947877
-1.1239635705947877
2.9760364294052124
-1.0239635705947876
-0.023963570594787598
2.1427064294052123
-0.6350745705947876
-0.6350745705947876
-0.3572935705947875
-0.3572935705947875
-0.3572935705947875
12.476036429405212
-0.3572935705947875
-0.8572965705947876
-0.8572965705947876
-0.9587465705947876
-1.2630935705947877
-1.0239635705947876
-0.5239635705947876
7.777451718406677
7.777451718406677
-0.6754785705947876
-0.5239635705947876
0.4760364294052124
-0.5239635705947876
8.386284947395325
-0.9239635705947876
0.04746642940521251
0.04746642940521251
0.04746642940521251
0.04746642940521251
0.04746642940521251
0.04746642940521251
-0.7239635705947876
-0.9239635705947876
-0.7739635705947876
-0.7739635705947876
-0.7739635705947876
-1.2630935705947877
1.4760364294052124
-1.0891805705947877
1.4760364294052124
-0.12396357059478769
0.07603642940521249
-0.5239635705947876
-0.8572965705947876
-1.1239635705947877
-0.8572965705947876
-0.5795195705947876
-0.5795195705947876
-0.2512335705947877
12.476036429405212
5.476036429405212
-0.2512335705947877
-0.2512335705947877
-0.2512335705947877
-1.1906305705947875
-1.1906305705947875
4.476036429405212
4.476036429405212
-0.07396357059478764
-1.0239635705947876
-0.5239635705947876
-1.2739635705947876
0.6427064294052123
-1.0864635705947876
0.6427064294052123
-1.1177135705947876
-0.8572965705947876
-0.9433185705947876
-0.9433185705947876
-0.8572965705947876
-1.0239635705947876
-1.0239635705947876
0.1010364294052124
0.1010364294052124
0.1010364294052124
2.8093664294052125
2.1903264294052125
0.1010364294052124
-0.023963570594787598
-0.023963570594787598
-0.5239635705947876
0.9760364294052124
0.8093664294052125
-1.1239635705947877
-1.1239635705947877
1.4760364294052124
1.4760364294052124
12.476036429405212
12.476036429405212
-0.023963570594787598
-0.5239635705947876
-0.2739635705947876
-0.2739635705947876
7.476036429405212
11.976036429405212
-0.2382535705947877
-0.2382535705947877
-0.2382535705947877
-0.2382535705947877
2.4760364294052124
-0.5239635705947876
-0.8572965705947876
1.3331764294052122
-0.8142865705947876
1.3331764294052122
-0.8788025705947876
-0.8096775705947876
-1.0953925705947876
-0.2382535705947877
-0.5239635705947876
-1.1239635705947877
0.4760364294052124
-0.8850745705947876
-0.8850745705947876
-1.1906305705947875
0.8760364294052123
0.8760364294052123
0.8760364294052123
6.476036429405212
0.8760364294052123
2.4760364294052124
-0.6778095705947876
3.076036429405212
-0.5239635705947876
3.076036429405212
-0.9110605705947876
0.6563335885620116
-1.0239635705947876
0.6563335885620116
-1.0078345705947878
1.2260364294052124
-0.7739635705947876
1.9760364294052124
-1.0239635705947876
-1.3515495705947875
-1.3515495705947875
-1.3515495705947875
-1.762924448196411
1.5704125518035887
-0.5239635705947876
-1.0395885705947876
-1.0395885705947876
-0.5239635705947876
-0.5239635705947876
0.4760364294052124
0.9760364294052124
0.9760364294052124
0.9760364294052124
1.8093664294052125
1.8093664294052125
0.9760364294052124
0.27603642940521245
0.8760364294052123
-0.9239635705947876
-0.8875995705947876
5.8093664294052125
-0.3017435705947875
5.8093664294052125
-0.5239635705947876
-0.5795195705947876
4.142706429405212
4.142706429405212
-0.41285357059478756
-1.0239635705947876
-0.2739635705947876
-0.5239635705947876
-0.8572965705947876
2.618896429405212
2.618896429405212
2.7617464294052123
2.7617464294052123
27.476036429405212
-0.7739635705947876
-1.2739635705947876
-0.5239635705947876
-0.5239635705947876
-0.6732175705947876
-0.6732175705947876
5.976036429405212
-0.4525335705947875
5.976036429405212
-0.8572965705947876
0.4760364294052124
-0.32396357059478764
-0.4822935705947875
3.076036429405212
3.076036429405212
-0.5239635705947876
-0.5656305705947876
-0.5239635705947876
-0.3989635705947876
-1.3989635705947876
-0.7438008785247803
-0.3989635705947876
-0.2739635705947876
7.476036429405212
0.7260364294052124
-0.2739635705947876
-0.3989635705947876
-0.8572965705947876
-0.1072935705947875
-0.1072935705947875
-1.3239635705947876
-1.3239635705947876
-1.3239635705947876
-0.6906305705947876
-0.5239635705947876
-0.4187035705947877
2.6760364294052126
-0.4187035705947877
2.6760364294052126
-1.0239635705947876
-1.1489635705947876
-0.3989635705947876
4.476036429405212
4.476036429405212
0.2260364294052124
0.2260364294052124
-0.3989635705947876
-1.1239635705947877
-0.5239635705947876
-1.1239635705947877
-0.8239635705947876
-1.0953925705947876
-0.9525345705947876
-1.3811065705947876
0.3093664294052123
-0.8397525705947876
0.3093664294052123
-0.9450165705947876
-0.9239635705947876
2.412297931976318
2.412297931976318
-0.6555425705947876
-1.5073270797729492
-2.257327079772949
1.0315964294052122
6.142706429405212
1.6010364294052124
4.226036429405212
1.0315964294052122
1.2538164294052123
-0.8453925705947876
-0.8453925705947876
-1.1906305705947875
-0.5239635705947876
-1.2739635705947876
-1.2739635705947876
-1.2739635705947876
-1.1906305705947875
0.1427064294052125
-0.7739635705947876
-0.5239635705947876
-0.5239635705947876
-0.5239635705947876
-0.5239635705947876
13.476036429405212
13.476036429405212
-0.5239635705947876
-1.1906305705947875
-1.1906305705947875
-1.1906305705947875
-0.5239635705947876
-0.5239635705947876
6.226036429405212
6.226036429405212
8.476036429405212
3.4760364294052124
3.4760364294052124
3.4760364294052124
-1.0239635705947876
-1.0239635705947876
-1.0239635705947876
-1.0239635705947876
-0.9063165705947877
-0.9063165705947877
-0.8989635705947876
-0.7739635705947876
-1.1489635705947876
-0.5239635705947876
-0.8572965705947876
1.0760364294052125
1.0760364294052125
-0.8421455705947876
-0.9330545705947876
-0.12396357059478769
-0.12396357059478769
-0.12396357059478769
0.2260364294052124
5.476036429405212
5.476036429405212
-1.0400925705947877
-1.0400925705947877
-0.5239635705947876
-1.3239635705947876
-0.5239635705947876
-1.0239635705947876
2.6760364294052126
-0.7739635705947876
2.6760364294052126
-0.7239635705947876
-0.5239635705947876
0.7617464294052123
0.7617464294052123
-0.6818585705947876
0.8093664294052125
0.1427064294052125
0.8093664294052125
3.4760364294052124
3.4760364294052124
0.1427064294052125
-1.0239635705947876
-1.0239635705947876
-1.0239635705947876
-0.9525345705947876
-0.9525345705947876
0.4760364294052124
-0.13934357059478764
-0.13934357059478764
-0.13934357059478764
-1.0239635705947876
-1.1906305705947875
-0.8572965705947876
-1.1906305705947875
-0.41285357059478756
1.8093664294052125
1.8093664294052125
-0.41285357059478756
0.1427064294052125
0.1427064294052125
0.4760364294052124
-0.5239635705947876
-0.5239635705947876
-0.1122035705947877
-0.1122035705947877
-0.6948111057281494
6.476036429405212
-0.023963570594787598
6.476036429405212
-1.0239635705947876
-1.0239635705947876
-0.5239635705947876
-1.0239635705947876
-1.0239635705947876
3.9760364294052124
-0.05729357059478768
3.9760364294052124
0.0385364294052124
-1.3572965705947877
0.07603642940521249
0.07603642940521249
0.07603642940521249
-0.38760357059478756
-0.38760357059478756
-0.38760357059478756
2.4760364294052124
2.4760364294052124
1.413255214691162
1.413255214691162
1.413255214691162
-0.5572965705947875
-0.7069375514984131
-0.7069375514984131
-0.5572965705947875
-0.5239635705947876
-0.5239635705947876
-0.5239635705947876
-0.5239635705947876
-1.4103283882141113
-0.5239635705947876
-0.5239635705947876
-0.5239635705947876
-0.8239635705947876
-1.3017415705947877
-0.02404022216796875
-0.02404022216796875
-0.11655357059478755
17.476036429405212
17.476036429405212
1.8760364294052123
1.8760364294052123
-1.1239635705947877
-0.3860335705947875
-0.3860335705947875
-0.3860335705947875
-1.1906305705947875
-1.1906305705947875
-0.8572965705947876
-0.48396357059478756
-0.48396357059478756
-0.6906305705947876
-0.2382535705947877
-0.2382535705947877
-0.2382535705947877
-0.4239635705947875
-0.3572935705947875
-0.43305357059478755
-0.43305357059478755
-1.3421455705947876
-0.7620585705947875
-0.7620585705947875
0.27603642940521245
0.27603642940521245
0.27603642940521245
-0.32396357059478764
-0.32396357059478764
-0.32396357059478764
-0.32396357059478764
-1.1755354404449463
1.2260364294052124
-0.7906305705947876
1.2260364294052124
-0.1906335705947877
6.476036429405212
6.476036429405212
-0.023963570594787598
-0.22984357059478766
-0.22984357059478766
-0.22984357059478766
-0.4287235705947876
-1.2382495705947876
0.4760364294052124
-0.4287235705947876
-0.1906335705947877
-1.2886695705947875
-0.1906335705947877
-1.1906305705947875
-1.1906305705947875
-1.1906305705947875
-0.7461855705947876
-0.682296633720398
-0.7461855705947876
-0.6822965145111084
-0.023963570594787598
-1.2840952125854492
-1.2840952125854492
-1.4269522125854492
10.476036429405212
10.476036429405212
-0.6668205705947876
-0.32396357059478764
-1.3474925705947876
-1.0239635705947876
-1.0239635705947876
-1.0239635705947876
-1.3645336627960205
-1.1906305705947875
11.476036429405212
-0.07952357059478765
11.476036429405212
0.4760364294052124
0.4760364294052124
0.4760364294052124
-0.36267357059478766
-0.7739635705947876
-0.36267357059478766
-0.6089171171188354
0.4760364294052124
0.4760364294052124
-1.5517003536224365
0.4760364294052124
-0.8572965705947876
-0.8572965705947876
-0.8572965705947876
-0.5525345705947876
22.449254035949707
-0.7663875705947876
22.449254035949707
-0.6906305705947876
-0.33877357059478763
-0.6350745705947876
-0.4961835705947877
35.47603642940521
35.47603642940521
-0.5239635705947876
-0.5239635705947876
-0.5239635705947876
-0.5239635705947876
-0.5239635705947876
-0.5239635705947876
-0.5239635705947876
-0.8572965705947876
-0.6148725705947876
-0.6148725705947876
1.4760364294052124
-0.5239635705947876
1.4760364294052124
-0.6148725705947876
-0.5239635705947876
-0.3572935705947875
-0.3572935705947875
-0.401294469833374
-0.3572935705947875
3.4760364294052124
4.476036429405212
4.476036429405212
2.4760364294052124
4.476036429405212
6.476036429405212
6.476036429405212
6.476036429405212
-0.3949335705947876
-0.3949335705947876
-1.0239635705947876
-1.0239635705947876
-0.5239635705947876
-0.5239635705947876
-0.5239635705947876
-0.5239635705947876
-0.5239635705947876
1.7921690940856934
-0.5239635705947876
1.7921690940856934
-1.0239635705947876
-0.5239635705947876
-1.0239635705947876
-1.0239635705947876
-0.6906305705947876
-0.8572965705947876
-1.4498894705947876
-0.8572965705947876
-0.4498935705947875
-0.5239635705947876
-0.8194185705947876
-0.7413545705947876
-0.5239635705947876
0.1635364294052124
0.27603642940521245
0.27603642940521245
-0.023963570594787598
0.27603642940521245
0.07603642940521249
2.4760364294052124
2.4760364294052124
-1.1046085705947877
-1.1046085705947877
0.4760364294052124
0.4760364294052124
0.4760364294052124
0.4760364294052124
-1.3239635705947876
-0.2886735705947876
0.27603642940521245
-0.2886735705947876
-0.2886735705947876
-0.5239635705947876
4.976036429405212
4.976036429405212
-0.2382535705947877
-0.5239635705947876
-0.5239635705947876
-0.5239635705947876
-0.5239635705947876
-0.9239635705947876
-0.5239635705947876
-0.4406335705947877
-1.1906305705947875
-1.2025345705947876
-1.2025345705947876
0.3565748929977417
-0.1906335705947877
-0.1906335705947877
-0.1906335705947877
-0.1906335705947877
-0.394442081451416
-0.394442081451416
-0.394442081451416
-0.394442081451416
0.1427064294052125
-0.8572965705947876
-0.1906335705947877
-0.2739635705947876
0.1427064294052125
3.4760364294052124
3.4760364294052124
-0.06941357059478759
-0.06941357059478759
0.1427064294052125
-0.06941357059478759
-0.005443570594787506
-0.9525345705947876
-1.0239635705947876
-1.0572965705947877
-1.0572965705947877
-0.8156305705947876
-1.2739635705947876
-0.5239635705947876
-0.5239635705947876
-0.5239635705947876
-0.5239635705947876
-1.2806973457336426
-0.5239635705947876
-1.2806968688964844
0.4760364294052124
-0.5239635705947876
-1.2806968688964844
-0.5239635705947876
-1.2806968688964844
-1.0239635705947876
-1.1239635705947877
-1.0694185705947876
1.4760364294052124
1.4760364294052124
-1.2239635705947876
-0.7091485705947876
-0.5239635705947876
-0.5239635705947876
-0.7091485705947876
0.4760364294052124
-0.8875995705947876
-0.5239635705947876
-0.5239635705947876
-0.8572965705947876
-0.6906305705947876
-0.6906305705947876
2.4760364294052124
2.4760364294052124
-0.1906335705947877
-0.6906305705947876
1.5647273063659668
1.5647273063659668
