-0.4726074514840528
-0.4726074514840528
-1.0931383490581845
-1.9882813176116376
-1.0196309326779525
-0.20196779880553728
-0.8088150979969148
-0.20196779880553728
0.3731136530820729
7.34463768452862
7.34463768452862
0.3163735436905515
8.738782071093985
8.738782071093985
-1.2347282280973924
-4.042925089074819
-0.7478435799887198
1.0706055934164693
1.9291426877561104
1.9291426877561104
-0.5968504461163047
-0.8723470130525122
0.7735511917992239
1.407419254692318
1.407419254692318
0.23878207109398497
-0.26121792890601503
0.23878207109398497
-2.5783014920702856
2.416992388564733
2.416992388564733
1.9506196958423376
-0.8070678791800971
-1.3147655703045875
1.8657671216870182
0.7771184442387153
0.7771184442387153
-1.8506610912509451
-0.5058730361572792
1.4925702095362428
-0.49115784693564457
-0.49115784693564457
-0.4646681461270219
0.4333455861281479
0.01870255765563278
2.1766598530750727
2.1766598530750727
-0.9743332807973424
0.0956152232457711
-0.7478435799887198
-0.5901647130632295
-0.5901647130632295
-0.3401647130632295
-1.1807600168244496
-0.43076001682444964
-1.1807600168244496
-0.07884979046375706
1.162140686958205
0.1919553248737338
1.162140686958205
-0.9785361791693798
-1.4726074514840528
0.07467646814138762
0.07467646814138762
-0.5134827286241216
-0.9344482641137821
0.8741332913050222
0.14520647728107305
-0.9458601950550347
-0.9458601950550347
-0.9458601950550347
-0.9458601950550347
-0.9458601950550347
-0.39711088454784527
1.5273925485159472
-0.39711088454784527
-0.8971108845478453
1.5273925485159472
-0.3002811377852417
1.0962033823990796
-1.4737567100891975
-1.4737567100891975
-1.3894305762167822
-0.2914168439616125
-2.303063922160046
-2.303063922160046
-1.378560489096253
-2.303063922160046
-1.378560489096253
-0.4726074514840528
-1.2973455716469395
1.6099164049927404
1.9011647275444377
1.9011647275444377
0.2538822493245698
-1.7461177506754302
-0.24611775067543018
0.2582683479785006
0.7043124189578216
0.2582683479785006
-1.6711977544473675
-1.4447080536387449
-1.0987378482779966
-0.5987378482779966
-0.9320708482779966
-0.8441977911917018
-1.1327110871884543
-0.8592007879970769
-1.1082076541246617
-1.1327110871884543
-0.8592007879970769
4.915335920573444
4.915335920573444
1.4368154542817018
-0.6619470183148647
-1.2106242968845882
-1.2106242968845882
-1.2106242968845882
-0.8082414100999147
-0.8082414100999147
-0.42723793287954304
-0.7195306256892418
-1.4695306256892418
-0.9695306256892418
-0.80834599940165
62.129150692398916
2.5155244103018224
62.129150692398916
-0.0891378232155613
0.2863587437206463
6.306889641294778
6.306889641294778
-0.16463439015176884
1.7202374412646833
1.7202374412646833
1.7202374412646833
0.06487407054953831
-1.5601259294504617
0.1898740705495383
13.345802439142519
1.8458024391425187
0.08606454931385255
-0.5232441641529344
-0.5232441641529344
-0.5232441641529344
0.035103730011117884
-0.28970646675439116
-0.9164797344992215
-0.9164797344992215
4.927652986947487
-1.4407290712518406
-0.11211363860086454
-0.11211363860086454
0.033379342103400766
-0.19598112240693866
0.033379342103400766
-1.2087842248328067
0.3512617901819787
-2.303062480754473
-2.303062480754473
-2.303062480754473
-0.9413830879863596
0.7331203450774328
-0.7426829855604913
0.7331203450774328
-1.5508568332231063
-0.5508601332231065
2.9031495538836953
0.5817341603526771
0.4729815119922056
0.4729815119922056
-0.5005287871991715
-0.6260253541353791
-1.553765744436812
1.021730822499395
1.021730822499395
0.32778365718043334
-0.27273574378953924
-1.6727357437895392
0.32937737485520513
0.32937737485520513
-0.2785919106266441
0.20226505792680893
0.9803705087276202
-1.7696294912723798
7.101163286138865
0.5152671942659043
0.5322345249038287
0.5322345249038287
-0.43642174284100155
-0.5968333915131228
0.021064690124026453
0.021064690124026453
1.4181454275530607
1.0551259321072806
2.0551259321072806
0.42875475873543156
1.861650815532833
-0.6383491844671672
-0.32028943155490897
-0.14489832998861563
-0.14489832998861563
-0.0161619809206881
3.5148506965276143
1.4276679058639854
1.4276679058639854
1.8417396094492784
1.8417396094492784
-0.5868273905507215
0.4786461208199029
1.213655835919537
1.213655835919537
1.6011632861388652
-1.221582003041957
-0.647810784950515
-1.2478107849505151
-1.6214345754265846
-0.1928635754265846
-0.38943057621678223
-0.2723807690277651
-0.7723807690277651
-0.2723807690277651
-1.2258826138269847
-1.2258826138269847
-1.2258826138269847
-1.5636830485080224
-1.609556966448255
-1.5549135616363845
-1.3882475616363843
1.4009366036825774
1.4009366036825774
-1.478269177500605
-0.8429529097557744
-1.478269177500605
0.4934197900740136
-1.5065802099259864
0.4934197900740136
0.27357257612176344
0.27357257612176344
-1.1271619548418892
-0.8179376556505118
-1.1271619548418892
-1.1271619548418892
0.5347756915280479
0.40122050725748293
0.40122050725748293
-0.0095569664482551
-1.609556966448255
1.1275869164025543
-0.37241308359744574
1.1275869164025543
-1.5077299489996552
0.40109961793655247
-0.40177114576516415
-1.5989003820634475
0.40109961793655247
0.29540413594474746
-0.6761198955017995
0.29540413594474746
-1.1205638955017996
-0.09567147379091412
0.3370095589837373
0.3370095589837373
2.0520903494663467
2.0520903494663467
-0.9705584764739583
-0.9705584764739583
-0.5062546618865604
5.040765936496195
-0.5062546618865604
-0.5062546618865604
-0.5062546618865604
-0.8091781745995369
0.39937426909178697
-1.400625730908213
-0.0006257309082129403
-1.6104686175309597
-0.32475261753095963
-1.2788944104824347
-0.7074634104824347
1.7255697754936161
1.7255697754936161
-0.9505362743777959
-0.4583697074415882
-0.5533100066329657
-0.4583697074415882
-1.4348594082502109
0.5274295791586321
0.5274295791586321
-1.918614043120838
-1.918614043120838
-1.918614043120838
-0.188458825137795
-0.188458825137795
-0.188458825137795
2.648348340181167
-0.188458825137795
-0.7837051819979177
0.21629481800208228
-0.7837051819979177
-0.8879408754081597
-0.34038182305877296
-1.340381823058773
10.689147579253552
10.689147579253552
0.4682088667958957
-0.4536917001403119
-0.28776886612298
-1.43062786612298
-0.5734888661229802
1.660914977787015
1.660914977787015
0.8839450914410836
18.057752555951424
-0.9422474440485771
2.3597388236962535
0.8839450914410836
-0.9422474440485771
0.8839450914410836
0.8839450914410836
0.33604921531937637
-0.3822481548513219
-0.3822481548513219
-0.14795879363938003
0.3566982775954939
-1.2683017224045061
0.32267463351606296
0.32267463351606296
-0.32514423569421136
0.5148557643057887
0.22879676189205256
0.08593676189205257
0.08593676189205257
0.22879676189205256
-0.9862192489354098
0.07500038898011874
-0.24653382666107593
-0.9862192489354098
-0.24653382666107593
-1.1703279502694772
-0.07032795026947736
-0.3703279502694773
-2.2680248525049835
-2.2680248525049835
-2.2680248525049835
-0.0008380407271217916
-1.113094117329744
-1.113094117329744
-1.113094117329744
0.5024402444283045
-0.16421975557169555
-0.16421975557169555
0.5024402444283045
-1.625884606558003
-1.792551606558003
1.2075180540142407
1.2075180540142407
-1.677871112019002
0.7798740631675904
0.36140279364135697
0.7798740631675904
0.7974857514296005
10.887886361399136
10.887886361399136
0.16414875142960056
1.17005740162185
1.26096740162185
1.17005740162185
-0.8900550763661299
1.10994492363387
1.731742171705584
1.731742171705584
1.731742171705584
6.247803966853848
4.440467100726263
1.731742171705584
0.2057153923366708
-1.215920277025405
-1.215920277025405
-1.215920277025405
-1.215920277025405
-0.29445050472844936
0.011078091935155188
-0.29445050472844936
-0.45608547500105234
-1.667872546042627
0.5708299265539397
1.114376062207758
1.114376062207758
-0.34224552217448023
-0.34224552217448023
-0.34224552217448023
-0.34224552217448023
0.19201539982470672
0.19201539982470672
1.9690446543518951
1.9690446543518951
-1.616271968297959
-1.4386978757397206
-1.4386978757397206
-1.4386978757397206
-1.83671305443665
-1.83671305443665
-1.83671305443665
-0.4408203291290407
-0.2193695333093637
-0.2193695333093637
-0.9336555333093637
0.20603670978129301
0.8667444122468124
0.45319341058991564
0.8667444122468124
0.41443007540639787
0.41443007540639787
-0.26310533106770695
-0.763105331067707
0.6613981019960855
-1.7658546869489955
-1.7658546869489955
-1.7658546869489955
-1.7658546869489955
-0.654496755719759
1.1621761310649148
1.1900604176854304
1.1621761310649148
-0.457758295922187
-0.457758295922187
0.5323548545983536
-1.2176451454016464
0.28235485459835363
-0.5791266440415769
-0.5791266440415769
-0.5129408754081597
0.06154365611380341
0.06154365611380341
-0.896786777913992
-0.896786777913992
-1.3686382792740615
-1.3686382792740615
0.6313617207259385
-1.7443919213621402
-1.7443919213621402
-1.7443919213621402
-0.02437128028940716
0.5106435040071453
0.5106435040071453
-0.3287182802894071
-0.48030929823464774
-2.1469762982346476
1.0577544778255197
1.0577544778255197
1.0577544778255197
1.0577544778255197
-2.154934263008456
0.1501400442691484
-0.08191184073412217
-0.08191184073412217
-0.8056163448501995
-0.8056163448501995
-1.1326708843159574
-1.310855699199482
-1.310855699199482
-1.310855699199482
-1.6007549891869348
-1.6007549891869348
2.2727553100044426
-1.7272446899955574
-0.7272446899955574
1.5262462899108025
-0.008552218355561636
-0.008552218355561636
-0.24898695578271912
-0.24898695578271912
-0.24898695578271912
11.753880807918996
-0.24898695578271912
-0.9979257458736998
-0.9979257458736998
-0.36002227229305195
-0.6643692722930519
-1.9416432836655444
-1.5348912423513674
6.845062736991544
6.845062736991544
0.5962421574844748
-0.8648634749506774
0.1351365250493226
-0.8648634749506774
7.496632558760959
-0.8307571340133043
0.6877626324127221
0.6877626324127221
-0.21604758397868085
-0.21604758397868085
-0.21604758397868085
-0.21604758397868085
-0.5665878628583945
-0.7665878628583945
-1.0582385272887698
-1.0582385272887698
-1.0582385272887698
-0.7611883377072632
0.8256025705318208
-0.5872753377072633
0.8256025705318208
-0.23837377414205463
-0.03837377414205445
-0.4722833448501995
-0.8056163448501995
-1.4837336528194047
-1.8485854484400601
-0.06797699258347623
-0.06797699258347623
-0.25994637027615286
11.712357960361771
4.787854527297979
-0.25994637027615286
-0.25994637027615286
-0.25994637027615286
-1.68252216741752
-1.68252216741752
3.661399543401658
3.661399543401658
0.31934461438097883
-1.9895935904707573
-0.8044656448394822
-1.5544656448394822
0.1825432922268504
0.04094039385539694
0.1825432922268504
0.00969039385539694
-1.4133598409150507
-0.1072926565336435
-0.1072926565336435
-1.4133598409150507
-1.7272446899955574
-1.7272446899955574
0.5132167141238031
0.5132167141238031
0.5132167141238031
2.4665810447617273
1.9230376116979349
0.5132167141238031
-0.7272446899955574
-0.7272446899955574
-0.3420477910082038
-0.21796925203549922
-0.338015272692588
-0.8591572168087239
-0.8591572168087239
0.9037503509870586
0.9037503509870586
11.542492726746532
11.542492726746532
0.8721617249651291
-1.4397558815038525
-0.3833753428431237
-0.3833753428431237
6.906761343953105
11.331264777016898
0.5514095488048407
0.5514095488048407
0.5514095488048407
0.5514095488048407
2.014342306232505
-0.985657693767495
-0.5243876571357887
1.047777881906876
0.3657614372563037
1.047777881906876
0.3012454372563037
-0.6824993365084195
-0.9682143365084195
-0.11107533650841961
-0.9748929140911606
-1.5748929140911607
-0.2768791818359908
0.15519865258761734
0.15519865258761734
-1.45603390801447
0.8408995189916337
0.8408995189916337
0.8408995189916337
5.912423550438181
0.8408995189916337
2.1389132512468034
-0.497781193169896
2.7936474334673496
0.5525856383190859
2.7936474334673496
-0.25040697571898696
-0.014173943475118467
-2.033003840189675
-0.014173943475118467
-0.347180975718987
1.1739100167252599
-0.8260899832747401
1.9239100167252599
-1.0024822599057972
-0.5052605425962029
-0.5052605425962029
-0.5052605425962029
-1.8089781122508897
1.52435888774911
-1.5481035379517358
1.017945098618162
1.017945098618162
-1.5481035379517358
-1.2121459531705452
-0.2121459531705452
0.4728209000808521
0.4728209000808521
0.4728209000808521
1.2306543331446442
1.2306543331446442
0.4728209000808521
-0.11015968542571475
0.4898403145742851
-1.310159685425715
-0.858564327042311
5.149496040191885
0.1708345442349981
5.149496040191885
-1.259330526744323
-0.15673154898893127
3.606281472527732
3.606281472527732
0.009934451011068823
-1.2138703410782623
-0.4638703410782623
-1.1547586355568722
-1.4880916355568723
2.3648194268297793
2.3648194268297793
2.5076694268297794
2.5076694268297794
26.768980025212535
-0.9638703410782623
-1.4638703410782623
-0.7138703410782623
-0.9479077286595565
1.9743101248074946
1.9743101248074946
4.621602525157722
-0.023922455966592704
4.621602525157722
-2.0896099285631595
0.19686068262281897
-0.6031393173771811
0.17494067518792722
2.616434366926241
2.616434366926241
-1.1989341380387004
0.09160367518792711
-0.9101596854257148
-1.0146570159207142
-2.0146570159207142
-1.639260396880871
-0.5869810170424734
-0.4619810170424734
6.759543014404073
0.23603271521269642
-0.4619810170424734
-0.5869810170424734
-1.5228277248876192
-0.3643320285191942
-0.3643320285191942
-1.021250689380241
-1.021250689380241
-1.021250689380241
-0.8037144466797533
-0.6370474466797533
-0.061771407521682864
2.2358699437110774
-0.061771407521682864
2.2358699437110774
-0.957181725214042
-1.082181725214042
0.015104116285495017
3.908648746114797
3.908648746114797
0.640104116285495
0.640104116285495
0.015104116285495017
0.2172218671451659
-1.2919783991295275
0.2172218671451659
-0.8704248939785186
-1.1475175418691674
-1.0046595418691675
-1.4332315418691675
-0.07285166397585918
-0.41375081936493785
-0.07285166397585918
-0.5190148193649379
-1.6698892064830404
2.3385465149826703
2.3385465149826703
1.089918502411809
-1.8946198024716447
-2.6446198024716447
0.8669925811922179
5.5251231795749725
1.3609360142560105
3.68394974651118
0.8669925811922179
1.089212581192218
0.9841204118151936
0.9841204118151936
-1.6372245155369098
-0.9705575155369099
-1.3732750373170421
-1.3732750373170421
-1.3732750373170421
-1.4754694847993055
-0.14213248479930551
-1.273404295595764
-1.0668159867202545
-1.0668159867202545
-1.0668159867202545
-0.26992007461096157
12.84636351384191
12.84636351384191
-0.26992007461096157
-1.048353599683407
-1.048353599683407
-1.048353599683407
-2.0142918718896805
0.25060513619654623
4.962197828918942
4.962197828918942
7.759543014404073
2.8350395813402813
2.8350395813402813
2.8350395813402813
-1.7013826148997833
-1.7013826148997833
-1.7013826148997833
-1.7013826148997833
0.03846247323013474
0.03846247323013474
-0.9227770289752619
-0.7977770289752619
-1.172777028975262
-1.0064181566090595
-1.4322338625319717
0.3206737827084991
0.3206737827084991
-0.5739198677156381
-0.6648288677156381
-0.5365833156894042
-0.5365833156894042
-0.5365833156894042
-0.26207988262561166
4.761430416565766
4.761430416565766
-0.3697525734466522
-0.3697525734466522
-0.8648620335451049
-1.664862033545105
-0.8648620335451049
-2.3801233041555676
-1.1046267372193606
-0.3539196976865865
-1.1046267372193606
-1.0194547399312084
-2.2051574192231675
-1.8854197597287221
-1.8854197597287221
-1.094951306867416
-1.4209094495618193
-2.087576449561819
-1.4209094495618193
-2.2385695834342343
-2.2385695834342343
-2.087576449561819
-1.4101611268312872
-1.4101611268312872
-1.4101611268312872
-0.8336518920201577
-0.8336518920201577
-1.2574436050511553
-1.473660006053084
-1.473660006053084
-1.473660006053084
-1.7013826148997833
-1.7925530479635756
-1.4592190479635758
-1.7925530479635756
-1.3647845205863771
-1.2578285718304376
-1.2578285718304376
-1.3647845205863771
-0.4265686560468953
-0.4265686560468953
-0.09135173435372757
-1.0913517343537276
-1.0913517343537276
-0.771851718834485
-0.771851718834485
-1.7421663579634137
-1.0769922192111656
-1.178866849040467
-1.0769922192111656
-2.014691373740669
-1.6725100273064872
-1.2480065942426948
-1.6725100273064872
-1.6725100273064872
-2.046614676703984
-1.3605153783721817
-2.046614676703984
-1.2850188114359742
-2.0005517720604633
-0.08367142602266453
-0.08367142602266453
-0.08367142602266453
-1.0246461073884359
-1.0246461073884359
-1.0246461073884359
1.9124235504381808
1.9124235504381808
-0.5033674412390408
-0.5033674412390408
-0.5033674412390408
-0.3260309441427953
-1.2447933450872255
-1.2447933450872255
-0.3260309441427953
-1.2933042461233049
-1.2933042461233049
-1.2933042461233049
-1.2933042461233049
-2.2574436050511553
-0.849764738125665
-0.849764738125665
-0.849764738125665
-1.6802530378666272
-1.7557496048028347
-2.2442317899193105
-2.2442317899193105
-0.750818772145234
-1.712307045550423
-1.712307045550423
1.0558670756638278
1.0558670756638278
-1.9441329243361722
-0.6431917425962029
-0.6431917425962029
-0.6431917425962029
-2.09020103434301
-2.09020103434301
-1.7568670343430104
-0.40734068841457804
-0.40734068841457804
-1.8346631184895072
-1.4889105873568038
-1.4889105873568038
-1.4889105873568038
-1.824615975833108
-1.648034717147285
-0.582062522718927
-0.582062522718927
-1.491153522718927
-1.063762237174241
-1.063762237174241
-1.8326380892777527
-1.8326380892777527
-1.8326380892777527
-1.7101596854257148
-0.2571831666196147
-0.2571831666196147
-0.2571831666196147
-1.4325076323458141
-2.1536350447525177
-1.3520453960475307
-2.1536350447525177
-1.9533667180181613
-2.2731043775126065
-2.2731043775126065
-1.9533667180181613
-1.5836333458306937
-1.5836333458306937
-1.5836333458306937
0.09208255904985252
-0.7174414409501475
-1.2461191920810029
0.09208255904985252
-1.7617930582085872
-1.0082232086949778
-1.7617930582085872
-1.2748433004920297
-1.2748433004920297
-1.2748433004920297
-0.6427643053866937
-1.254230355895686
-0.6427643053866937
-1.254230355895686
-1.2076063765527745
-1.7552130196926516
-1.7552130196926516
-1.7552130196926516
-1.2442317899193105
-1.2442317899193105
-1.4512011080882778
-1.3804664411520702
-1.2567072985420686
-1.2289705193088474
-1.2289705193088474
-1.2289705193088474
-2.031116438027983
-2.1222868710917755
0.3933869950358093
-1.6693074694745298
0.3933869950358093
-1.5122061872362667
-1.5122061872362667
-1.5122061872362667
-0.9822597879280837
-2.2135278177799873
-0.9822597879280837
-2.08671305443665
-2.5654941113471543
-2.5654941113471543
-3.246442337777807
-2.5654941113471543
-1.2132952117756899
-1.2132952117756899
-1.2132952117756899
-0.8340130820377055
-0.8802863184095431
-0.9812418283168245
-0.8802863184095431
-2.6760390092882824
0.6056805482603942
-0.8643686565913421
1.1462606506862623
24.753880807918996
24.753880807918996
-1.2768791818359908
-1.2768791818359908
-1.2768791818359908
-1.2768791818359908
-1.9875450959291872
-1.9875450959291872
-1.9875450959291872
-1.106864508101434
-0.7741884602050698
-0.7741884602050698
-1.5156940750376418
-1.2425803948861076
-1.5156940750376418
-0.7741884602050698
-0.5911906419738493
-0.7365153232703736
-0.7365153232703736
-0.663501591015204
-0.7365153232703736
-0.7709219413832504
-2.187609244600024
-2.187609244600024
-2.2631058115362315
-2.187609244600024
-2.2631058115362315
-2.2631058115362315
-2.2631058115362315
-0.7151545626381918
-0.7151545626381918
-1.853034004896799
-2.180417493526175
-1.320289431554909
-1.320289431554909
-1.320289431554909
-1.320289431554909
-1.4018354892714602
-2.105686179352878
-1.5994526024867866
-2.105686179352878
-1.4326474189861416
-1.5836405528585569
-1.4326474189861416
-1.4326474189861416
-1.7906772589994926
-2.1838339598081156
-0.37191635333913386
-2.1838339598081156
-0.14969435333913386
-1.9290356289167323
-0.7005181318992227
-0.5297620980268077
-2.9057072473762595
-0.7214683399184991
-1.3214840983958673
-1.3214840983958673
-1.496980665332075
-1.3214840983958673
-1.5214840983958675
-1.14797379920449
-1.14797379920449
-0.41517732316428557
-0.41517732316428557
-1.5232441641529344
-1.5232441641529344
-1.5232441641529344
-1.5232441641529344
-2.1049209265899673
-0.29832508642764366
-0.18562105498109682
-0.29832508642764366
-0.29832508642764366
-1.523956035550579
-2.1811827462890854
-2.1811827462890854
-1.4484594686143717
-1.8148211074517284
-1.2749917796742989
-1.2749917796742989
-1.2749917796742989
-1.8781384778163102
-0.8632915407094045
0.7373889868728637
-2.2836635377198484
-0.8680640541470641
-0.8680640541470641
-1.4650573623687602
-1.7228937954325527
-1.7228937954325527
-1.7228937954325527
-1.7228937954325527
-0.610387809287575
-0.610387809287575
-0.610387809287575
-0.610387809287575
-1.8937084728690858
-1.1113754950443173
-2.451642330110444
-2.3761457631742364
-2.451642330110444
-2.5448902887962666
-2.5448902887962666
-0.0238634667914861
-0.0238634667914861
-0.032919734536316136
-0.0238634667914861
0.11593789637978408
-1.6119745554974407
-1.4773433128263402
-0.3385388912248215
-0.3385388912248215
-0.5303157238840672
-2.110786350201515
-0.9554587787118973
-0.9554587787118973
-0.9554587787118973
-0.9554587787118973
-2.2027089423620847
-1.6560849630191732
-2.2027089423620847
-1.2027089423620847
-1.6560849630191732
-2.2027089423620847
-1.6560849630191732
-2.2027089423620847
-0.908112151821193
-1.8476726774319288
-1.2994930385945718
-1.0919137699901666
-1.0919137699901666
-1.4568076055307793
-0.5888369254053711
-1.282541388321067
-1.282541388321067
-0.5888369254053711
-1.282541388321067
-0.6830263161221687
-2.320289431554909
-2.2631058115362315
-1.7787796776638163
-1.7189559768551934
-1.7189559768551934
-1.2631058115362315
-1.2631058115362315
-1.7787796776638163
-1.7189559768551934
-1.5650901574069644
-1.5650901574069644
