1.3313399861113893
1.3313399861113893
1.6523783444362825
2.7804599546280317
1.521472808028971
0.6372557765456139
1.1442722293205785
0.6372557765456139
0.3912099912040561
7.129795381012307
7.129795381012307
0.33007802937194175
8.020393683055016
8.020393683055016
1.8532857697199494
4.191288231341221
1.1141655429956936
1.5362073505462686
1.6959285199710203
1.6959285199710203
0.8966185115123368
1.205392027254015
1.0394912560961975
1.2074820357126987
1.2074820357126987
0.47960631694498534
0.9796063169449853
0.47960631694498534
3.0465133416026777
2.283609067196055
2.283609067196055
2.7157139922213753
1.0735589957706584
0.5368442251873831
2.3067550166904276
0.11297161297671243
0.11297161297671243
3.00696673891014
0.6513169431367607
1.011944697379891
0.6028321142048745
0.6028321142048745
0.476511566979839
0.28839437005344704
0.49761202042835095
1.7770609412626275
1.7770609412626275
1.4404860902207295
0.1286166459044482
1.1141655429956936
0.6352850827215175
0.6352850827215175
0.3852850827215175
1.2972585183380012
0.5472585183380012
1.2972585183380012
0.5594753026201089
0.541171028213487
0.13669379582202146
0.541171028213487
1.532951940303156
2.3313399861113893
0.6152592053364332
0.6152592053364332
0.8040950164362913
1.4912761423697194
0.7065915190688232
0.20231123965339504
1.0218453963966327
1.0218453963966327
1.0218453963966327
1.0218453963966327
1.0218453963966327
1.2225664703697108
0.6686600138886107
1.2225664703697108
1.7225664703697108
0.6686600138886107
0.35746209305433396
0.01610010083946989
2.123179083395065
2.123179083395065
1.9722990519117078
1.0073931148784219
3.8423008265345464
3.8423008265345464
2.9510743422762253
3.8423008265345464
2.9510743422762253
1.3313399861113893
1.709005069070189
2.4295040133719157
1.3896743837047758
1.3896743837047758
0.5050194388863538
2.505019438886354
1.0050194388863538
0.015405711704766789
0.9938809635716228
0.015405711704766789
2.2135529299703394
1.887232382745304
1.3999929580876802
0.8999929580876802
1.23332595808768
1.1881615871011686
1.4607329964438616
1.2870535436688972
1.4695065121855397
1.4607329964438616
1.2870535436688972
4.480609914538509
4.480609914538509
2.0608572625581947
0.7699980837587322
1.4919769273653842
1.4919769273653842
1.4919769273653842
1.169739138862567
1.169739138862567
1.2227101890801493
1.1683662334537739
1.9183662334537739
1.4183662334537739
1.5074709688255497
60.95665178649115
3.014369597874876
60.95665178649115
0.06750542456113351
0.34126809118054513
6.062306449505439
6.062306449505439
0.176278940302812
1.4344493876968352
1.4344493876968352
1.4344493876968352
0.4553396690702578
2.080339669070258
0.3303396690702578
12.714795500751887
1.2147955007518876
0.384912494353856
0.6339933587136546
0.6339933587136546
0.6339933587136546
0.42361385734401225
0.3491006684438702
1.108981731410584
1.108981731410584
4.594607972745985
1.9495469961285514
0.6868206902207978
0.6868206902207978
0.11137300326952593
0.07451787733609794
0.11137300326952593
1.3868135190112043
0.41754016164612673
3.9209138683507208
3.9209138683507208
3.9209138683507208
1.657160488201395
0.015934003943073094
1.1589678465262883
0.015934003943073094
2.0189011560870735
1.0189044560870737
2.6033814884876634
1.0806128662879473
0.3330534008636006
0.3330534008636006
0.5406260519113637
0.6993995676530422
2.4764411888511555
0.13233232689052254
0.13233232689052254
0.3952300944010845
0.8036515339229675
2.2036515339229674
0.3176328813285014
0.3176328813285014
0.3121443855789088
0.40165122461284064
0.39991415015485554
2.3500858498451445
6.668287425520949
0.8339800150474098
0.5181778576306248
0.5181778576306248
0.5835862053360892
1.0248414472402583
0.1369272006739698
0.1369272006739698
2.248306577129389
0.29714931660486643
1.2971493166048664
0.7279717718378761
1.2726877923742657
1.2273122076257346
1.0559514506062744
0.2136192671869318
0.2136192671869318
0.2631793435917048
5.1252699732588445
1.6268641320945219
1.6268641320945219
1.6362173138184213
1.6362173138184213
0.7923496861815786
0.21215500422934164
1.1881518138407567
1.1881518138407567
1.1682874255209494
1.9349472861348316
0.961524221774551
1.561524221774551
2.3986199060284337
0.9700489060284334
0.9722990519117078
0.6056246539310424
1.1056246539310424
0.6056246539310424
1.4962293213068991
1.4962293213068991
1.4962293213068991
2.000414500015291
2.517309465833347
2.346893327951005
2.180227327951005
0.4425720933406021
0.4425720933406021
2.3676676731094775
1.5992436101427636
2.3676676731094775
0.4182843717396283
2.4182843717396283
0.4182843717396283
0.26912849514437065
0.26912849514437065
1.6397237411990973
1.4303302884241327
1.6397237411990973
1.6397237411990973
0.08501501105500608
0.32504067925218794
0.32504067925218794
0.9173094658333474
2.517309465833347
0.7155296775757569
0.7844703224242431
0.7155296775757569
2.1839191217512464
0.24181260600956778
0.6786369328511043
2.2418126060095678
0.24181260600956778
0.3783729196846828
1.1169583094929334
0.3783729196846828
1.5614023094929332
0.37904741023660127
0.24122892151390618
0.24122892151390618
1.6067561618340784
1.6067561618340784
1.4337371970700428
1.4337371970700428
0.760849423167911
4.586509482382018
0.760849423167911
0.760849423167911
0.760849423167911
1.1923849574616372
0.12283694260903433
1.6771630573909657
0.2771630573909656
2.166154691884056
0.8804386918840559
1.8015113369781128
1.2300803369781128
1.0229769042996688
1.0229769042996688
1.7129740231211639
1.1875305073794857
1.18263996015445
1.1875305073794857
2.2638510546045207
0.558577250777023
0.558577250777023
3.39853340125088
3.39853340125088
3.39853340125088
0.41777383138707314
0.41777383138707314
0.41777383138707314
2.2526485899045343
0.41777383138707314
1.125871333383103
0.12587133338310297
1.125871333383103
1.3709785046866725
1.0660915011342458
2.066091501134246
9.960920782270442
9.960920782270442
0.22694720696756687
0.7282303087741117
0.8204409327571283
1.9632999327571283
1.1061609327571285
2.0294305490561078
2.0294305490561078
0.7092876274935367
17.61687950156011
1.3831204984398915
2.051973564526823
0.7092876274935367
1.3831204984398915
0.7092876274935367
0.7092876274935367
0.641024465620931
0.5098732390208898
0.5098732390208898
0.3179126829977399
0.3244704294557339
1.949470429455734
0.22172452129109943
0.22172452129109943
0.30471851649718973
0.5352814835028104
0.009440510839133553
0.15230051083913354
0.15230051083913354
0.009440510839133553
1.4586744067704913
0.16825336083804332
0.5329184923342463
1.4586744067704913
0.5329184923342463
1.3176566430661583
0.2176566430661584
0.5176566430661583
1.9465809698551053
1.9465809698551053
1.9465809698551053
0.3174909259782799
1.4774966541193382
1.4774966541193382
1.4774966541193382
0.09689315496125417
0.5697668450387459
0.5697668450387459
0.09689315496125417
2.3394051897061923
2.506072189706192
1.3471875300518952
1.3471875300518952
2.1636571686842077
0.3334595027714973
0.5744326618910408
0.3334595027714973
0.9515812375536477
10.313179309779201
10.313179309779201
0.31824423755364767
0.7704931302095854
0.8614031302095855
0.7704931302095854
1.3719073310953434
0.6280926689046566
2.0398814512899364
2.0398814512899364
2.0398814512899364
5.956958167939724
4.2161751994230805
2.0398814512899364
0.14421444171995823
1.8986195991367434
1.8986195991367434
1.8986195991367434
1.8986195991367434
0.8026036587374408
0.03816033030096033
0.8026036587374408
0.46228018544071814
2.148843298709789
0.8219520476071377
0.6394998570042372
0.6394998570042372
0.8879378875281225
0.8879378875281225
0.8879378875281225
0.8879378875281225
0.12374234109206073
0.12374234109206073
1.4582805125189684
1.4582805125189684
2.0565305500913937
1.7852201585803846
1.7852201585803846
1.7852201585803846
2.6669928745028373
2.6669928745028373
2.6669928745028373
0.8769898089311681
0.24793354371571308
0.24793354371571308
0.962219543715713
0.32980582839616784
0.41310243073051556
0.6767933756212032
0.41310243073051556
0.288370085489403
0.288370085489403
0.9829807635203287
1.4829807635203287
0.09175427926200719
2.3433369566944577
2.3433369566944577
2.3433369566944577
2.3433369566944577
0.8620155665766713
0.8745122219261456
1.8144653269652913
0.8745122219261456
0.5166251663067046
0.5166251663067046
0.18982560220980105
1.560174397790199
0.06017439779019895
0.6023044484984629
0.6023044484984629
0.9959785046866725
0.27281648374613066
0.27281648374613066
0.9865184799818199
0.9865184799818199
1.7777214292735564
1.7777214292735564
0.22227857072644364
2.895873334777014
2.895873334777014
2.895873334777014
0.45004995494150424
0.23701766951600867
0.23701766951600867
0.7543969549415042
1.5333151171224486
3.1999821171224485
0.5120621124718774
0.5120621124718774
0.5120621124718774
0.5120621124718774
3.0753528903559535
0.12819903466936589
0.8162599759197082
0.8162599759197082
0.9286249957234983
0.9286249957234983
1.79300310908351
1.783715326061492
1.783715326061492
1.783715326061492
2.192545731363768
2.192545731363768
1.581133721411196
2.418866278588804
1.418866278588804
0.876823916604935
0.23102092618827852
0.23102092618827852
0.5632277239117165
0.5632277239117165
0.5632277239117165
11.073593602929819
0.5632277239117165
1.4204950947586341
1.4204950947586341
0.5332575673815131
0.8376045673815131
2.848470710342128
2.468901070369779
5.9246441096440465
5.9246441096440465
0.6544462461665489
1.2709725361228692
0.2709725361228692
1.2709725361228692
6.616727231585415
1.104484601970348
0.44687848966476884
0.44687848966476884
0.6922119628940788
0.6922119628940788
0.6922119628940788
0.6922119628940788
0.6587316820483831
0.8587316820483831
1.5769652224949144
1.5769652224949144
1.5769652224949144
1.0076429798217283
0.1756182255208114
0.8337299798217284
0.1756182255208114
0.5446519888978338
0.34465198889783366
0.5952919957234983
0.9286249957234983
2.114351780052766
2.7872027795084624
0.16662547530248284
0.16662547530248284
0.6401790643109502
10.999355778272264
4.108129294013944
0.6401790643109502
0.6401790643109502
0.6401790643109502
2.2337996094223995
2.2337996094223995
2.8296326789218194
2.8296326789218194
0.020008930788675494
2.8879143525615376
1.2153989402559962
1.9653989402559962
0.4101021612731981
0.057580883548359996
0.4101021612731981
0.026330883548359996
2.0151967929840757
0.2695187454133917
0.2695187454133917
2.0151967929840757
2.418866278588804
2.418866278588804
0.3335707856303407
0.3335707856303407
0.3335707856303407
1.954165628213556
1.4438991439552344
0.3335707856303407
1.418866278588804
1.418866278588804
0.6244986547453815
1.2962223881780899
1.4026772081642642
1.1072742665076105
1.1072742665076105
0.3214617074898318
0.3214617074898318
10.643246891947243
10.643246891947243
0.7654681140334997
2.3450962637667843
1.0236710931345798
1.0236710931345798
6.29451508098852
10.685741565246841
0.538148364338733
0.538148364338733
0.538148364338733
0.538148364338733
1.5392672303272104
1.4607327696727896
0.7402846232620245
0.5604958505817406
0.44089719964779406
0.5604958505817406
0.37638119964779404
0.8508455217979933
1.1365605217979933
0.2794215217979934
1.5432451164066618
2.143245116406662
0.9783391793733758
0.04124281892788573
0.04124281892788573
1.828866020381191
0.4660530309063
0.4660530309063
0.4660530309063
5.304638420714551
0.4660530309063
1.630958967939586
0.7817191013207249
2.3550222658966025
0.7129455492468155
2.3550222658966025
0.5722417103871056
0.8787407237253064
2.965526623794436
0.8787407237253064
0.6690157103871056
0.9429090953605563
1.0570909046394437
1.6929090953605563
1.123078793656935
0.6835490165774272
0.6835490165774272
0.6835490165774272
2.459887529970408
0.8734494700295916
2.466317849125126
1.054405170385172
1.054405170385172
2.466317849125126
1.865666358713999
0.865666358713999
0.1135836361465179
0.1135836361465179
0.1135836361465179
0.6109728481118033
0.6109728481118033
0.1135836361465179
0.6305722957472846
0.030572295747284706
1.8305722957472845
1.2090561328040819
4.465871645372037
0.013635618502785718
4.465871645372037
1.976231870369642
0.35593143309263897
3.0260418451492987
3.0260418451492987
0.18926543309263888
1.5534255046395122
0.8034255046395122
1.8093504836178718
2.142683483617872
1.896090269982638
1.896090269982638
2.038940269982638
2.038940269982638
26.10058917553257
1.3034255046395122
1.8034255046395122
1.0534255046395122
1.4980612272541531
2.390873734271544
2.390873734271544
3.3645409583736043
0.502022999553964
3.3645409583736043
3.2998033458708913
0.23617047805041214
1.0361704780504122
0.021598929182075066
2.047373823096561
2.047373823096561
1.842045232686595
0.06173807081792504
1.4305722957472846
1.7883766473754137
2.7883766473754137
2.6262329218393106
1.0298684471524004
0.9048684471524004
6.08371694265585
0.3399625101191144
0.9048684471524004
1.0298684471524004
2.289527736170167
0.9296722183993811
0.9296722183993811
1.3919645048278082
1.3919645048278082
1.3919645048278082
1.1320905266922496
0.9654235266922497
0.32987587521947703
1.6790599259476973
0.32987587521947703
1.6790599259476973
1.1993181594810403
1.3243181594810403
0.16305476779431594
3.2978895275638638
3.2978895275638638
0.46194523220568406
0.46194523220568406
0.16305476779431594
0.1412498400879233
2.0053347519761235
0.1412498400879233
1.2541936485457603
1.457132946455617
1.3142749464556172
1.742846946455617
0.6071482145864169
0.6335615243117113
0.6071482145864169
0.7388255243117113
2.467600419257935
1.627074947953274
1.627074947953274
1.3903466002174554
3.158337888424546
3.908337888424546
0.42247173685960293
4.8809406424095325
0.8831382211179246
3.0730441581512107
0.42247173685960293
0.644691736859603
1.0383200147605443
1.0383200147605443
2.152812891614158
1.486145891614158
1.6414520690230288
1.6414520690230288
1.6414520690230288
1.8605521232323263
0.5272151232323263
1.8568347429958312
1.6058339724125563
1.6058339724125563
1.6058339724125563
0.5295793088619694
12.238941485121646
12.238941485121646
0.5295793088619694
1.1785986019231882
1.1785986019231882
1.1785986019231882
3.2998061532349476
0.03660068098459246
3.7765143939900883
3.7765143939900883
7.08371694265585
2.192490458397528
2.192490458397528
2.192490458397528
2.3695656636316977
2.3695656636316977
2.3695656636316977
2.3695656636316977
0.09219608949057212
0.09219608949057212
1.2362915950975237
1.1112915950975237
1.4862915950975237
1.5502603765456828
2.04894125873751
0.48447265213465185
0.48447265213465185
0.9905299060767907
1.0814389060767908
1.0778145478020926
1.0778145478020926
1.0778145478020926
0.836588063543771
4.087091389231194
4.087091389231194
0.6441449734791334
0.6441449734791334
1.3495855779390427
2.1495855779390425
1.3495855779390427
2.7446051457357354
1.0641683700059428
0.11595923206454817
1.0641683700059428
0.40974128779928654
1.8763145567823845
0.14385364952969715
0.14385364952969715
0.47640980354096507
0.36203157928544893
1.028691579285449
0.36203157928544893
2.0870913892311935
2.0870913892311935
1.028691579285449
1.8519592539311112
1.8519592539311112
1.8519592539311112
0.7068624943425206
0.7068624943425206
0.9466530765222405
0.8877723972113158
0.8877723972113158
0.8877723972113158
2.3695656636316977
2.427459147890019
2.0941251478900194
2.427459147890019
0.8281502498873148
0.935661998574024
0.935661998574024
0.8281502498873148
1.0388149190114795
1.0388149190114795
0.6759061251640786
1.6759061251640786
1.6759061251640786
0.6132596388781912
0.6132596388781912
1.4513438335417006
4.727608056330828
0.3583362390273519
4.727608056330828
2.9297237951387034
2.3210073279038452
1.9297808436455233
2.3210073279038452
2.3210073279038452
2.8547302610023464
0.22488274447845313
2.8547302610023464
0.02027922873677457
2.442533543353587
0.4256387067060756
0.4256387067060756
0.4256387067060756
0.3190441911526931
0.3190441911526931
0.3190441911526931
1.304638420714551
1.304638420714551
0.6167272315854149
0.6167272315854149
0.6167272315854149
0.20806636719158556
1.9209735875925382
1.9209735875925382
0.20806636719158556
2.0107675614537657
2.0107675614537657
2.0107675614537657
2.0107675614537657
1.9466530765222405
1.2177726162480642
1.2177726162480642
1.2177726162480642
1.4383036517311407
2.024855167472819
0.9230319504948366
0.9230319504948366
0.3406488450899028
15.21390095154794
15.21390095154794
0.9086876658965339
0.9086876658965339
2.091312334103466
0.28196698342257287
0.28196698342257287
0.28196698342257287
2.962680069696576
2.962680069696576
2.629346069696576
0.5100470919182702
0.5100470919182702
1.488465780005606
0.9427029386821375
0.9427029386821375
0.9427029386821375
1.2810953303704031
1.0939949703427512
0.747761239653395
0.747761239653395
1.656853239653395
0.7657959790967883
0.7657959790967883
0.8403617878623673
0.8403617878623673
0.8403617878623673
1.2305722957472847
0.42070511766486685
0.42070511766486685
0.42070511766486685
1.638229892422379
0.08967155669452653
0.9583882192639157
0.08967155669452653
1.1915093789700018
5.028409713777311
5.028409713777311
1.0248393789700017
0.8671252054775693
0.8671252054775693
0.8671252054775693
0.29574558203553725
0.5137804179644627
0.9264063970701804
0.29574558203553725
1.375529365586823
0.9992944809311767
1.375529365586823
1.5049191491482237
1.5049191491482237
1.5049191491482237
0.5459148043819279
1.9378458204692555
0.5459148043819279
1.9378458204692555
1.377630640455429
1.5981001384593994
1.5981001384593994
1.7409571384593994
9.076968049505163
9.076968049505163
1.0888582674036893
0.6372277516620108
1.3818958773786811
1.5280123826981438
1.5280123826981438
1.5280123826981438
2.9621521772190924
3.020045661477414
9.42907430703923
1.256297567027343
9.42907430703923
0.08263216366139581
0.08263216366139581
0.08263216366139581
0.5458147007651548
2.631472896866308
0.5458147007651548
1.9169928745028373
2.1593386590078207
2.1593386590078207
3.7148630820021866
2.1593386590078207
1.6575054559976747
1.6575054559976747
1.6575054559976747
0.4102169614533998
20.939779553614436
0.7930586572089042
20.939779553614436
2.974369882044288
1.0868950122134609
1.167329271136752
1.9084466538885672
34.07359360292982
34.07359360292982
1.9783391793733758
1.9783391793733758
1.9783391793733758
1.9783391793733758
1.4641072162481334
1.4641072162481334
1.4641072162481334
0.8712594039426603
0.192794386262915
0.192794386262915
1.3533000803156612
0.2601641924454774
1.3533000803156612
0.192794386262915
0.7554734354260173
1.136883641720096
1.136883641720096
1.3636477046868096
1.136883641720096
2.963237182984619
3.151997099493408
3.151997099493408
1.043223583751729
3.151997099493408
5.043223583751729
5.043223583751729
5.043223583751729
0.017886259397583704
0.017886259397583704
2.236953600975717
2.375305910564797
2.0559514506062744
2.0559514506062744
2.0559514506062744
2.0559514506062744
0.7562410338537688
1.278385127341057
1.0340032453509518
1.278385127341057
1.0506329649133446
0.7681799963967015
1.0506329649133446
1.0506329649133446
1.7078048074029275
2.2007913546279636
0.18281987682767922
2.2007913546279636
0.8171760231723209
1.3594993724124875
0.6543554041861199
0.35874437270276294
4.890486573894738
0.3117096212467556
0.6508189751993452
0.6508189751993452
1.0595924909410237
0.6508189751993452
0.8508189751993451
1.2228604775756189
1.2228604775756189
0.5622436870663221
0.5622436870663221
0.3660066412863454
0.3660066412863454
0.3660066412863454
0.3660066412863454
2.566532394823118
0.5210216164363601
0.7177262266281097
0.5210216164363601
0.5210216164363601
0.9252297296092733
3.6696116115993784
3.6696116115993784
0.5307462138675949
1.3234223011341082
1.9749647327980329
1.9749647327980329
1.9749647327980329
2.130898040952848
0.20806882056934906
2.176586788135202
2.703421487838925
1.2099459874932763
1.2099459874932763
1.3440465470820735
1.9019430313403947
1.9019430313403947
1.9019430313403947
1.9019430313403947
1.577674586111458
1.577674586111458
1.577674586111458
1.577674586111458
1.2688510905786223
1.4752853409291307
2.003750233044488
1.97830671730281
1.6704102330444879
1.54248940692786
1.54248940692786
0.40578778019390227
0.40578778019390227
0.6287618431606161
0.40578778019390227
1.3392382944052192
2.1232313705233183
1.9659481582635334
0.3132561178764069
0.3132561178764069
0.1723607280020928
2.5100009225593296
1.4329459717393531
1.4329459717393531
1.4329459717393531
1.4329459717393531
1.8487941258372818
1.7885789458234558
1.8487941258372818
0.8487941258372818
1.7885789458234558
1.8487941258372818
1.7885789458234558
1.8487941258372818
0.9543564648897647
1.9096660234787133
1.3481549362121998
0.3523565850102779
0.3523565850102779
1.6114734519538783
0.6080528387399317
1.9884625190994063
1.9884625190994063
0.6080528387399317
0.9884625190994063
0.20826536101553617
2.0559514506062744
1.956776416248271
2.0725623847649137
1.579575837539878
1.579575837539878
1.043223583751729
1.043223583751729
1.4058993847649137
1.579575837539878
0.5033121316967835
0.5033121316967835
