0.8219629526138306
0.8219629526138306
-0.4780370473861695
-0.8447040473861694
-0.17803704738616943
0.48863295261383066
-0.34470404738616944
0.48863295261383066
0.32196295261383057
7.821962952613831
7.821962952613831
-0.2613700473861694
9.82196295261383
9.82196295261383
-0.3780370473861694
0.8219629526138306
-0.17803704738616943
-0.2470020473861695
2.1969629526138306
2.1969629526138306
-0.17803704738616943
-0.3780370473861694
-0.09107704738616951
1.5997429526138305
1.5997429526138305
1.3219629526138306
0.8219629526138306
1.3219629526138306
-0.6780370473861694
2.4583229526138304
2.4583229526138304
-0.0464570473861694
-0.46375104738616946
0.07196295261383057
-0.2521110473861694
1.6791029526138304
1.6791029526138304
-0.34470404738616944
-0.6155370473861694
2.1076729526138305
-0.17803704738616943
-0.17803704738616943
-0.3780370473861694
0.8219629526138306
0.6791029526138306
2.8219629526138306
2.8219629526138306
-0.17803704738616943
-0.24053704738616943
-0.17803704738616943
-0.42803704738616943
-0.42803704738616943
-0.17803704738616943
-0.9280370473861694
-0.17803704738616943
-0.9280370473861694
0.5362529526138307
1.9886329526138304
-0.2649940473861694
1.9886329526138304
-0.30303704738616943
-0.17803704738616943
1.0219629526138307
1.0219629526138307
-0.4721550473861694
-0.2891480473861694
0.7631429526138305
0.4583229526138306
-0.6780370473861694
-0.6780370473861694
-0.6780370473861694
-0.6780370473861694
-0.6780370473861694
0.8219629526138306
2.8219629526138306
0.8219629526138306
0.32196295261383057
2.8219629526138306
-0.2891480473861694
2.5719629526138306
-0.5113700473861694
-0.5113700473861694
-0.5780370473861695
0.8219629526138306
-0.17803704738616943
-0.17803704738616943
0.8219629526138306
-0.17803704738616943
0.8219629526138306
0.8219629526138306
-0.8030370473861694
-0.6891480473861694
2.6219629526138304
2.6219629526138304
1.3219629526138306
-0.6780370473861694
0.8219629526138306
0.40529295261383047
-0.35660804738616947
0.40529295261383047
-0.8447040473861694
-0.8447040473861694
-0.6780370473861694
-0.17803704738616943
-0.5113700473861694
-0.42803704738616943
-0.6780370473861694
-0.17803704738616943
-0.5780370473861695
-0.6780370473861694
-0.17803704738616943
5.571962952613831
5.571962952613831
-0.34019904738616946
-0.7780370473861694
-0.7780370473861694
-0.7780370473861694
-0.7780370473861694
-0.17803704738616943
-0.17803704738616943
0.4583229526138306
-0.17803704738616943
-0.9280370473861694
-0.42803704738616943
-0.23686104738616942
63.82196295261383
0.3691329526138305
63.82196295261383
-0.17803704738616943
0.12196295261383061
6.821962952613831
6.821962952613831
-0.17803704738616943
1.8219629526138306
1.8219629526138306
1.8219629526138306
0.6969629526138306
-0.9280370473861694
0.8219629526138306
14.32196295261383
2.8219629526138306
0.8219629526138306
-0.17803704738616943
-0.17803704738616943
-0.17803704738616943
0.8219629526138306
-0.40880604738616944
-0.7335930473861694
-0.7335930473861694
5.42196295261383
-0.8447040473861694
0.8219629526138306
0.8219629526138306
0.32196295261383057
-0.5113700473861694
0.32196295261383057
-0.8447040473861694
-0.0603870473861694
-0.17803704738616943
-0.17803704738616943
-0.17803704738616943
0.07196295261383057
1.8219629526138306
-0.40880604738616944
1.8219629526138306
-1.0947037473861694
-0.09470704738616953
3.3219629526138306
-0.8113700473861694
0.8219629526138306
0.8219629526138306
-0.3780370473861694
-0.42803704738616943
-0.17803704738616943
2.3219629526138306
2.3219629526138306
1.2505329526138307
0.32196295261383057
-1.0780370473861693
1.3219629526138306
1.3219629526138306
-0.46375104738616946
-0.5113700473861694
1.8219629526138306
-0.9280370473861694
7.821962952613831
-0.28330004738616943
0.48863295261383066
0.48863295261383066
-0.17803704738616943
-0.011367047386169338
-0.8332090473861694
-0.8332090473861694
-0.7280370473861695
2.1552929526138307
3.1552929526138307
-0.5113700473861694
2.6552929526138307
0.15529295261383047
0.8219629526138306
-0.5947040473861694
-0.5947040473861694
-0.7569840473861694
-0.24583404738616943
0.8844629526138306
0.8844629526138306
2.1076729526138305
2.1076729526138305
-0.32089404738616945
0.8219629526138306
-0.07803704738616934
-0.07803704738616934
2.3219629526138306
-0.17803704738616943
-0.17803704738616943
-0.7780370473861694
-0.6066080473861695
0.8219629526138306
0.42196295261383066
0.32196295261383057
-0.17803704738616943
0.32196295261383057
-1.1066084473861695
-1.1066084473861695
-1.1066084473861695
-1.0669260473861695
-0.3780370473861694
-0.5113700473861694
-0.34470404738616944
2.8219629526138306
2.8219629526138306
-0.17803704738616943
0.15529295261383047
-0.17803704738616943
1.8219629526138306
-0.17803704738616943
1.8219629526138306
-0.32089404738616945
-0.32089404738616945
-0.46375104738616946
0.07196295261383057
-0.46375104738616946
-0.46375104738616946
1.0441829526138307
-0.5644010473861695
-0.5644010473861695
1.2219629526138305
-0.3780370473861694
1.8219629526138306
0.32196295261383057
1.8219629526138306
-0.5113700473861694
1.3219629526138306
-0.31137004738616947
-0.6780370473861694
1.3219629526138306
1.3219629526138306
-0.17803704738616943
1.3219629526138306
-0.6224810473861694
0.03625295261383066
-0.5195000473861694
-0.5195000473861694
2.8219629526138306
2.8219629526138306
-0.17803704738616943
-0.17803704738616943
-0.17803704738616943
5.821962952613831
-0.17803704738616943
-0.17803704738616943
-0.17803704738616943
-0.4507640473861695
0.8219629526138306
-0.9780370473861695
0.42196295261383066
-0.8923230473861694
0.39339295261383067
-0.6066080473861695
-0.03517704738616945
2.8219629526138306
2.8219629526138306
0.15529295261383047
0.5719629526138306
0.25053295261383046
0.5719629526138306
-0.17803704738616943
-0.7290570473861695
-0.7290570473861695
-0.03517704738616945
-0.03517704738616945
-0.03517704738616945
0.10767295261383047
0.10767295261383047
0.10767295261383047
3.3219629526138306
0.10767295261383047
-0.17803704738616943
0.8219629526138306
-0.17803704738616943
-0.30303704738616943
0.5719629526138306
-0.42803704738616943
11.82196295261383
11.82196295261383
0.4330729526138306
-0.41333104738616944
0.39339295261383067
-0.7494660473861694
0.10767295261383047
-0.7913700473861695
-0.7913700473861695
1.0441829526138307
18.82196295261383
-0.17803704738616943
2.8219629526138306
1.0441829526138307
-0.17803704738616943
1.0441829526138307
1.0441829526138307
-0.44119504738616944
-0.17803704738616943
-0.17803704738616943
-0.2891480473861694
1.1969629526138306
-0.42803704738616943
-0.5195000473861694
-0.5195000473861694
-0.8980370473861694
-0.05803704738616933
0.5362529526138307
0.39339295261383067
0.39339295261383067
0.5362529526138307
-0.17803704738616943
-0.40025904738616946
0.15529295261383047
-0.17803704738616943
0.15529295261383047
-1.0780370473861693
0.021962952613830522
-0.2780370473861694
0.25053295261383046
0.25053295261383046
0.25053295261383046
0.20658295261383053
-1.0113700473861695
-1.0113700473861695
-1.0113700473861695
1.1552929526138307
0.48863295261383066
0.48863295261383066
1.1552929526138307
-0.6780370473861694
-0.8447040473861694
-0.3923230473861694
-0.3923230473861694
-0.9780370473861695
1.4219629526138307
-0.5241910473861694
1.4219629526138307
-0.11136704738616943
11.82196295261383
11.82196295261383
-0.7447040473861695
1.5492329526138304
1.6401429526138305
1.5492329526138304
-0.42803704738616943
1.5719629526138306
0.7802929526138305
0.7802929526138305
0.7802929526138305
6.655292952613831
4.696962952613831
0.7802929526138305
0.48863295261383066
-0.17803704738616943
-0.17803704738616943
-0.17803704738616943
-0.17803704738616943
0.48863295261383066
-0.5780370473861695
0.48863295261383066
-0.9697040473861694
-0.9780370473861695
-0.40025904738616946
1.8219629526138306
1.8219629526138306
0.42196295261383066
0.42196295261383066
0.42196295261383066
0.42196295261383066
-0.5015660473861694
-0.5015660473861694
2.8219629526138306
2.8219629526138306
-1.0113700473861695
-1.0780370473861693
-1.0780370473861693
-1.0780370473861693
-0.6780370473861694
-0.6780370473861694
-0.6780370473861694
0.021962952613830522
-0.17803704738616943
-0.17803704738616943
-0.8923230473861694
-0.7662720473861695
1.4886329526138304
-0.7456050473861695
1.4886329526138304
-0.2351800473861695
-0.2351800473861695
0.8219629526138306
0.32196295261383057
1.8219629526138306
-0.9280370473861694
-0.9280370473861694
-0.9280370473861694
-0.9280370473861694
-0.4780370473861695
1.5362529526138307
-0.5208940473861694
1.5362529526138307
-0.34470404738616944
-0.34470404738616944
1.0719629526138306
-0.6780370473861694
0.8219629526138306
-0.5113700473861694
-0.5113700473861694
0.07196295261383057
-0.14355704738616937
-0.14355704738616937
-0.6780370473861694
-0.6780370473861694
-0.6780370473861694
-0.6780370473861694
1.3219629526138306
-0.17803704738616943
-0.17803704738616943
-0.17803704738616943
0.03935295261383054
1.4469629526138306
1.4469629526138306
-0.2649940473861694
0.8219629526138306
-0.8447040473861694
1.8219629526138306
1.8219629526138306
1.8219629526138306
1.8219629526138306
-0.8447040473861694
-0.5780370473861695
0.8219629526138306
0.8219629526138306
-0.5113700473861694
-0.5113700473861694
-0.17803704738616943
-0.8447040473861694
-0.8447040473861694
-0.8447040473861694
-0.7780370473861694
-0.7780370473861694
3.3219629526138306
-0.6780370473861694
0.32196295261383057
2.4886329526138304
-0.2891480473861694
-0.2891480473861694
-0.011367047386169338
-0.011367047386169338
-0.011367047386169338
12.82196295261383
-0.011367047386169338
-0.5113700473861694
-0.5113700473861694
-0.6128200473861695
-0.9171670473861695
-0.6780370473861694
-0.17803704738616943
8.15529295261383
8.15529295261383
-0.3295520473861694
-0.17803704738616943
0.8219629526138306
-0.17803704738616943
8.82196295261383
-0.5780370473861695
0.39339295261383067
0.39339295261383067
0.39339295261383067
0.39339295261383067
0.39339295261383067
0.39339295261383067
-0.3780370473861694
-0.5780370473861695
-0.42803704738616943
-0.42803704738616943
-0.42803704738616943
-0.9171670473861695
1.8219629526138306
-0.7432540473861695
1.8219629526138306
0.22196295261383048
0.42196295261383066
-0.17803704738616943
-0.5113700473861694
-0.7780370473861694
-0.5113700473861694
-0.23359304738616948
-0.23359304738616948
0.09469295261383048
12.82196295261383
5.821962952613831
0.09469295261383048
0.09469295261383048
0.09469295261383048
-0.8447040473861694
-0.8447040473861694
4.821962952613831
4.821962952613831
0.2719629526138305
-0.6780370473861694
-0.17803704738616943
-0.9280370473861694
0.9886329526138304
-0.7405370473861694
0.9886329526138304
-0.7717870473861694
-0.5113700473861694
-0.5973920473861695
-0.5973920473861695
-0.5113700473861694
-0.6780370473861694
-0.6780370473861694
0.44696295261383057
0.44696295261383057
0.44696295261383057
3.1552929526138307
2.5362529526138307
0.44696295261383057
0.32196295261383057
0.32196295261383057
-0.17803704738616943
1.3219629526138306
1.1552929526138307
-0.7780370473861694
-0.7780370473861694
1.8219629526138306
1.8219629526138306
12.82196295261383
12.82196295261383
0.32196295261383057
-0.17803704738616943
0.07196295261383057
0.07196295261383057
7.821962952613831
12.32196295261383
0.10767295261383047
0.10767295261383047
0.10767295261383047
0.10767295261383047
2.8219629526138306
-0.17803704738616943
-0.5113700473861694
1.6791029526138304
-0.46836004738616943
1.6791029526138304
-0.5328760473861694
-0.46375104738616946
-0.7494660473861694
0.10767295261383047
-0.17803704738616943
-0.7780370473861694
0.8219629526138306
-0.5391480473861694
-0.5391480473861694
-0.8447040473861694
1.2219629526138305
1.2219629526138305
1.2219629526138305
6.821962952613831
1.2219629526138305
2.8219629526138306
-0.33188304738616947
3.42196295261383
-0.17803704738616943
3.42196295261383
-0.5651340473861695
1.1076729526138305
-0.6780370473861694
1.1076729526138305
-0.6619080473861695
1.5719629526138306
-0.42803704738616943
2.3219629526138306
-0.6780370473861694
-1.0056230473861694
-1.0056230473861694
-1.0056230473861694
-0.8447040473861694
2.4886329526138304
-0.17803704738616943
-0.6936620473861694
-0.6936620473861694
-0.17803704738616943
-0.17803704738616943
0.8219629526138306
1.3219629526138306
1.3219629526138306
1.3219629526138306
2.1552929526138307
2.1552929526138307
1.3219629526138306
0.6219629526138306
1.2219629526138305
-0.5780370473861695
-0.5416730473861694
6.155292952613831
0.04418295261383065
6.155292952613831
-0.17803704738616943
-0.23359304738616948
4.48863295261383
4.48863295261383
-0.06692704738616939
-0.6780370473861694
0.07196295261383057
-0.17803704738616943
-0.5113700473861694
2.9648229526138303
2.9648229526138303
3.1076729526138305
3.1076729526138305
27.82196295261383
-0.42803704738616943
-0.9280370473861694
-0.17803704738616943
-0.17803704738616943
-0.32729104738616943
-0.32729104738616943
6.321962952613831
-0.10660704738616933
6.321962952613831
-0.5113700473861694
0.8219629526138306
0.021962952613830522
-0.13636704738616934
3.42196295261383
3.42196295261383
-0.17803704738616943
-0.21970404738616944
-0.17803704738616943
-0.053037047386169434
-1.0530370473861694
-0.17803704738616943
-0.053037047386169434
0.07196295261383057
7.821962952613831
1.0719629526138306
0.07196295261383057
-0.053037047386169434
-0.5113700473861694
0.23863295261383066
0.23863295261383066
-0.9780370473861695
-0.9780370473861695
-0.9780370473861695
-0.34470404738616944
-0.17803704738616943
-0.07277704738616952
3.0219629526138307
-0.07277704738616952
3.0219629526138307
-0.6780370473861694
-0.8030370473861694
-0.053037047386169434
4.821962952613831
4.821962952613831
0.5719629526138306
0.5719629526138306
-0.053037047386169434
-0.7780370473861694
-0.17803704738616943
-0.7780370473861694
-0.4780370473861695
-0.7494660473861694
-0.6066080473861695
-1.0351800473861694
0.6552929526138305
-0.4938260473861694
0.6552929526138305
-0.5990900473861694
-0.5780370473861695
3.2505329526138302
3.2505329526138302
-0.30961604738616944
-0.17803704738616943
-0.9280370473861694
1.3775229526138304
6.48863295261383
1.9469629526138306
4.571962952613831
1.3775229526138304
1.5997429526138305
-0.4994660473861694
-0.4994660473861694
-0.8447040473861694
-0.17803704738616943
-0.9280370473861694
-0.9280370473861694
-0.9280370473861694
-0.8447040473861694
0.48863295261383066
-0.42803704738616943
-0.17803704738616943
-0.17803704738616943
-0.17803704738616943
-0.17803704738616943
13.82196295261383
13.82196295261383
-0.17803704738616943
-0.8447040473861694
-0.8447040473861694
-0.8447040473861694
-0.17803704738616943
-0.17803704738616943
6.571962952613831
6.571962952613831
8.82196295261383
3.8219629526138306
3.8219629526138306
3.8219629526138306
-0.6780370473861694
-0.6780370473861694
-0.6780370473861694
-0.6780370473861694
-0.5603900473861695
-0.5603900473861695
-0.5530370473861694
-0.42803704738616943
-0.8030370473861694
-0.17803704738616943
-0.5113700473861694
1.4219629526138307
1.4219629526138307
-0.4962190473861694
-0.5871280473861694
0.22196295261383048
0.22196295261383048
0.22196295261383048
0.5719629526138306
5.821962952613831
5.821962952613831
-0.6941660473861695
-0.6941660473861695
-0.17803704738616943
-0.9780370473861695
-0.17803704738616943
-0.6780370473861694
3.0219629526138307
-0.42803704738616943
3.0219629526138307
-0.3780370473861694
-0.17803704738616943
1.1076729526138305
1.1076729526138305
-0.33593204738616944
1.1552929526138307
0.48863295261383066
1.1552929526138307
3.8219629526138306
3.8219629526138306
0.48863295261383066
-0.6780370473861694
-0.6780370473861694
-0.6780370473861694
-0.6066080473861695
-0.6066080473861695
0.8219629526138306
0.20658295261383053
0.20658295261383053
0.20658295261383053
-0.6780370473861694
-0.8447040473861694
-0.5113700473861694
-0.8447040473861694
-0.06692704738616939
2.1552929526138307
2.1552929526138307
-0.06692704738616939
0.48863295261383066
0.48863295261383066
0.8219629526138306
-0.17803704738616943
-0.17803704738616943
0.23372295261383047
0.23372295261383047
-0.17803704738616943
6.821962952613831
0.32196295261383057
6.821962952613831
-0.6780370473861694
-0.6780370473861694
-0.17803704738616943
-0.6780370473861694
-0.6780370473861694
4.321962952613831
0.2886329526138305
4.321962952613831
0.38446295261383057
-1.0113700473861695
0.42196295261383066
0.42196295261383066
0.42196295261383066
-0.0416770473861694
-0.0416770473861694
-0.0416770473861694
2.8219629526138306
2.8219629526138306
2.8219629526138306
2.8219629526138306
2.8219629526138306
-0.21137004738616938
-0.17803704738616943
-0.17803704738616943
-0.21137004738616938
-0.17803704738616943
-0.17803704738616943
-0.17803704738616943
-0.17803704738616943
-0.17803704738616943
-0.17803704738616943
-0.17803704738616943
-0.17803704738616943
-0.4780370473861695
-0.9558150473861694
0.8219629526138306
0.8219629526138306
0.22937295261383062
17.82196295261383
17.82196295261383
2.2219629526138305
2.2219629526138305
-0.7780370473861694
-0.040107047386169326
-0.040107047386169326
-0.040107047386169326
-0.8447040473861694
-0.8447040473861694
-0.5113700473861694
-0.1380370473861694
-0.1380370473861694
-0.34470404738616944
0.10767295261383047
0.10767295261383047
0.10767295261383047
-0.07803704738616934
-0.011367047386169338
-0.08712704738616939
-0.08712704738616939
-0.9962190473861694
-0.4161320473861694
-0.4161320473861694
0.6219629526138306
0.6219629526138306
0.6219629526138306
0.021962952613830522
0.021962952613830522
0.021962952613830522
0.021962952613830522
0.07196295261383057
1.5719629526138306
-0.4447040473861694
1.5719629526138306
0.15529295261383047
6.821962952613831
6.821962952613831
0.32196295261383057
0.1160829526138305
0.1160829526138305
0.1160829526138305
-0.08279704738616944
-0.8923230473861694
0.8219629526138306
-0.08279704738616944
0.15529295261383047
-0.9427430473861694
0.15529295261383047
-0.8447040473861694
-0.8447040473861694
-0.8447040473861694
-0.40025904738616946
-0.17803704738616943
-0.40025904738616946
-0.17803704738616943
0.32196295261383057
-0.32089404738616945
-0.32089404738616945
-0.46375104738616946
10.82196295261383
10.82196295261383
-0.32089404738616945
0.021962952613830522
-1.0015660473861694
-0.6780370473861694
-0.6780370473861694
-0.6780370473861694
-0.6780370473861694
-0.8447040473861694
11.82196295261383
0.2664029526138305
11.82196295261383
0.8219629526138306
0.8219629526138306
0.8219629526138306
-0.0167470473861695
-0.42803704738616943
-0.0167470473861695
0.07196295261383057
0.8219629526138306
0.8219629526138306
-0.17803704738616943
0.8219629526138306
-0.5113700473861694
-0.5113700473861694
-0.5113700473861694
-0.20660804738616945
23.82196295261383
-0.4204610473861694
23.82196295261383
-0.34470404738616944
0.007152952613830532
-0.2891480473861694
-0.15025704738616952
35.82196295261383
35.82196295261383
-0.17803704738616943
-0.17803704738616943
-0.17803704738616943
-0.17803704738616943
-0.17803704738616943
-0.17803704738616943
-0.17803704738616943
-0.5113700473861694
-0.26894604738616945
-0.26894604738616945
1.8219629526138306
-0.17803704738616943
1.8219629526138306
-0.26894604738616945
-0.17803704738616943
-0.011367047386169338
-0.011367047386169338
0.19696295261383057
-0.011367047386169338
3.8219629526138306
4.821962952613831
4.821962952613831
2.8219629526138306
4.821962952613831
6.821962952613831
6.821962952613831
6.821962952613831
-0.049007047386169456
-0.049007047386169456
-0.6780370473861694
-0.6780370473861694
-0.17803704738616943
-0.17803704738616943
-0.17803704738616943
-0.17803704738616943
-0.17803704738616943
2.8219629526138306
-0.17803704738616943
2.8219629526138306
-0.6780370473861694
-0.17803704738616943
-0.6780370473861694
-0.6780370473861694
-0.34470404738616944
-0.5113700473861694
-1.1039629473861694
-0.5113700473861694
-0.10396704738616935
-0.17803704738616943
-0.47349204738616946
-0.39542804738616943
-0.17803704738616943
0.5094629526138306
0.6219629526138306
0.6219629526138306
0.32196295261383057
0.6219629526138306
0.42196295261383066
2.8219629526138306
2.8219629526138306
-0.7586820473861695
-0.7586820473861695
0.8219629526138306
0.8219629526138306
0.8219629526138306
0.8219629526138306
-0.9780370473861695
0.057252952613830566
0.6219629526138306
0.057252952613830566
0.057252952613830566
-0.17803704738616943
5.321962952613831
5.321962952613831
0.10767295261383047
-0.17803704738616943
-0.17803704738616943
-0.17803704738616943
-0.17803704738616943
-0.5780370473861695
-0.17803704738616943
-0.09470704738616953
-0.8447040473861694
-0.8566080473861695
-0.8566080473861695
0.8219629526138306
0.15529295261383047
0.15529295261383047
0.15529295261383047
0.15529295261383047
0.8219629526138306
0.8219629526138306
0.8219629526138306
0.8219629526138306
0.48863295261383066
-0.5113700473861694
0.15529295261383047
0.07196295261383057
0.48863295261383066
3.8219629526138306
3.8219629526138306
0.2765129526138306
0.2765129526138306
0.48863295261383066
0.2765129526138306
0.34048295261383066
-0.6066080473861695
-0.6780370473861694
-0.7113700473861695
-0.7113700473861695
-0.46970404738616944
-0.9280370473861694
-0.17803704738616943
-0.17803704738616943
-0.17803704738616943
-0.17803704738616943
-0.17803704738616943
-0.17803704738616943
-0.17803704738616943
0.8219629526138306
-0.17803704738616943
-0.17803704738616943
-0.17803704738616943
-0.17803704738616943
-0.6780370473861694
-0.7780370473861694
-0.7234920473861695
1.8219629526138306
1.8219629526138306
-0.8780370473861694
-0.3632220473861695
-0.17803704738616943
-0.17803704738616943
-0.3632220473861695
0.8219629526138306
-0.5416730473861694
-0.17803704738616943
-0.17803704738616943
-0.5113700473861694
-0.34470404738616944
-0.34470404738616944
2.8219629526138306
2.8219629526138306
0.15529295261383047
-0.34470404738616944
2.8219629526138306
2.8219629526138306
