1.6351194977760315
1.6351194977760315
0.33511949777603145
-0.02883203381729127
0.6351194977760315
1.3017894977760316
0.4684524977760315
1.3017894977760316
1.1351194977760315
8.635119497776031
8.635119497776031
0.5517864977760315
10.635119497776031
10.661076724529266
0.44751157164573674
-0.424119770526886
0.6905223727226257
0.5927819787597656
3.0101194977760315
3.0101194977760315
0.6371234953403473
0.43511949777603154
0.7476653875923156
2.418568972377777
2.4128994977760314
2.1351194977760315
1.6351194977760315
2.1351194977760315
-0.35008153319358826
3.2714794977760313
3.2714794977760313
0.7666994977760315
0.34940549777603147
-0.1148805022239685
0.5610454977760315
2.4841825021648405
2.4841825021648405
0.4684524977760315
0.1976194977760315
2.9208294977760314
0.6351194977760315
0.6351194977760315
0.43511949777603154
1.6351194977760315
1.4922594977760315
3.6351194977760315
3.6356678009033203
0.6351194977760315
0.5866443514823914
0.6702637076377869
0.3851194977760315
0.3851194977760315
0.6351194977760315
-0.08568823337554932
0.6510498225688934
-0.08568823337554932
1.3494094977760316
2.8314635807704924
0.5874527471237183
2.8423526043128966
0.5545943975448608
0.6845524311065674
1.956776422262192
1.956776422262192
0.3617069294757843
0.5572796614780426
1.5762994977760314
1.2714794977760315
0.1351194977760315
0.1351194977760315
0.1629328727722168
0.1351194977760315
0.1351194977760315
1.7098590433597565
3.6519708037376404
1.7098590433597565
1.2098590433597565
3.687319338321686
0.5240084977760315
3.3851194977760315
0.34455390328598023
0.34455390328598023
0.2558161079883575
1.6606936752796173
0.6351194977760315
0.6351194977760315
1.6351194977760315
0.6270492076873779
1.6351194977760315
1.6351194977760315
0.010119497776031494
0.12798275667572023
3.4351194977760313
3.4351194977760313
2.1351194977760315
0.1351194977760315
1.6351194977760315
1.2184494977760314
0.4641099430122375
1.2184494977760314
-0.031547502223968515
0.014321341569900503
0.1351194977760315
0.6351194977760315
0.3017864977760315
0.3851194977760315
0.19894900918006897
0.7297260165214539
0.27273774743080137
0.19894900918006897
0.7116182148456573
6.3851194977760315
6.3851194977760315
0.4784098326568603
0.05359896421432497
0.035119497776031516
0.035119497776031516
0.035119497776031516
0.6351194977760315
0.6351194977760315
1.2714794977760315
0.6351194977760315
-0.1148805022239685
0.3851194977760315
0.5397409228096008
64.63511949777603
1.1786149906349181
64.63511949777603
0.6472271084785461
0.947515892982483
7.6351194977760315
7.6351194977760315
0.6351194977760315
2.6351194977760315
2.6351194977760315
2.6351194977760315
1.5101194977760315
-0.1148805022239685
1.6351194977760315
15.135119497776031
3.6351194977760315
1.6351194977760315
0.6351194977760315
0.6351194977760315
0.6351194977760315
1.693333238363266
0.416240015083313
0.09181889819526673
0.08131208943748475
6.239926046133041
-0.031547502223968515
1.6351194977760315
1.6351194977760315
1.154538244009018
0.31033523434829713
1.1382681131362915
0.016936763580322256
0.7527694977760315
0.6181902289390564
0.6181902289390564
0.6181902289390564
0.8851194977760315
2.6351194977760315
0.4043504977760315
2.6351194977760315
-0.2815472022239685
0.7184494977760314
4.1412438452243805
0.040563998167037985
1.6351194977760315
1.6351194977760315
0.479117500782013
0.3851194977760315
0.6351194977760315
3.1351194977760315
3.1351194977760315
2.0636894977760316
1.1351194977760315
-0.26488050222396853
2.1651670336723328
2.1651670336723328
0.34940549777603147
0.35601611489486695
2.6351194977760315
-0.1148805022239685
8.635119497776031
0.5516641385669708
1.3017894977760316
1.3017894977760316
0.6351194977760315
0.8025120550823213
0.019823809793472313
0.019449284008026146
0.08505336642265321
2.9684494977760316
3.9684494977760316
0.3017864977760315
3.4684494977760316
0.9684494977760314
1.7567233741283417
0.2359778130607605
0.2303940201358795
0.056476511266708385
0.5808306090145111
1.6976194977760315
1.6976194977760315
2.9208294977760314
2.9208294977760314
0.4922624977760315
1.6351194977760315
0.7351194977760316
0.7351194977760316
3.1351194977760315
0.6351194977760315
0.6314091086387634
0.03140910863876345
0.32016937504196163
1.7487403750419617
1.2351194977760316
1.1351194977760315
0.6351194977760315
1.1351194977760315
-0.35614266688957213
-0.35614266688957213
-0.35614266688957213
-0.3262555452003479
0.43642448186874394
0.32344566339683534
0.5182857657032013
3.6351194977760315
3.6351194977760315
0.6351194977760315
1.0082651918697356
0.6351194977760315
2.6351194977760315
0.6351194977760315
2.6351194977760315
0.5152383598022461
0.5152383598022461
0.32973653124427793
0.8851194977760315
0.32973653124427793
0.32973653124427793
1.8573394977760316
0.24875549777603145
0.24875549777603145
2.0351194977760314
0.43511949777603154
2.6351194977760315
1.1351194977760315
2.6351194977760315
0.3382419502182007
2.1351194977760315
0.5231141125602722
0.4299394488334656
2.1351194977760315
2.1583685874938965
0.6678500473499298
2.1351194977760315
0.2174257345256806
0.8494094977760316
0.29365649777603153
0.29365649777603153
3.6351194977760315
3.6351194977760315
0.6351194977760315
0.6351194977760315
0.6351194977760315
6.6351194977760315
0.6351194977760315
0.6351194977760315
0.6351194977760315
0.3623845703582763
1.6351194977760315
-0.1648805022239685
1.2351194977760316
-0.07916650222396848
1.2065494977760316
0.21113820443534848
0.7779794977760315
3.6694635450839996
3.6735017895698547
0.9684494977760314
1.3851194977760315
1.0636894977760314
1.3851194977760315
0.6351194977760315
0.08409949777603148
0.08409949777603148
0.7779794977760315
0.7779794977760315
0.7779794977760315
0.9129934241390227
0.9208294977760314
0.9208294977760314
4.1351194977760315
0.9196538259601592
0.6351194977760315
1.6351194977760315
0.6351194977760315
0.5101194977760315
1.3851194977760315
0.3851194977760315
12.635119497776031
12.635119497776031
1.2462294977760315
0.4273758076725006
1.2065494977760316
0.06369049777603147
0.9208294977760314
0.021786497776031477
0.025313274805068953
1.8048591577720643
20.904015064239502
0.6351194977760315
3.6351194977760315
2.2226278149795533
0.6351194977760315
1.8048590385627747
1.8048590385627747
0.3719614977760315
0.6351194977760315
0.6351194977760315
0.5140008779182434
2.0101194977760315
0.3851194977760315
0.29365649777603153
0.29365649777603153
-0.08488050222396848
0.7796084833145143
1.55141837100029
1.5963592850494386
1.40855837100029
1.55141837100029
0.6351194977760315
0.4190668169288635
0.9684494977760314
0.6351194977760315
0.9684494977760314
-0.26488050222396853
0.8351194977760314
0.5351194977760315
-0.2220235022239685
-0.2220235022239685
-0.2220235022239685
1.0148671458911895
-0.20515255575942992
-0.20515255575942992
-0.353110774810791
1.9684494977760316
1.3017894977760316
1.3017894977760316
1.9684494977760316
0.1351194977760315
-0.031547502223968515
0.4208334977760315
0.4208334977760315
-0.1648805022239685
2.275965666770935
0.28896549777603153
2.275965666770935
0.7102852458190918
12.635119497776031
12.635119497776031
0.06845249777603152
2.3623894977760314
2.4532994977760314
2.3623894977760314
0.3851194977760315
2.3851194977760315
1.5934494977760314
1.5934494977760314
1.5934494977760314
7.468449497776032
5.5101194977760315
1.5934494977760314
1.3017894977760316
0.6438842415809631
0.6438842415809631
0.6438842415809631
0.6438842415809631
1.3017894977760316
0.23511949777603147
1.3017894977760316
-0.15654750222396852
-0.16066585779190062
0.4032661918430328
2.6351194977760315
2.6351194977760315
1.2351194977760316
1.2351194977760316
1.2351194977760316
1.2351194977760316
0.31316406039810185
0.31316406039810185
3.6664541959762573
3.6664541959762573
-0.203530594165802
-0.28921529054641726
-0.28921529054641726
-0.28921529054641726
0.1429993212223053
0.1310632824897766
0.1429993212223053
0.8351194977760314
0.6351194977760315
0.6351194977760315
-0.07916650222396848
0.046884497776031486
2.3017894977760314
0.06755149777603148
2.3017894977760314
0.5779764977760314
0.5779764977760314
1.6726381182670593
1.1726381182670593
2.6351194977760315
-0.06775569915771484
-0.06775569915771484
-0.06775569915771484
-0.06775569915771484
0.35448409318923946
2.3494094977760316
0.2922624977760315
2.3494094977760316
0.4788586938934326
0.4788586938934326
1.8851194977760315
0.1351194977760315
1.6351194977760315
0.30794872397613526
0.30794872397613526
0.9121946096420288
0.6695994977760316
0.6695994977760316
0.15435832738876343
0.15435832738876343
0.1351194977760315
0.1351194977760315
2.1351194977760315
0.6351194977760315
0.6351194977760315
0.6351194977760315
0.8588695219898224
2.2757438719272614
2.2886722683906555
0.5533851461582184
1.7144511938095093
0.04778416400718688
2.6351194977760315
2.6351194977760315
2.6351194977760315
2.6351194977760315
-0.034443453495025644
0.23511949777603147
1.6351194977760315
1.6351194977760315
0.3017864977760315
0.3017864977760315
0.6351194977760315
-0.048181251232147226
-0.048181251232147226
-0.048181251232147226
0.035119497776031516
0.035119497776031516
4.223868161439896
0.22386816143989563
1.2238681614398956
3.479981517238617
0.5240084977760315
0.5632495136871338
0.8017894977760316
0.8017894977760316
0.8017894977760316
13.635119497776031
0.8017894977760316
0.3017864977760315
0.3017864977760315
0.2064156947059631
-0.10044346225738526
0.1351194977760315
0.6351194977760315
8.968449497776032
8.968449497776032
0.4834840069866181
0.6595290303230286
1.6595290303230286
0.6595290303230286
9.636025667190552
0.2565938591957092
1.2275096797275544
1.2275096797275544
1.2065494977760316
1.2065494977760316
1.2065494977760316
1.2065494977760316
0.4368402242660523
0.23684022426605222
0.3851194977760315
0.3851194977760315
0.3851194977760315
-0.06332270277023316
2.742922365665436
0.0960397603588104
2.742922365665436
1.0351194977760314
1.2351194977760316
0.6351194977760315
0.3017864977760315
0.035119497776031516
0.3036301886482239
0.5795634977760314
0.5795634977760314
0.9078494977760314
13.635119497776031
6.6351194977760315
0.9078494977760314
0.9078494977760314
0.9078494977760314
-0.031547502223968515
-0.031547502223968515
5.6351194977760315
5.6351194977760315
1.0851194977760314
0.1351194977760315
0.6351194977760315
-0.1148805022239685
1.861036306066513
0.09494343400001526
1.8557329231929778
0.06721749901771545
0.5216607903881073
0.25969872381210324
0.2623325636577606
0.5216607903881073
0.16365787386894226
0.16365787386894226
1.2601194977760315
1.2601194977760315
1.2601194977760315
3.9684494977760316
3.3494094977760316
1.2601194977760315
1.1351194977760315
1.1351194977760315
0.6485362648963928
2.1351194977760315
1.9684494977760316
0.035119497776031516
0.035119497776031516
2.6962127089500427
2.737211763858795
13.635119497776031
13.635119497776031
1.1297026872634888
0.6351194977760315
0.9366027116775513
0.9313350319862366
8.823433339595795
15.468809843063354
0.9208294977760314
0.9208294977760314
0.9208294977760314
0.9208294977760314
3.7010783553123474
0.7010783553123474
0.30273629779052735
2.5404259218120573
0.34501333947372437
2.5260570002937315
0.28504568050956725
0.34940549777603147
0.06369049777603147
0.9208294977760314
0.6351194977760315
0.035119497776031516
1.8112884759902954
0.31226466614151005
0.3162006290569306
-0.031547502223968515
2.0351194977760314
2.0351194977760314
2.0351194977760314
7.6351194977760315
2.0351194977760314
3.6351194977760315
0.48127349777603146
4.26189444065094
0.6449647545814514
4.26189444065094
0.18765980112838743
1.9582573701953887
0.1351194977760315
1.9607657124614715
0.1404422054805755
2.3851194977760315
0.3851194977760315
3.1351194977760315
0.1351194977760315
-0.5876306939468383
-0.41038436177825927
-0.41038436177825927
-0.031547502223968515
3.3017894977760314
0.9253811836242676
0.14836937189102173
0.14836940169334412
0.9253813028335571
0.6351194977760315
1.6351194977760315
2.1351194977760315
2.1351194977760315
2.1351194977760315
2.9684494977760316
2.9684494977760316
2.1351194977760315
1.4351194977760315
2.0351194977760314
0.23511949777603147
0.27148349777603153
7.0160932188797
0.9033039176177979
7.019653881149292
0.6351194977760315
0.590807079547882
5.358704959793091
5.505839502258301
0.7919610422706604
0.1351194977760315
0.8851194977760315
0.637532114982605
0.304199114982605
3.7779794977760313
3.846252773866653
3.9208294977760314
3.9208294977760314
28.63511949777603
0.3851194977760315
-0.1148805022239685
0.6351194977760315
0.654222846031189
0.5423854829750061
0.5259084643802643
7.1351194977760315
0.6565131866264344
7.1351194977760315
0.3017864977760315
1.6646026372909546
0.8646026372909545
0.7133224064540864
4.2733708083629605
4.235119497776031
0.6351194977760315
0.6299854064540863
0.6351194977760315
0.7601194977760315
-0.2398805022239685
0.6680465340614319
0.7601194977760315
0.8851194977760315
8.70200964808464
1.8851194977760315
0.8851194977760315
0.7601194977760315
0.3021195089263916
1.1875290626716615
1.1875290626716615
-0.4418580412864685
-0.4349154710769653
-0.25134225487709044
0.4835818553524017
0.6502488553524017
0.7703043673133849
3.9562533617019655
0.7905830893611907
3.9499080002307894
0.1351194977760315
0.010119497776031494
0.7708080410957336
5.654135435819626
5.635347008705139
1.3962581157684326
1.3962581157684326
0.7712581157684326
0.07890602350234988
0.6351194977760315
0.07815640568733218
0.33511949777603145
0.06369049777603147
0.20654849777603146
-0.2220235022239685
1.518773103313446
0.375584884677887
1.51860415394783
0.27032088467788695
0.23511949777603147
4.091818062133789
4.071574119396209
0.4892973122558594
0.6351194977760315
-0.1148805022239685
2.19360292678833
7.3185482675266265
2.776352822780609
5.3851194977760315
2.19360292678833
2.41582292678833
0.35549975862121586
0.3711784624061585
-0.026339367572784433
0.6403276324272156
-0.1148805022239685
-0.1148805022239685
-0.1148805022239685
-0.031547502223968515
1.3017894977760316
0.3851194977760315
0.6351194977760315
0.6351194977760315
0.6351194977760315
0.7022351622581482
14.635119497776031
14.635119497776031
0.6936426758766174
-0.031547502223968515
-0.031547502223968515
-0.031547502223968515
0.6559230089187622
0.6351194977760315
7.3851194977760315
7.3851194977760315
9.462134301662445
4.6351194977760315
4.6351194977760315
4.6351194977760315
0.1351194977760315
0.1351194977760315
0.1351194977760315
0.1351194977760315
0.32969326560211176
0.32969326560211176
0.2601184844970703
0.3851184844970703
0.010118484497070312
0.6351194977760315
0.3017864977760315
2.2893224716186524
2.2893224716186524
0.3794577037506104
0.2812096434440613
1.0446812748908996
1.0446812748908996
1.0446812748908996
1.4007231891155243
6.6351194977760315
6.6351194977760315
0.12628625530815124
0.12628625530815124
0.6351194977760315
-0.1648805022239685
0.6351194977760315
-0.3648805022239685
0.8965030431747436
-0.12312743021392822
0.880830180644989
-0.31413471698760986
-0.3648805022239685
-0.31899183988571167
-0.32286691665649414
-0.31261977553367615
0.3162300145072937
-0.3504369854927063
0.3162300145072937
-0.3036103844642639
-0.3036103844642639
-0.3504369854927063
0.1351194977760315
0.1351194977760315
0.1351194977760315
-0.215665891998291
-0.215665891998291
0.6351194977760315
-0.17696467881774902
-0.31058196073150635
-0.17696467881774902
0.1351194977760315
-0.031547502223968515
0.3017864977760315
-0.031547502223968515
-0.06520548498916626
0.3473090683860779
0.3381040846748352
-0.06520548498916626
1.3017894977760316
1.3017894977760316
1.6351194977760315
0.6351194977760315
0.6351194977760315
0.3998254977760315
0.3998254977760315
-0.156828477437973
0.9684494977760314
-0.1148805022239685
0.9684494977760314
0.1351194977760315
0.1351194977760315
0.6351194977760315
0.1351194977760315
0.1351194977760315
-0.27087169885635376
-0.29980215430259705
-0.27087169885635376
-0.30132895708084106
-0.3648805022239685
1.2351194977760316
1.2351194977760316
1.2351194977760316
-0.35037251668777464
-0.35037251668777464
-0.35037251668777464
3.6351194977760315
3.6351194977760315
1.6351194977760315
1.6351194977760315
1.6351194977760315
0.23820985311698917
0.7726503014564514
0.7726503014564514
0.23820985311698917
0.6341442465782166
0.6341442465782166
0.6341442465782166
0.6341442465782166
-0.3648805022239685
0.6351194977760315
0.6351194977760315
0.6351194977760315
-0.32977303862571716
-0.32038819789886475
-0.3648805022239685
-0.3648805022239685
-0.2908064022239685
0.6936988532543182
0.6774564981460571
2.6351194977760315
2.6351194977760315
-0.3648805022239685
-0.6410472760269165
-0.5012064943382263
-0.5012064943382263
-0.031547502223968515
-0.031547502223968515
0.3017864977760315
0.42820624470710755
0.42820624470710755
-0.3648805022239685
-0.07916650222396848
-0.07916650222396848
-0.07916650222396848
-0.32386016845703125
-0.2388933435623169
0.5442104977760315
0.5442104977760315
-0.3648805022239685
-0.19666974269676207
-0.19666974269676207
-0.16296725273132323
-0.16296725273132323
-0.1648805022239685
-0.14114116430282592
0.8351194977760314
0.8351194977760314
0.8351194977760314
0.4225762188434601
-0.3648805022239685
-0.3596940040588379
-0.3604234457015991
-0.26852113008499146
-0.3648805022239685
-0.3648805022239685
-0.26852113008499146
-0.44403529167175293
-0.44403529167175293
-0.44403529167175293
0.4923157843284607
-0.3172082156715393
0.6351194977760315
0.4923157843284607
-0.031547502223968515
-0.3059108516349792
-0.031547502223968515
-0.031547502223968515
-0.031547502223968515
-0.031547502223968515
0.05336058079719541
0.6728275418281555
0.05336058079719541
0.6728275418281555
0.6893961429595947
-0.2220235022239685
-0.2220235022239685
-0.2220235022239685
0.6351194977760315
0.6351194977760315
-0.23566183145179748
-0.2390330060775757
-0.3648805022239685
0.1351194977760315
0.1351194977760315
0.1351194977760315
0.30047860741615295
-0.031547502223968515
2.6351194977760315
-0.031547502223968515
2.6351194977760315
-0.2934519022239685
-0.2934519022239685
-0.2934519022239685
-0.11004733429145813
-0.026177912950515747
-0.11949243531417847
-0.09995904564857483
-0.07916650222396848
-0.07916650222396848
-0.3648805022239685
-0.07916650222396848
0.3017864977760315
0.3017864977760315
0.3017864977760315
-0.3037768706447601
1.6405202746391296
-0.3217920285095215
1.6351194977760315
-0.3648805022239685
0.5533402712955475
0.43966868555831906
0.43209394812583923
27.264822602272034
27.096136271953583
0.6351194977760315
0.6351194977760315
0.6351194977760315
0.6351194977760315
-0.3648805022239685
-0.3648805022239685
-0.3648805022239685
-0.031547502223968515
-0.2739714022239685
-0.2739714022239685
-0.3054213523864746
-0.3314266502857208
-0.3054213523864746
-0.2739714022239685
0.6351194977760315
0.6320221722126007
0.6227023601531982
1.0101194977760315
0.6227023601531982
0.5101194977760315
-0.3648805022239685
-0.3648805022239685
-0.3648805022239685
-0.3648805022239685
-0.3648805022239685
-0.3648805022239685
-0.3648805022239685
-0.19977684408950805
-0.19977684408950805
-0.03048524260520935
-0.3648805022239685
0.6351194977760315
0.6351194977760315
0.6351194977760315
0.6351194977760315
-0.3281281292438507
-0.3648805022239685
-0.3169203996658325
-0.3648805022239685
-0.43423783779144287
-0.3648805022239685
-0.43423783779144287
-0.43423783779144287
-0.08186949735450744
-0.3648805022239685
-0.3284507989883423
-0.3648805022239685
-0.10020279920387268
-0.3648805022239685
-0.45748496266174316
-0.43781850297698977
0.6351194977760315
0.0726194977760315
0.265686160326004
0.265686160326004
0.1351194977760315
0.265686160326004
0.06568616032600405
0.6760741174221039
0.6760741174221039
0.047500494016647354
0.047500494016647354
-0.3648805022239685
-0.3648805022239685
-0.3648805022239685
-0.3648805022239685
-0.3648805022239685
0.5573292282295228
1.3455456614494323
0.5515913871002198
0.6916867700290681
-0.347032368183136
-0.3301524519920349
-0.34430450201034546
-0.3327290713787079
-0.3593652546405792
0.49384772777557373
0.49384772777557373
0.49384772777557373
-0.12336118817329406
-0.15163686750411987
-0.13771826064872741
-0.36390310525894165
-0.1148805022239685
-0.1148805022239685
0.6351194977760315
0.3017864977760315
0.3017864977760315
0.3017864977760315
0.3017864977760315
1.6351194977760315
1.6351194977760315
1.6351194977760315
1.6351194977760315
-0.031547502223968515
0.3017864977760315
-0.3268928825855255
-0.32819700241088867
-0.3079102337360382
-0.2784615159034729
-0.26940304040908813
0.7714956156539916
0.7714956156539916
1.0966182035064698
0.7714956156539916
0.07718443798446656
0.07463873853302
0.19040793180465698
0.0027431095199584865
0.0027431095199584865
-0.3112681373413086
-0.2594119906425476
0.6351194977760315
0.6351194977760315
0.6351194977760315
0.6351194977760315
-0.3648805022239685
0.1351194977760315
-0.3648805022239685
0.6351194977760315
0.1351194977760315
-0.3648805022239685
0.1351194977760315
-0.3648805022239685
0.2012375295162201
-0.3648805022239685
-0.1830625022239685
0.6351194977760315
0.6351194977760315
-0.2629298210144043
0.14163513403511047
0.8023101687431335
0.8023101687431335
0.14163513403511047
0.6369121670722961
-0.2572787340244293
-0.3648805022239685
-0.3648805022239685
-0.031547502223968515
-0.1982135022239685
-0.1982135022239685
0.6351194977760315
0.6351194977760315
-0.031547502223968515
-0.1982135022239685
0.6351194977760315
0.6351194977760315
