1.734284371137619
1.734284371137619
0.4759527266025543
0.10194860344696044
0.423367440700531
1.1469281667900086
0.43643306141662597
1.1469281667900086
0.8866671323776245
8.03870540857315
8.03870540857315
0.6757152532978058
10.72956570982933
10.72956570982933
0.6080622851848603
-1.246378779411316
0.4732081890106201
0.8710922255253791
3.0366114675998688
3.0366114675998688
0.5602149963378906
0.3164832472801209
1.0705698477244376
2.4934340751457214
2.4934340751457214
2.2295657098293304
1.7295657098293304
2.2295657098293304
-0.3472060561180115
3.469611744508743
3.469611744508743
1.0085509542393685
0.3231520955429077
-0.44997328519821167
-0.16423353540802
2.1992524815940855
2.1992524815940855
0.28698031550216674
0.4752279669046402
3.080278419456482
-0.0007456541061401367
-0.0007456541061401367
-0.05495942831039424
0.9538551568984985
1.670681740179062
3.4362001419067383
3.4362001419067383
0.37375885248184204
0.9091551303863525
0.4732081890106201
-0.15667259693145752
-0.15667259693145752
0.09332740306854248
-0.5753082633018494
0.17469173669815063
-0.5753082633018494
1.508858419456482
2.997824078245163
0.6409937219791413
2.997824078245163
0.6967433094978333
0.734284371137619
2.000528794527054
2.000528794527054
0.44429348614883424
0.6937307568206788
1.8268462437319755
1.5578749059891701
-0.5442568063735962
-0.5442568063735962
-0.5442568063735962
-0.5442568063735962
-0.5442568063735962
1.7546198070049286
3.734284371137619
1.7546198070049286
1.2546198070049286
3.734284371137619
0.45297084766769413
3.285734623670578
0.39101545566749574
0.39101545566749574
0.3670835256576538
1.6708083152770996
0.2330663800239563
0.2330663800239563
1.2207228541374207
0.2330663800239563
1.2207228541374207
1.734284371137619
0.19704964756965637
0.19173442441368105
3.4912606954574583
3.4912606954574583
2.2730996906757355
0.2730996906757355
1.7730997502803802
1.5332821441757678
0.6737772680320739
1.5332821441757678
-0.05081661099624635
0.03698892837333678
0.062005043029785156
0.5620050430297852
0.22867204302978517
0.4511423707008362
0.09422582387924194
0.47038912773132324
0.14847285151481626
0.09422582387924194
0.47038912773132324
6.3025141060352325
6.3025141060352325
0.6877260863189697
0.3819673448801041
-0.18811926841735838
-0.18811926841735838
-0.18811926841735838
0.3127598166465759
0.3127598166465759
1.1806951864814759
0.8479947447776794
0.09799474477767944
0.5979947447776794
0.37550860917663575
64.51674681901932
0.6143635081481933
64.51674687862396
0.47674131393432617
0.8338568091392518
7.0761038064956665
7.0761038064956665
0.41962581872940063
2.827610582113266
2.827610582113266
2.827610582113266
1.7087227404117584
0.08372274041175842
1.8337227404117584
15.143033653497696
3.643033653497696
1.526445746421814
-0.08784329891204834
-0.08784329891204834
-0.08784329891204834
1.3638569116592407
0.6736450502810478
0.1526325039806366
0.1526325039806366
6.1164832472801205
0.2243261406378746
1.5295971632003784
1.5295971632003784
0.7078873515129089
0.30978564972114564
0.7078873515129089
-0.5033608829421997
1.1029307894349099
0.11967235803604126
0.11967235803604126
0.11967235803604126
1.0452642738819122
2.7767169773578644
0.5320456111965179
2.7767169773578644
-0.042267932051849366
0.9577287679481505
4.060214996337891
0.2997018297953606
1.033673107624054
1.033673107624054
-0.023645293712615922
-0.12447375059127808
0.7169694900512695
3.222125291824341
3.222125291824341
2.1812090552520753
1.3622481226921082
-0.03775187730789184
2.1648610532283783
2.1648610532283783
0.6514268522129059
0.6568958541197777
2.706684023141861
-0.04331597685813904
8.403166830539703
0.8390630803818703
1.18296176735878
1.18296176735878
0.2975894808769226
0.8357977623176576
0.09707390301513674
0.09707387321281435
0.31242541670799256
3.109716320590973
4.109716320590973
0.6422836115403175
3.648792589263916
1.148792589263916
1.6760422587394714
0.375464245136261
0.375464245136261
0.34888315966415406
0.8003989807872772
1.917562335729599
1.917562335729599
2.8264303137874602
2.8264303137874602
0.3978633137874603
1.6088660955429077
0.28733853101730356
0.28733853101730356
2.9031668305397034
0.7676478028297424
0.49344849586486816
-0.10655150413513181
0.30922539601707455
1.7377963960170746
1.367083525657654
0.773773193359375
0.273773193359375
0.773773193359375
-0.02340767229928971
-0.02340767229928971
-0.02340767229928971
0.012264802871704103
0.4470348238945008
0.3847797965450287
0.5514457965450287
3.6917343735694885
3.6917343735694885
0.7221252918243408
1.0772755091953277
0.7221252918243408
2.704167068004608
0.7041670680046082
2.704167068004608
0.5274070950679779
0.5274070950679779
0.5253903274402618
0.9740023612976074
0.5253903274402618
0.5253903274402618
2.0933698975753785
-0.027489619411468547
-0.027489619411468547
2.0470348238945006
0.4470348238945008
2.375532567501068
0.8755325675010681
2.375532567501068
0.41245184892845155
2.274399518966675
0.7036893045349121
0.2743995189666748
2.274399518966675
2.1908443570137024
0.8789183050394058
2.1908443570137024
0.4344743050394059
1.0869084517145158
0.0788881476516724
0.0788881476516724
3.3460336327552795
3.3460336327552795
0.36979812383651733
0.36979812383651733
0.595569372177124
6.357915699481964
0.595569372177124
0.595569372177124
0.595569372177124
0.6136032916288375
1.4491507411003113
-0.3508492588996887
1.0491507411003114
0.1271098251476288
1.4128258251476289
0.3966111994781494
0.9680421994781494
3.6604855954647064
3.6604855954647064
1.1099352782535552
1.5423373579978943
1.2411816096973418
1.5423373579978943
0.7327518463134766
-0.23501441242218019
-0.23501447202682496
0.29390681253433226
0.29390681253433226
0.29390681253433226
0.8530238201236724
0.8530238201236724
0.8530238201236724
3.8549126982688904
0.8530238201236724
0.2862616777420044
1.2862616777420044
0.2862616777420044
0.7213399112224579
1.4912908375263214
0.4912908375263214
12.66953957080841
12.66953957080841
1.4563641530132294
0.6165442012844086
1.3996399068164826
0.2567809068164825
1.1139199068164825
-0.6762235296325684
-0.6762235296325684
1.9125026130390168
19.340092480182648
0.3400924801826477
3.4863608479499817
1.9125026130390168
0.3400924801826477
1.9125026130390168
1.9125026130390168
0.6680666739864349
0.3202747702598572
0.3202747702598572
0.7302883418216706
2.138376295566559
0.5133762955665588
0.035667985260009805
0.035667985260009805
0.1920719283819199
1.03207192838192
1.2915763030433656
1.1487163030433656
1.1487163030433656
1.2915763030433656
0.35224515199661255
0.7738230604557991
0.8774345761108397
0.35224515199661255
0.8774345761108397
-0.1497727870941162
0.9502272129058837
0.6502272129058838
-0.2766797395877838
-0.2766797395877838
-0.2766797395877838
1.264813792283535
-0.2164136016921997
-0.2164136016921997
-0.2164136016921997
1.7767529731559755
1.110093092365265
1.110093092365265
1.7767529731559755
0.2734754681587219
0.10680846815872191
0.008308857215881371
0.008308857215881371
-0.181997674703598
2.214374965429306
0.5699220715603829
2.214374965429306
0.9443226004076004
12.529597163200378
12.529597163200378
0.3109856004076004
2.592413895149231
2.683323895149231
2.592413895149231
0.5762859582901001
2.5762859582901
1.9402805140185355
1.9402805140185355
1.9402805140185355
7.382804686384201
5.528073221445084
1.9402805140185355
1.5525845715832711
0.697846531867981
0.697846531867981
0.697846531867981
0.697846531867981
1.2413586730194093
0.5148547127842903
1.2413586730194093
0.12229272669124602
-0.16306571960449218
0.6706476289658546
2.599826157093048
2.599826157093048
1.3246425449848176
1.3246425449848176
1.3246425449848176
1.3246425449848176
0.28150430826759343
0.28150430826759343
3.436833918094635
3.436833918094635
-0.1814142907218933
-0.10240435004234313
-0.10240435004234313
-0.10240435004234313
0.22040468454360962
0.22040468454360962
0.22040468454360962
1.0889905735850334
0.3443830609321594
0.3443830609321594
-0.36990293906784055
0.23068170823097228
2.336759781284332
0.23096353228759764
2.336759781284332
0.49411392486762995
0.49411392486762995
1.7309686243534088
1.2309686243534088
2.7022829353809357
-0.046443551778793335
-0.046443551778793335
-0.046443551778793335
-0.046443551778793335
0.4355148792266845
2.304239071407318
0.5652980911068917
2.304239071407318
0.12053339129257201
0.12053339129257201
1.6945462226867676
-0.05545377731323242
1.4445462226867676
-0.0860228980140686
-0.0860228980140686
1.0963399112224579
0.6077264790344239
0.6077264790344239
-0.35583239793777466
-0.35583239793777466
-0.12841516733169556
-0.12841516733169556
1.8715848326683044
0.48519259691238403
0.48519259691238403
0.48519259691238403
0.8416519156837463
2.3508380949497223
2.3508380949497223
0.5373049156837464
1.4700625538825989
-0.1966045057220459
2.7246425449848175
2.7246425449848175
2.7246425449848175
2.7246425449848175
0.007993265445709219
0.0772137403488159
1.7112054824829102
1.7112054824829102
-0.23558764105606078
-0.23558764105606078
0.7484124004840851
0.2003126884059906
0.2003126884059906
0.2003126884059906
0.17807921171188357
0.17807921171188357
4.205128043889999
0.2051280438899994
1.2051280438899994
3.3910184556674956
0.49160192924880985
0.49160192924880985
1.08283328060627
1.08283328060627
1.08283328060627
13.642397969961166
1.08283328060627
0.5159659838123322
0.5159659838123322
0.4092922029418945
0.10494520294189452
0.16724205017089844
0.6855481863021851
9.00799026544571
9.00799026544571
0.2981276582336426
0.3676537871360779
1.3676537871360779
0.3676537871360779
9.728572279214859
0.4860870376229286
1.2049861275482179
1.2049861275482179
1.3650822960662843
1.3650822960662843
1.3650822960662843
1.3650822960662843
0.03488676548004155
-0.16511323451995852
0.5842851996421814
0.5842851996421814
0.5842851996421814
0.049450358028411856
2.667736828327179
0.22336335802841184
2.667736828327179
0.8845889806747436
1.0845889806747437
0.09774535894393921
-0.23558764105606078
0.11131551265716555
0.33682860488128663
0.34757542538070674
0.3475754849853515
1.162939324657917
13.668514430522919
6.695552557706833
1.162939324657917
1.162939324657917
1.162939324657917
-0.04041953438949586
-0.04041953438949586
5.719336628913879
5.719336628913879
1.0523939847946167
0.21494200825691223
0.5256609320640564
-0.2243390679359436
1.9476127678585051
0.21417221426963806
1.9476127678585051
0.18292221426963806
0.3424880062980652
0.21195048596382138
0.21195048596382138
0.3424880062980652
0.2051280438899994
0.2051280438899994
1.5138668790459633
1.5138668790459633
1.5138668790459633
4.085391277627945
3.5085530648612977
1.513866901397705
1.2051280736923218
1.2051280438899994
0.9082236960530281
2.0691816806793213
1.8958193307685853
0.334324324131012
0.334324324131012
2.5701047778129578
2.5701047778129578
13.685502827167511
13.685502827167511
0.991482138633728
0.6684186458587646
0.8156106173992157
0.8156106173992157
8.685996353626251
13.163423150777817
1.1385278334236144
1.1385278334236144
1.1385278334236144
1.1385278334236144
3.385641038417816
0.38564103841781616
0.5606117179436684
2.6461648000621794
0.5189083408851624
2.6461648000621794
0.45439234088516234
0.21357491658782957
-0.07214008341217043
0.7849989165878295
0.7518040537834167
0.15180405378341677
1.6461057662963867
0.17462570983314518
0.17462570983314518
-0.26361204737854005
2.319385030865669
2.319385030865669
2.319385030865669
7.6815725564956665
2.319385030865669
3.7489913403987885
0.753408435122013
4.2256805062294
0.9128834828734398
4.2256805062294
0.10886150706100461
1.9388147523021697
0.186939537525177
1.9388147523021697
0.012087507061004588
2.0606581568717957
0.060658156871795654
2.8106581568717957
-0.4898679256439209
-0.4801554727897644
-0.4801554727897644
-0.4801554727897644
0.05926911478805541
3.3926061147880553
0.7191265821456909
-0.5065722465515137
-0.5065721869468689
0.7191265821456909
0.6165160834789276
1.6165160834789276
2.212939143180847
2.212939143180847
2.212939143180847
3.02691965754509
3.02691965754509
2.212939143180847
1.4990888714790345
2.0990888714790343
0.2990888714790344
0.5556494538559914
7.084759170370102
1.0287443661403657
7.084759170370102
0.7280714511871338
0.8776971169056892
5.2996237630081175
5.2996237630081175
1.0443631169056893
-0.05932432413101196
0.690675675868988
0.7022745013237
0.36894150132369996
3.9348323987579343
3.9348323987579343
4.0776823987579345
4.0776823987579345
28.63089492917061
0.19067567586898804
-0.30932432413101196
0.44067567586898804
0.7296985387802124
0.06323149222946167
0.06323149222946167
6.910432517528534
0.20761338108062755
6.910432517528534
0.07897265309524537
1.5974808931350708
0.7974808931350708
0.8831144625377656
4.321979677677154
4.321979677677154
0.6050886809825897
0.7997774625377655
0.6990888714790344
0.8309848010540009
-0.16901519894599915
0.675664871931076
0.9694680571556091
1.0944680571556091
8.638084352016449
1.9519926607608795
1.0944680571556091
0.9694680571556091
0.4030779754562378
1.1431095952224732
1.1431095952224732
-0.27239592671394347
-0.27239592671394347
-0.27239592671394347
0.3854781234817505
0.5521451234817505
0.9736554030275344
3.9344031631946565
0.9736554030275344
3.9344031631946565
0.17024323344230652
0.04524323344230652
1.0149328634142876
5.684477686882019
5.684477686882019
1.6399328634142876
1.6399328634142876
1.0149328634142876
-0.26065233945846555
0.656585305929184
-0.26065233945846555
0.614257563650608
0.07959581842041014
0.22245381842041012
-0.20611818157958983
1.584474140958786
0.5918765432581902
1.584474140958786
0.48661254325819014
0.3317458093166351
4.191574571199417
4.191574571199417
0.3583671269378662
0.40552818775177
-0.34447181224823
2.4518254322385786
7.359878664655685
2.9646185636520386
5.472727805376053
2.4518254322385786
2.6740454322385787
-0.15923152933502194
-0.15923152933502194
-0.0820078706188202
0.5846591293811798
-0.3950440287590027
-0.3950440287590027
-0.3950440287590027
-0.28008230084609986
1.0532546991539002
0.45981159806251526
0.4841863512992859
0.4841863512992859
0.4841863512992859
0.9519530758261681
14.564591526985168
14.564591526985168
0.9519530758261681
-0.2996861493034363
-0.2996861493034363
-0.2996861493034363
0.42878443002700806
0.16416341066360474
7.210974454879761
7.210974454879761
9.638084352016449
4.6605474054813385
4.6605474054813385
4.660547435283661
0.17562484741210938
0.17562484741210938
0.17562484741210938
0.17562484741210938
0.10222781483840937
0.10222781483840937
0.36390677094459534
0.48890677094459534
0.11390677094459534
0.6175832748413086
0.3572193240566254
2.3258354723453523
2.3258354723453523
0.32676439635086063
0.2358553963508606
1.1194990515708922
1.1194990515708922
1.1194990515708922
1.4504289031028748
6.63664647936821
6.63664647936821
-0.040358645729064946
-0.040358645729064946
0.6739585697650909
-0.12604143023490905
0.6739585697650909
-0.30610939860343933
0.8999263763427734
-0.28582170559310915
0.8999263763427734
-0.14535561203956604
-0.3218260705471039
-0.18032938241958618
-0.18032938241958618
-0.13236641883850098
0.3482395564956665
-0.3184274435043335
0.3482395564956665
-0.36335352063179016
-0.36335352063179016
-0.3184274435043335
-0.08495086431503296
-0.08495086431503296
-0.08495086431503296
-0.339658811920166
-0.339658811920166
0.6507595479488373
-0.1261873627243042
-0.1261873627243042
-0.1261873627243042
0.17562484741210938
0.03655008917617797
0.369884089176178
0.03655008917617797
-0.16391962802696228
0.14022214764785768
0.14022214764785768
-0.16391962802696228
1.3526663536262513
1.3526663536262513
1.6019935011863708
0.6019935011863708
0.6019935011863708
0.41041444173431396
0.41041444173431396
-0.052871092613220205
1.0508250838088988
-0.11836761236190796
1.0508250838088988
0.20845019817352295
0.16629895567893982
0.6438359022140503
0.16629895567893982
0.16629895567893982
-0.27353474497795105
-0.08697988837957382
-0.27353474497795105
-0.09825778752565384
-0.17896130681037903
1.1271147787570954
1.1271147787570954
1.1271147787570954
-0.4285412664970398
-0.4285412664970398
-0.4285412664970398
3.6815725564956665
3.6815725564956665
1.728572279214859
1.728572279214859
1.728572279214859
0.0563090240402222
0.6244383454322815
0.6244383454322815
0.0563090240402222
0.6719553172588348
0.6719552874565125
0.6719552874565125
0.6719553172588348
-0.3492404520511627
0.2445703148841858
0.2445703148841858
0.2445703148841858
-0.07579843699932098
-0.1261017918586731
-0.35903990268707275
-0.35903990268707275
-0.5556968345817566
0.572682797908783
0.572682797908783
2.7263025045394897
2.7263025045394897
-0.27369749546051025
-0.6180866727897644
-0.6180866727897644
-0.6180866727897644
0.04075591212081908
0.04075591212081908
0.3740899121208191
0.30854756593704225
0.30854756593704225
-0.26418349146842957
-0.03251293347930906
-0.03251293347930906
-0.03251293347930906
-0.2055443525314331
-0.17047043001098633
0.8306059059891701
0.8306059059891701
-0.07848509401082993
-0.24575991951751708
-0.24575991951751708
-0.041605252027511586
-0.041605252027511586
-0.041605252027511586
-0.10091112852096557
0.5162310123443603
0.5162310123443603
0.5162310123443603
0.5394752025604248
-0.20295992493629456
-0.20947304368019104
-0.20295992493629456
-0.21539348363876343
-0.3564433753490448
-0.3564433753490448
-0.21539348363876343
-0.5360296964645386
-0.5360296964645386
-0.5360296964645386
0.7139471622638702
-0.09557683773612977
0.6423979699611664
0.7139471622638702
0.020847990568161
-0.055510256268024444
0.020847990568161
-0.44134397858810426
-0.44134397858810426
-0.44134397858810426
-0.07174864471435549
0.6308110952377319
-0.0717486149120331
0.6308111846446991
0.6567116677761078
-0.014808580511093128
-0.014808580511093128
-0.014808580511093128
0.6409600973129272
0.6409600973129272
-0.08212703163757325
-0.07620068634109498
-0.14504915475845337
-0.2723647952079773
-0.2723647952079773
-0.2723647952079773
0.18833082914352417
0.0199038827972412
2.686945617198944
0.027601882274627676
2.686945617198944
-0.27506813104286193
-0.27506813104286193
-0.27506813104286193
-0.41239246115875244
-0.07547628879547119
-0.41239246115875244
-0.02959531545639038
-0.4005884830818176
-0.4005884830818176
-0.7042048573493958
-0.4005884830818176
0.15876813286972047
0.15876813286972047
0.15876819247436524
-0.6583803698188782
1.5109119415283203
-0.6732112389434814
1.5109119415283203
-0.5254227519035339
0.6973477752819062
0.6686211604504585
0.49285537004470825
26.642397969961166
26.642397969961166
0.6461057662963867
0.6461057662963867
0.6461057662963867
0.6461057662963867
-0.6123785972595215
-0.6123785972595215
-0.6123785972595215
-0.5990440999908447
-0.43008097368087767
-0.43008097368087767
-0.977177083492279
-0.8037370443344116
-0.977177083492279
-0.43008097368087767
-0.022576332092285156
0.6860017776489258
0.6860017776489258
1.110459417104721
0.6860017776489258
0.6836941540241241
-0.3221980035305023
-0.3221980333328247
-0.34600651264190674
-0.3221980333328247
-0.34600651264190674
-0.34600651264190674
-0.34600651264190674
-0.3937526503257751
-0.3937526503257751
-0.059206366539001465
-0.24350279569625854
0.6760422587394714
0.6760422587394714
0.6760422587394714
0.6760422587394714
-0.12434837967157364
-0.33280572295188904
-0.16704410314559937
-0.33280572295188904
-0.8236123919487
-0.9131695628166199
-0.8236123919487
-0.8236123919487
-0.01255796795654296
-0.24857082962989807
-0.262942373752594
-0.24857082962989807
-0.04072037375259399
-0.6737702488899231
-1.4937895557479859
-1.49697742421875
-0.07856214046478271
0.29496777057647705
0.3074569463729858
0.3074569463729858
0.1877335011959076
0.3074569463729858
0.10745694637298586
0.6476064324378967
0.6476064324378967
-0.1294824154243469
-0.1294824154243469
-1.0878432989120483
-1.0878432989120483
-1.0878432989120483
-1.0878432989120483
-0.21316343545913696
0.6772910264205934
1.40998877286911
0.6772910264205934
0.6772910264205934
-0.13292032480239868
-0.3632267415523529
-0.3632267415523529
-0.11145231872797012
-0.2081875205039978
0.6448311507701874
0.6448311507701874
0.6448311507701874
0.016434919834136974
-0.08134910343170165
0.032576053974151614
-0.22729918360710144
-0.25466930866241455
-0.25466930866241455
0.7298347353935242
0.3988305186672211
0.3988305186672211
0.3988305186672211
0.3988305186672211
1.6845511198043823
1.6845511198043823
1.6845511198043823
1.6845511198043823
0.06733684187698363
0.05867357606124879
-0.28593841195106506
-0.2816234827041626
-0.28593841195106506
-0.28082817792892456
-0.28082817792892456
0.630007778816223
0.630007778816223
0.9786356371498108
0.630007778816223
0.2186584763469696
0.22745270957565306
-0.07560735940933228
-0.15293885821533204
-0.15293885821533204
-0.17547251427726746
-0.23161372542381287
0.4625781774520874
0.4625781774520874
0.4625781774520874
0.4625781178474426
-0.39164236187934875
0.14476332068443298
-0.39164233207702637
0.6083576679229736
0.14476332068443298
-0.39164233207702637
0.14476332068443298
-0.39164233207702637
-0.5805162191390991
-0.4226667582988739
-0.06025496967506408
0.4886366128921509
0.4886366128921509
-0.1965508997440338
0.0038578055438995285
0.6499293744564056
0.6499293744564056
0.0038578055438995285
0.6499293744564056
-0.15368335800971983
-0.32395774126052856
-0.34600651264190674
0.03451596146392821
-0.06678487306404113
-0.06678487306404113
0.6539934873580933
0.6539934873580933
0.03451596146392821
-0.06678487306404113
0.7115243673324585
0.7115243673324585
