0.907912015914917
0.907912015914917
-0.2159571528434754
-0.7149512922210693
0.011858463287353516
0.7335931414794923
-0.02391286248397828
0.7335931414794923
0.6617873311042786
8.037412822246552
8.037412822246552
-0.015690311248779287
9.966500759124756
9.966500759124756
-0.1468317627906799
0.31853389739990234
0.09846729040145874
0.044168311271667426
2.5476410388946533
2.5476410388946533
0.1421741247177124
-0.07670445442199703
0.24157319684982292
1.968242589263916
1.968242589263916
1.4665007591247559
0.9665007591247559
1.4665007591247559
-0.6439106464385986
2.849132488594055
2.8491325481986998
0.1842885065841675
-0.1281864340438843
0.35885441303253174
-0.3948146997680664
1.7595187975311277
1.7595187975311277
-0.3863952314300537
-0.2812590003013611
2.428412579498291
0.07095587253570557
0.07095587253570557
-0.0810728788375854
1.0435083508491516
0.9851564122581482
3.070591628551483
3.070591628551483
0.017181754112243652
0.13145017623901367
0.09846729040145874
-0.14220589399337769
-0.14220589399337769
0.10779410600662231
-0.6400443315505981
0.10995566844940186
-0.6400443315505981
0.8569925794982911
2.2303562516403197
-0.02224757502746577
2.2303562516403197
-0.017723143100738525
-0.09208798408508301
1.2170014500617983
1.2170014500617983
-0.19447476956176757
-0.013693764625549276
1.0867276284027099
0.8074812992668152
-0.42575716972351074
-0.42575716972351074
-0.42575716972351074
-0.42575716972351074
-0.42575716972351074
0.9311940670013428
2.907912015914917
0.9311940670013428
0.4311940670013428
2.907912015914917
0.06623087841415409
2.556627035140991
-0.32633946781921386
-0.32633946781921386
-0.334731125831604
0.9538596868515015
-0.4149131774902344
-0.4149131774902344
0.5642058849334717
-0.4149131774902344
0.5642058849334717
0.907912015914917
-0.448505699634552
-0.5642742900238037
2.8902864336967466
2.8902864336967466
1.4732781648635864
-0.5267218351364136
0.9732781648635864
0.7766283398437499
-0.09768308629608158
0.7766283398437499
-0.6241676365776062
-0.537034169380188
-0.35778671503067017
0.14221328496932983
-0.19111971503067016
-0.09483957290649414
-0.3572281002998352
0.06788784265518188
-0.2786846995353699
-0.3572281002998352
0.06788784265518188
5.838910818099976
5.838910818099976
-0.10391896372985843
-0.4022196292877197
-0.48863945007324217
-0.48863945007324217
-0.48863945007324217
0.05184870958328247
0.05184870958328247
0.5895264848327637
0.16247457265853882
-0.5875254273414612
-0.08752542734146118
-0.09698527777099608
63.750152945518494
0.30628891460418695
63.750152945518494
0.1781998872756958
0.49189065694808964
7.034956395626068
7.034956395626068
0.16134172677993774
2.1318132877349854
2.1318132877349854
2.1318132877349854
1.0011630654335022
-0.6238369345664978
1.1261630654335022
14.484538555145264
2.9845385551452637
1.0619216561317444
0.04684203863143921
0.04684203863143921
0.04684203863143921
1.0181359648704529
-0.026347956604003908
-0.36606514525985717
-0.36606514525985717
5.723295545578003
-0.538633302394867
0.9974710941314697
0.9974710941314697
0.6103275418281555
-0.12773112898635863
0.6103275418281555
-0.5772778546257019
0.3082778729438782
-0.43797802925109863
-0.43797802925109863
-0.43797826766967773
0.24632740020751953
1.9718585014343262
-0.12632473463439942
1.9718585014343262
-0.7681107059661865
0.23188599403381338
3.6421741247177124
-0.5271843994216918
1.067850410938263
1.067850410938263
-0.07967026233673091
-0.1411091685295105
-0.11735713481903076
2.3997215032577515
2.3997215032577515
1.441223946876526
0.6136716604232788
-0.7863283395767212
1.4926106929779053
1.4926106929779053
-0.08517411304855349
-0.1659154737548828
2.0492366552352905
-0.7007633447647095
8.044363498687744
0.08895533753585816
0.8444162959289552
0.8444162959289552
0.12488585710525513
0.2875607365798951
-0.5733082390518188
-0.5733082390518188
-0.5113162279129029
2.301525915222168
3.301525915222168
-0.185627385433197
2.891363347129822
0.3913633471298217
0.9417840242385864
-0.29359729642105103
-0.29359729642105103
-0.3729353470535278
-0.10735231120300293
1.275406002998352
1.275406002998352
2.440456413230896
2.440456413230896
0.011889413230895984
1.1575275659561157
0.11026868820190439
0.11026868820190439
2.544363498687744
-0.0152055025100708
0.12447851896286011
-0.47552148103713987
-0.4701330803833008
0.9584379196166992
0.6652688741683961
0.5552675724029541
0.0552675724029541
0.5552675724029541
-0.7649590342773438
-0.7649590342773438
-0.7649590342773438
-0.7215822191848755
-0.31045885086059566
-0.364538415725708
-0.19787241572570802
2.8638460636138916
2.8638460636138916
-0.10027849674224854
0.3218513375091552
-0.10027849674224854
1.8878586292266846
-0.11214137077331543
1.8878586292266846
0.08455915772247313
0.08455915772247313
-0.1826200778617859
0.2637355327606201
-0.1826200778617859
-0.1826200778617859
1.3725993597221375
-0.2390269209518433
-0.2390269209518433
1.2895411491394042
-0.31045885086059566
2.046786069869995
0.5467860698699951
2.046786069869995
-0.33616159802246093
1.5263866186141968
0.0013393437309264788
-0.4736133813858032
1.5263866186141968
1.4824399948120117
0.15497040748596191
1.4824399948120117
-0.28947359251403804
0.36172411540985117
-0.18965718191909786
-0.18965718191909786
3.0198116302490234
3.0198116302490234
0.0175706148147583
0.0175706148147583
0.15706956386566162
6.018680214881897
0.15706956386566162
0.15706956386566162
0.15706956386566162
-0.12034844088745122
1.124919593334198
-0.675080406665802
0.7249195933341981
-0.6259626452789306
0.6597533547210694
-0.3154944323501587
0.2559365676498413
2.9583792686462402
2.9583792686462402
0.29956945236206045
0.7399511337280273
0.4946229136657714
0.7399511337280273
-0.08214461803436279
-0.4074943995666504
-0.4074943995666504
-0.22725468410491945
-0.22725468410491945
-0.22725468410491945
0.4417817821121215
0.4417817821121215
0.4417817821121215
3.5480927228927612
0.4417817821121215
0.05444777011871338
1.0544477701187134
0.05444777011871338
0.021337509155273438
0.7370893955230713
-0.2629106044769287
11.943084597587585
11.943084597587585
0.7723492663955689
-0.07070173391723633
0.6914436542320253
-0.4514153457679749
0.40572365423202505
-0.5076923502044678
-0.5076923502044678
1.4094443881225587
19.02037823200226
0.0203782320022583
3.1247751116752625
1.4094443881225587
0.0203782320022583
1.4094443881225587
1.4094443881225587
-0.06256899882125855
0.12873005867004395
0.12873005867004395
0.019358024181366007
1.40788733959198
-0.21711266040802002
-0.18244031113433834
-0.18244031113433834
-0.5170049977302551
0.322995002269745
0.8707136283302308
0.7278536283302308
0.7278536283302308
0.8707136283302308
0.0002561807632446289
-0.031905918952941925
0.4750641232299804
0.0002561807632446289
0.4750641232299804
-0.6948254346847534
0.40517456531524654
0.1051745653152466
0.3009636080932616
0.3009636080932616
0.3009636080932616
0.5372142087173462
-0.779012783821106
-0.779012783821106
-0.779012783821106
1.4032089954185487
0.7365489954185487
0.7365489954185487
1.4032089954185487
-0.49717003107070923
-0.6638370310707092
-0.07642069505310056
-0.07642069505310056
-0.7457877278327942
1.6960270166397096
-0.21326228542709347
1.6960270166397096
0.23674410526275635
11.99747109413147
11.99747109413147
-0.39659289473724363
1.8717170286369322
1.9626270286369323
1.8717170286369322
-0.13317441940307617
1.8668255805969238
1.1076062565612792
1.1076062565612792
1.1076062565612792
6.975231791095734
5.0465168952941895
1.1076062565612792
0.8203943723869325
-0.020760774612426758
-0.020760774612426758
-0.020760774612426758
-0.020760774612426758
0.7200393432807923
-0.2173942565917969
0.7200393432807923
-0.6031062161369324
-0.7274305105209351
-0.10789266192626956
2.0824370980262756
2.0824370980262756
0.678318476676941
0.678318476676941
0.678318476676941
0.678318476676941
-0.1415879079856872
-0.1415879079856872
3.010720372200012
3.010720372200012
-0.7291837776260376
-0.7290691375732422
-0.7290691375732422
-0.7290691375732422
-0.565611720085144
-0.565611720085144
-0.565611720085144
0.35370202064514156
0.14741361141204834
0.14741361141204834
-0.5668723885879516
-0.3911856206512451
1.7670638913345336
-0.37714844528961183
1.7670638913345336
0.10812774575424189
0.10812774575424189
0.9660754203796387
0.46607542037963867
1.941901445388794
-0.699657678604126
-0.699657678604126
-0.699657678604126
-0.699657678604126
-0.11613361835479741
1.8597620497131349
-0.25818138993453976
1.8597620497131349
-0.03169925564956666
-0.03169925564956666
1.3507645726203918
-0.39923542737960815
1.1007645726203918
-0.19911442642974853
-0.19911442642974853
0.39633750915527344
0.18241419837951667
0.18241419837951667
-0.3905194401741028
-0.3905194401741028
-0.45296525955200195
-0.45296525955200195
1.547034740447998
-0.22931361198425293
-0.22931361198425293
-0.22931361198425293
0.30974346317291257
1.603226661682129
1.603226661682129
0.005396463172912647
0.8238762617111206
-0.8427907382888794
2.078318476676941
2.078318476676941
2.078318476676941
2.078318476676941
-0.7849748289031983
-0.4357134342193604
1.0038034319877625
1.0038034319877625
-0.24088905697631835
-0.24088905697631835
-0.012184858322143555
-0.5247437512321472
-0.5247437512321472
-0.5247437512321472
-0.5374096989631653
-0.5374096989631653
3.475913882255554
-0.5240861177444458
0.4759138822555542
2.673663532180786
0.07742480951690678
0.07742480951690678
0.33751211111068735
0.33751211111068735
0.33751211111068735
12.965551853179932
0.33751211111068735
-0.1720206583099365
-0.1720206583099365
-0.24774922753143314
-0.5520962275314332
-0.6118974685668945
-0.12458515167236328
8.215022171096802
8.215022171096802
-0.19977807296752925
0.047274112701416016
1.047274112701416
0.047274112701416016
8.894616842269897
-0.1956412434577942
0.7445078217315675
0.7445078217315675
0.715694042377472
0.715694042377472
0.715694042377472
0.715694042377472
-0.07670201063156123
-0.2767020106315613
-0.1230422854423523
-0.1230422854423523
-0.1230422854423523
-0.5699730910110474
1.9916224479675293
-0.3960600910110474
1.9916224479675293
0.5248320341110229
0.724832034111023
0.09244394302368164
-0.24088905697631835
-0.5533514976501465
-0.46037994271087646
0.12303501295471186
0.12303501295471186
0.4265037250328063
12.954811215400696
5.980304718017578
0.4265037250328063
0.4265037250328063
0.4265037250328063
-0.6267378484649658
-0.6267378484649658
4.933630347251892
4.933630347251892
0.49589873552322383
-0.6049519777297974
0.09204977750778198
-0.657950222492218
1.1990903968048094
-0.3964354991912842
1.1990903968048094
-0.4276854991912842
-0.30856715088653563
-0.2450786480712891
-0.2450786480712891
-0.30856715088653563
-0.5240861177444458
-0.5240861177444458
0.7705767154693604
0.7705767154693604
0.7705767154693604
3.4435475116539003
2.8575296173477174
0.7705767154693604
0.47591376304626465
0.4759138822555542
0.164292573928833
1.2996821403503418
1.1400061493682863
-0.39789841175079343
-0.39789841175079343
1.983559250831604
1.983559250831604
12.89443063735962
12.89443063735962
0.48932337760925293
-0.1111154556274414
0.3008373975753784
0.3008373975753784
8.021151423454285
12.493112683296204
0.3970703115081786
0.3970703115081786
0.3970703115081786
0.3970703115081786
3.0158256888389587
0.01582568883895874
-0.18216966038513183
1.9682033611679075
-0.12851599936294555
1.9682033611679075
-0.19303199936294557
-0.13389381719970705
-0.41960881719970705
0.4375301828002929
0.059018492698669434
-0.5409815073013305
0.948849081993103
-0.197677150188446
-0.197677150188446
-0.5923422729415894
1.5720259189605712
1.5720259189605712
1.5720259189605712
7.022665798664093
1.5720259189605712
3.1113911867141724
0.009936417774200401
3.7104872226715084
0.1299992799758911
3.7104872226715084
-0.30746495616149905
1.198274754486084
-0.6237547397613525
1.198274754486084
-0.4042389561614991
1.8584866523742676
-0.14151334762573242
2.6084866523742676
-0.43002331256866455
-0.9020422149047851
-0.9020422149047851
-0.9020422149047851
-0.660208955947876
2.673128044052124
-0.11515951156616211
-0.43772780895233154
-0.4377278685569763
-0.11515951156616211
-0.02643454074859619
0.9735654592514038
1.5466119647026062
1.5466119647026062
1.5466119647026062
2.3517834788131715
2.3517834788131715
1.5466119647026062
0.8875194668769837
1.4875194668769836
-0.3124805331230164
-0.1940409968719482
6.327909553604126
0.3385311329078675
6.327909553604126
-0.03305351734161377
0.14347416090393061
4.669815694732666
4.669815694732666
0.3101401609039307
-0.39897143840789795
0.35102856159210205
-0.017932534217834473
-0.35126553421783446
3.289429013595581
3.289429013595581
3.432279013595581
3.432279013595581
27.969125390052795
-0.14897143840789795
-0.6489713191986084
0.1010286808013916
0.07655835151672363
-0.014198577217102049
-0.014198577217102049
6.222904682159424
-0.0648004687499999
6.222904682159424
-0.5826338375167847
1.097598671913147
0.29759867191314693
0.2237332815361024
3.6319999456405636
3.6319999456405636
-0.0236738920211792
0.14039628153610229
0.08751946687698364
0.09947752952575684
-0.9005224704742432
-0.15043890476226807
0.2908191680908203
0.4158191680908203
7.966918230056763
1.3008975386619568
0.4158191680908203
0.2908191680908203
-0.35054086094665526
0.4725273007583619
0.4725273007583619
-0.7791016578674317
-0.7791016578674317
-0.7791016578674317
-0.0365953003807068
0.1300716996192932
0.2791727039909362
3.2508679151535036
0.2791727039909362
3.2508679151535036
-0.32647573947906494
-0.45147573947906494
0.27101629972457886
5.021645665168762
5.021645665168762
0.8960162997245789
0.8960162997245789
0.27101629972457886
-0.45707587003707884
-0.053954362869262695
-0.45707587003707884
-0.1320265412330628
-0.41163455019378664
-0.26877655019378666
-0.6973485501937866
0.8963132744598388
-0.13214804312133788
0.8963132744598388
-0.2374120431213379
-0.45300748348236086
3.439953771896362
3.439953771896362
-0.19535048628234863
-0.28767287731170654
-1.0376728773117065
1.722597010192871
6.6514935845565795
2.2609299421310425
4.764158248901367
1.722597010192871
1.944817010192871
-0.19521091947937008
-0.19521091947937008
-0.6156667625350952
0.051000237464904785
-0.643319308757782
-0.643319308757782
-0.643319308757782
-0.6097486769599915
0.7235883230400086
-0.20202422142028809
0.0069086551666259766
0.0069086551666259766
0.0069086551666259766
0.19671034812927246
13.986890316009521
13.986890316009521
0.19671034812927246
-0.5311930334014893
-0.5311930334014893
-0.5311930334014893
-0.30451035499572754
-0.12868070602416992
6.504624962806702
6.504624962806702
8.966918230056763
3.9940977096557617
3.9940977096557617
3.9940977096557617
-0.5261863470077515
-0.5261863470077515
-0.5261863470077515
-0.5261863470077515
-0.19380884583282476
-0.19380884583282476
-0.19307899475097656
-0.06807899475097656
-0.44307899475097656
0.0420917272567749
-0.3137727225379944
1.5430735111236573
1.5430735111236573
-0.23386169322204586
-0.3247706932220459
0.4800423026084899
0.4800423026084899
0.4800423026084899
0.8014495372772217
5.967370986938477
5.967370986938477
-0.3478870223083496
-0.3478870223083496
0.09839081764221191
-0.7016091823577881
0.09839081764221191
-0.5826290845870972
3.141968321800232
-0.2786365747451782
3.141968321800232
-0.031880331039428667
-0.02705085277557373
1.3663678397750854
1.3663678397750854
0.015626757125854485
1.3559957986640931
0.6893357986640931
1.3559957986640931
3.9673709869384766
3.9673709869384766
0.6893357986640931
-0.4566528797149658
-0.4566528797149658
-0.4566528797149658
-0.257117941280365
-0.257117941280365
0.962740421295166
0.4193671237182617
0.4193671237182617
0.4193671237182617
-0.5261863470077515
-0.6647280609054566
-0.33139406090545653
-0.6647280609054566
0.231525210723877
2.361877525405884
2.361877525405884
0.231525210723877
0.6878214234542848
0.6878214234542848
1.0114232301712036
0.011423230171203613
0.011423230171203613
0.5297076976394652
0.5297076976394652
0.08596289157867432
6.913665771484375
0.5516128540039062
6.913665771484375
-0.6145719289779663
-0.5078885555267334
-0.03491997718811035
-0.5078885555267334
-0.5078885555267334
4.531126379966736
0.6421280736160278
4.531126379966736
0.7385976314544678
-0.7936011398391724
0.7226814389228822
0.7226814389228822
0.7226814389228822
0.13521284900665287
0.13521284900665287
0.13521284900665287
3.022665798664093
3.022665798664093
2.8946168422698975
2.8946168422698975
2.8946168422698975
0.13648647422027593
-0.04514741897583008
-0.04514741897583008
0.13648647422027593
-0.04661130905151367
-0.04661130905151367
-0.04661130905151367
-0.04661130905151367
-0.037259578704833984
0.025763392448425293
0.025763392448425293
0.025763392448425293
-0.14290492534637456
-0.6523505154876709
0.9660084247589111
0.9660084247589111
0.3522883397674561
17.801892042160034
17.801892042160034
2.4777317881584167
2.4777317881584167
-0.5222682118415832
0.06347378509521495
0.06347378509521495
0.06347378509521495
-0.7584034358901978
-0.7584034358901978
-0.42506943589019774
0.19969282388687137
0.19969282388687137
-0.048656240646362314
0.3743037213897704
0.3743037213897704
0.3743037213897704
0.15524897575378427
0.24124375526428232
0.26203129926681523
0.26203135887146
-0.64706064112854
-0.05873085519790644
-0.05873085519790644
0.8211895108222962
0.8211895108222962
0.8211895108222962
0.2875194668769836
0.3246157884597778
0.3246157884597778
0.3246157884597778
0.24242496490478516
1.7600241899490356
-0.1442565833969116
1.7600241899490356
0.38562824781417837
6.9495978355407715
6.9495978355407715
0.5522982478141785
0.2695370179367065
0.2695370179367065
0.2695370179367065
0.21351290058135985
-0.5960130994186401
0.9655518531799316
0.21351290058135985
0.3539695387649535
-0.61915837159729
0.3539695387649535
-0.5799310361785889
-0.5799310361785889
-0.5799310361785889
-0.051305383083343536
-0.046912312507629395
-0.05130532347869876
-0.046912431716918945
0.4610583782196045
-0.05527250445556642
-0.05527250445556642
-0.19812950445556643
10.966008424758911
10.966008424758911
0.015411094062805164
0.36450184583663936
-0.6633254239120483
-0.4423726797103882
-0.4423726797103882
-0.4423726797103882
-0.6229243278503418
-0.7714834367675781
11.860735297203064
0.4628083633804321
11.860735297203064
1.0489778518676758
1.0489778518676758
1.0489778518676758
0.268116901435852
-0.36406636238098145
0.268116901435852
0.18438827991485596
0.7056068181991577
0.7056068181991577
-0.38824987411499023
0.7056068181991577
-0.2674500787811279
-0.2674500787811279
-0.2674500787811279
-0.018287172218322767
23.746445894241333
-0.2346804625740051
23.746445894241333
-0.38694037551116944
0.25105396694183346
0.056374058307647745
0.026704612998962318
35.96555185317993
35.96555185317993
-0.05115091800689697
-0.05115091800689697
-0.05115091800689697
-0.05115091800689697
0.015614628791809082
0.015614628791809082
0.015614628791809082
-0.24019156342315673
0.10245109025573729
0.10245109025573729
2.0687541365623474
0.12576699256896973
2.0687541365623474
0.10245109025573729
0.04190683364868164
0.21663490478515635
0.21663490478515635
0.39862531423568726
0.21663490478515635
4.181275725364685
4.987979531288147
4.987979531288147
2.961362361907959
4.987979531288147
6.961362361907959
6.961362361907959
6.961362361907959
0.29879642608642576
0.29879642608642576
-0.5195286273956299
-0.5311625003814697
-0.058215975761413574
-0.058215975761413574
-0.058215975761413574
-0.058215975761413574
0.17713308334350586
2.9933313131332397
0.1465463638305664
2.9933313131332397
-0.3900200128555298
0.06477397680282593
-0.3900200128555298
-0.3900200128555298
-0.082319334690094
-0.338753446395874
-0.8796927824195862
-0.338753446395874
0.1203031175804139
0.021646857261657715
-0.673236629562378
-0.6093406536254883
-0.6196012496948242
0.8234399557113647
0.8844333767890931
0.8844333767890931
0.5555754899978638
0.8844333767890931
0.6844333767890931
2.998213291168213
2.998213291168213
-0.4025277843666077
-0.4025277843666077
1.0468420386314392
1.0468420386314392
1.0468420386314392
1.0468420386314392
-0.8059952735900879
0.2880374880218506
0.8458306074142456
0.2880374880218506
0.2880374880218506
0.16683173179626465
5.466405153274536
5.466405153274536
0.4629001845932006
0.08094388246536255
-0.05076730251312256
-0.05076730251312256
-0.05076730251312256
-0.36290755271911623
0.10087209939956665
0.11457290704727163
-0.7171539222640991
-0.535497441192627
-0.535497441192627
0.9052097797393799
0.2560437565612792
0.2560437565612792
0.2560437565612792
0.2560437565612792
0.8591992855072021
0.8591992855072021
0.8591992855072021
0.8591992855072021
0.6266831511688233
-0.2578417504386902
0.23385998065948477
0.167985200881958
0.567199980659485
3.8827911615371704
3.8827911615371704
0.3861276824951172
0.3861276824951172
0.6041525954437257
0.3861276824951172
0.5741726184082032
-0.42892123689270023
-0.4963580369949341
-0.32233702784347534
-0.32233702784347534
-0.21801348084640504
-0.7376764416694641
0.03831076622009277
0.03831076622009277
0.03831076622009277
0.03831076622009277
-0.024471759796142578
-0.01588308811187744
-0.024471759796142578
0.9755282402038574
-0.01588308811187744
-0.024471759796142578
-0.01588308811187744
-0.024471759796142578
-0.4236462116241455
-0.5408923387527466
-0.37928547580718996
1.987295389175415
1.987295389175415
-0.5549526929855346
-0.0236562934494019
-0.05227398872375488
-0.05227398872375488
-0.0236562934494019
0.9477260112762451
-0.2855031321868896
-0.058215975761413574
-0.038637638092041016
-0.31770448332595824
-0.06080891246032716
-0.06080891246032716
2.961362361907959
2.961362361907959
0.34895851667404165
-0.06080891246032716
2.8780150413513184
2.8780150413513184
