0.3999999999999999
0.7
5.3
0.380953
1.0
1.473122
0.704301
1.16667
0.5
8.655172
8.645161
0.0036239999999999606
10.235294
10.0
0.19999999999999996
3.0
0.0
2.735635
1.375
1.2249999999999996
1.2000000000000002
3.2
0.08695999999999993
0.5972200000000001
2.6349229999999997
1.28261
1.857143
0.6666699999999999
1.0
3.0363599999999997
3.26599
0.13158000000000003
0.04761899999999997
0.42857100000000004
0.24074400000000007
2.5238069999999997
1.8571399999999998
1.4523769999999998
1.29464
2.619043
1.0625
0.0
0.19999999999999996
1.2
0.10714000000000001
3.333333
3.8571429999999998
1.0
2.0625
0.22222000000000008
1.65
0.5
0.333333
0.25
0.5
0.25
1.11429
2.16667
0.8785602
2.8333369999999998
0.5249999999999999
1.0
0.7000000000000002
1.2000000000000002
0.6122979999999999
0.611111
1.163402
0.63636
0.0
0.5
0.5
0.375
0.5
0.0
3.333333
1.0
1.333333
2.61538
0.22222200000000003
3.35
1.833333
0.254902
0.5666700000000001
1.433333
0.0
4.75
1.0
0.0
1.0
1.083333
0.125
0.4472223
0.20000000000000018
3.8
2.25
0.7
1.6
1.58333
1.7785710000000001
1.08334
0.0
0.333333
0.09999999999999998
6.75
0.6321842
0.07142899999999996
0.166667
0.125
26.4
2.66667
0.11111099999999996
6.25
4.79167
0.8288320000000001
5.6
1.5411799999999998
0.6
1.6
0.07407399999999997
0.333333
1.9999999999999998
0.6
0.694444
2.25
0.8697474000000001
64.0
1.00839
64.483871
0.0
1.157143
7.341463
2.0
0.0
2.8571429999999998
6.0
0.6666699999999999
1.8143939
1.0
1.0
14.5
3.0
1.0625
0.75
0.333333
2.125
1.090909
0.569231
1.7222259999999998
0.3730154
6.266667
0.11111100000000002
1.5
1.142857
0.7
0.333334
1.3571399999999998
0.333333
0.11765000000000003
0.5
0.72
2.0
1.25
2.25
2.230769
3.0
0.20238070000000002
0.4166629999999999
4.018519
1.833333
1.5
1.0
0.050000000000000044
0.88636
1.5
2.5
2.4655199999999997
0.8452400000000002
0.38888999999999996
0.9
2.166667
1.78571
1.785714
1.708333
2.333333
1.02273
8.0
0.03629799999999994
2.33333
0.9583299999999999
1.0
0.5
1.266282
1.1551719999999999
0.45
2.900898
3.33333
0.245614
3.13333
0.3333299999999999
1.833333
0.4754870000000001
0.416667
0.343653
0.447828
0.0625
1.8125
0.4285700000000001
1.8690399999999998
1.142857
0.0
0.2666670000000001
0.10000000000000009
0.8333300000000001
0.0
0.714286
0.17894699999999997
0.571429
1.5
0.6000000000000001
2.33333
0.5
4.25
0.5285714
0.4285714
2.9285714
0.48888899999999996
0.19999999999999996
0.06060599999999994
0.666666
3.1
3.5
0.6
4.66667
1.0
3.0
0.75
1.16667
3.571427
0.142857
0.035714000000000024
0.25
0.714286
0.8571440000000001
1.22222
0.48863599999999996
0.05303100000000005
1.4
5.8
2.5
0.25
0.5
0.201754
0.5
0.866667
0.166667
1.833333
2.0
1.5
0.10000000000000009
0.07118100000000005
1.78571
26.341463
2.198603
3.0
0.20000000000000018
0.515625
1.5
2.63636
5.33333
1.0
0.0
0.333333
0.51894
0.4285699999999999
0.7090909999999999
0.028569999999999984
2.714286
1.285716
0.42857199999999995
0.4285700000000001
3.25
2.9
0.9999969999999999
1.75
1.095237
0.4772700000000001
1.0
0.6224500000000002
1.61352
0.309527
3.45714
0.476193
1.03571
0.48570999999999986
0.8013349999999999
3.375
1.03571
0.3333299999999999
1.149254
0.6000000000000001
0.125
6.25
0.2916700000000001
13.0
12.166667
0.6666660000000001
0.235294
1.57143
0.571429
0.8794599999999999
1.571663
0.446666
0.9722200000000001
19.714286
2.0
3.5
1.1388900000000002
0.6
0.7777799999999999
2.1507914
8.263158
0.421053
3.5
0.12418300000000004
1.875
0.25
0.17479599999999995
0.05853700000000006
0.9199999999999999
6.21333
1.2795070000000002
1.17143
1.7142799999999998
0.047619999999999996
0.7391300000000001
2.222222
0.3333299999999999
0.25
0.6666700000000001
0.344444
0.7999999999999999
1.1
1.357143
1.714283
0.857143
1.36538
0.333333
0.166667
0.166667
1.6666699999999999
1.6190399999999998
1.000003
1.3333300000000001
0.61765
1.277777
0.45238100000000003
1.9415559999999998
0.5647059999999999
1.45714
0.34615399999999996
3.06667
0.5333300000000001
12.0
12.827586
2.066667
2.070127
1.67532
1.8383809999999998
1.25
2.5
1.524997
0.5416700000000001
0.9583299999999999
6.944441
4.29167
0.3583299999999998
0.3939400000000002
7.0
2.0
1.0
0.05555600000000005
1.523813
0.06666700000000003
0.5797100000000002
0.208333
1.63333
0.8888920000000001
2.5625
2.5
0.6000000000000001
0.8400000000000001
1.0375
63.4
0.34313800000000005
1.073529
1.5
2.25
0.239583
2.7571399999999997
1.5
3.9
1.8333300000000001
0.166667
0.06521699999999997
0.6
1.0
12.0
0.04761899999999997
0.6299050000000002
2.000003
0.5675680000000001
2.3333369999999998
9.057143
0.057143000000000055
2.0
1.5
2.666667
2.75
0.10714299999999999
1.03571
2.75
0.12142900000000001
1.945059
0.32381000000000004
4.28571
0.17479599999999995
0.5
2.0
0.25
0.5
2.6666630000000002
0.666667
0.0833299999999999
1.03448
2.4655199999999997
2.0
0.5
0.166667
0.56667
0.2777799999999999
0.2727299999999999
0.25
1.625
0.71739
2.625
1.625
0.663043
1.666667
0.666667
2.0
1.0
2.0
6.0
5.666667
2.68571
0.3333300000000001
1.2
0.7619029999999999
3.833333
0.666667
1.2380970000000002
0.10256399999999999
0.666667
0.4
0.6
3.08333
0.5
1.0
3.3118309999999997
0.14559100000000003
0.2752530000000001
1.16667
0.1666700000000001
0.4523840000000001
13.515625
0.4569930000000001
0.0
0.666667
0.934783
2.73913
0.166667
0.0
7.33333
7.13333
0.048485
0.41935500000000003
1.342857
0.666667
2.0
12.4
1.1389980000000002
11.92857
0.8214300000000001
0.2987000000000002
1.42857
1.428573
9.2
0.6
0.6666667
0.75
1.5
0.03010099999999999
2.75
1.965217
1.5
0.3999999999999999
0.8857140000000001
1.5
0.333333
0.74286
0.833333
0.05555600000000005
0.944444
0.5227299999999999
13.0
5.0
6.47727
0.9393969999999999
0.022729999999999917
1.666667
0.533334
5.9333333
5.806452
0.44999999999999996
0.44444399999999995
0.9090909
0.35
1.1078499999999998
0.5625
2.16667
0.175481
0.416667
1.0860250000000002
0.12903200000000004
0.166667
0.21428599999999998
0.5
0.625
1.625
4.04167
4.166663
3.5207420000000003
0.42500000000000004
1.0
1.166667
0.6666700000000001
1.5
1.1333300000000002
0.6
0.028570999999999958
1.0
1.94118
13.0
11.25
0.7
1.0
0.9722200000000001
1.25
5.0
13.066667
0.9523769999999999
0.2857099999999999
0.3809600000000002
2.42858
3.0
0.22222000000000008
0.28
2.5238069999999997
0.04300999999999999
2.2571399999999997
0.478494
0.660714
0.0
2.51429
0.5
0.028570999999999958
1.416667
0.49603200000000003
0.36111099999999996
0.666667
2.15
2.4
1.4
6.66667
2.4
2.4285699999999997
0.32051600000000013
2.5999999999999996
3.0
3.5999999999999996
1.637097
1.28571
0.333333
1.28571
0.608871
0.25
3.25
2.0
0.5
6.827586
0.7025859999999999
0.16091899999999998
0.0
2.28205
0.0
13.515625
0.515625
0.1666700000000001
0.3333299999999999
1.9090909
0.16666999999999987
1.5
1.833333
0.86667
1.3333300000000001
0.3333300000000001
1.05
0.19999999999999973
1.4
0.5636359999999999
6.476187
0.5555530000000001
4.33333
2.0
0.49999999999999994
5.56667
5.16667
11.88889
0.0
0.25
0.833333
0.9047630000000001
2.3928599999999998
2.8095299999999996
3.28571
3.668063
24.71429
3.25
1.32143
0.142857
1.71429
4.815924
14.649253999999999
5.5
0.5714300000000001
7.5
0.458333
0.9411799999999999
0.8625
0.4416700000000001
0.7999999999999998
3.7621619999999996
0.0
0.259057
0.5
1.125
0.208333
0.9333333
1.4305599999999998
0.03570999999999991
8.285714
1.75
3.08333
0.525
0.5757579
0.7500030000000001
1.41667
0.04999999999999999
0.2
1.18462
13.166667
8.33333
1.29474
4.1090909
0.10525999999999991
3.16552
0.21428599999999998
0.0625
0.625
5.0
5.333333
1.25
0.5
1.375
0.73158
8.0
0.4
0.30000000000000004
0.19780199999999998
0.42857100000000004
0.357143
1.7424209
0.025673999999999975
1.446663
1.6210530000000003
0.53158
2.7619
3.4285699999999997
0.468421
0.5
0.08333299999999999
1.5555599999999998
4.66667
3.0340909
4.52778
1.0808
2.27778
0.262605
0.678571
3.666667
0.0
1.03571
1.0
0.202381
0.561404
0.06667000000000001
0.9642900000000001
0.75
0.0
0.285714
0.32352899999999996
14.9285714
14.235294
3.2
0.06666700000000003
0.24731199999999998
0.266667
2.0
0.25
5.15
7.0
10.0
4.518519
4.0588239999999995
4.0
2.5
0.08823500000000001
0.3
0.5
1.7156830000000003
0.17320299999999994
6.375
12.25
3.45833
0.2857099999999999
0.969693
0.3999999999999999
2.6
0.19292900000000002
0.00909099999999996
0.5052629999999999
1.4
1.4
1.083333
6.0
6.067797
0.5161290000000001
0.11612899999999998
0.44444399999999995
1.43636
0.5
0.658537
1.2
0.11904699999999999
0.44999999999999996
0.0909091
14.0
9.0
0.944444
1.41667
2.833333
0.6
0.166667
0.333333
1.0
0.666667
0.350746
0.5
0.08064499999999997
0.357143
0.571429
6.33333
0.11405900000000002
0.969231
2.769231
1.5
0.08333299999999999
0.166667
1.499997
1.095958
0.5
0.666667
0.777778
0.6666700000000001
1.473122
1.518519
0.818182
0.0
0.014705999999999997
0.235294
2.500003
0.3333299999999999
0.75
0.3333299999999999
0.166667
1.5
1.0
0.17857100000000004
2.0
1.0
2.0
2.5
0.850746
0.0
0.8999999999999999
0.6000000000000001
13.4
8.9090909
1.3257609000000001
0.0909089
3.333333
3.068965
1.666667
0.5
11.0
0.47500300000000006
0.4166700000000001
0.166667
3.433333
0.714286
0.571429
0.833333
1.0
0.666667
0.857143
0.0
0.6
1.6
1.58333
0.481481
1.7
6.9259259
2.0
0.8333299999999999
2.382353
2.0
2.0
1.2155172
0.0344828
4.3940871999999995
0.333333
0.19047599999999998
2.500003
12.24
0.18444399999999994
3.0
1.714286
3.714286
0.714286
0.0740741
0.4166667
0.02311200000000002
0.590909
1.5
0.10714299999999999
0.357143
1.675
0.033333
0.8
6.3999999999999995
1.425
0.41428599999999993
0.866667
0.10714299999999999
1.85714
1.75
0.4
2.4
3.0
0.432432
0.0
1.0
1.2
0.666667
0.5428569999999999
0.730159
1.0
0.412699
0.666667
0.9411765
0.609524
0.666667
0.19047599999999998
0.666667
0.62963
0.666667
0.62963
0.5555559999999999
0.19999999999999996
0.45714299999999997
0.857143
26.857143
10.0
2.0
3.2619014
0.8500003
0.613636
0.13636400000000004
0.4583333
0.166667
0.13888900000000004
0.333333
2.0
0.333333
2.0
0.9285714
0.5952384000000001
0.5285714
6.806452
0.25
0.306452
0.19898
1.428576
0.9870159999999999
3.375
0.08571400000000001
3.333333
6.333333
0.24242399999999997
1.9142857
0.0
0.7727269
7.0
0.25
8.111111
0.27777799999999997
2.25
27.0
25.75
0.785714
1.0
0.42857100000000004
1.0
0.888889
0.857143
1.0
0.0
1.1948009
0.24242389999999997
13.0
0.833333
2.33333
0.48973589999999995
0.75
0.2142900000000001
0.0
1.625
0.5625
0.125
1.0
0.909091
1.28571
0.857143
0.7
0.5
1.0
0.9297880000000001
1.870968
0.95
1.66667
7.0
0.0
1.71429
0.235294
0.888889
0.25
1.1
1.27273
2.22222
0.166667
0.421053
0.0909091
1.500003
0.833333
0.666667
0.0
0.444445
2.0
0.0974025
0.9347826
1.0
0.6625000000000001
0.6
0.114286
1.0
0.04516100000000001
2.41818
0.833333
0.5833299999999999
0.14516099999999998
0.25483900000000004
0.764706
0.866667
0.0714286
0.333333
1.31818
0.9009250000000001
1.2
0.2016770000000001
1.05882
0.571429
1.61111
0.666667
0.942857
0.142857
0.0
1.1666699999999999
0.24
2.0857099999999997
0.9009250000000001
2.277778
0.142857
0.35
0.8500000000000001
0.06896500000000005
0.333333
1.6666630000000002
0.266667
0.52381
1.3333300000000001
1.28571
1.6666699999999999
0.6818200000000001
0.9523769999999999
13.333333
3.0
1.0
13.0
1.0
0.5
1.2181799999999998
0.3181799999999999
0.61111
0.0
12.555556
0.3940882
13.5
0.9523769999999999
0.333333
5.6250032999999995
2.5
0.058820000000000094
1.5
1.0
0.75
0.0
1.07143
1.83333
1.6
1.45833
0.285714
0.264706
1.0
1.5
0.2
0.15151499999999998
0.714286
0.5
7.4
0.481481
1.0
3.2
0.23280499999999998
0.34146299999999996
0.9090909
1.0
0.333333
2.166667
0.333333
2.1666630000000002
0.142857
0.6
0.078432
1.833333
0.0
0.857143
