0.3999999999999999
0.7
5.3
0.380953
0.0
0.5053800000000002
0.295697
1.16667
0.5
8.655172
8.580645
0.0036239999999999606
9.58824
9.0
0.19999999999999996
11.0
0.0
2.735635
1.375
1.2249999999999996
1.2000000000000002
3.2
0.08695999999999993
0.5972200000000001
2.2063509999999997
1.28261
1.238095
0.6666699999999999
3.5
3.0363599999999997
2.8585819999999997
0.13158000000000003
0.04761899999999997
0.571429
0.24074400000000007
2.5238069999999997
1.8571399999999998
1.4523769999999998
1.29464
2.619043
1.0625
0.0
0.19999999999999996
1.2
0.10714000000000001
2.66667
3.238095
4.0
2.0625
0.22222000000000008
1.65
0.428571
0.333333
0.25
0.5
0.416667
1.11429
2.16667
0.22488700000000006
2.8333369999999998
0.5249999999999999
1.28571
0.7000000000000002
0.7000000000000002
0.748668
0.611111
1.163402
1.36364
0.0
0.5
1.5
0.375
3.5
0.0
3.333333
1.0
1.333333
2.61538
0.44444099999999986
3.35
1.833333
0.254902
0.5666700000000001
1.0333329999999998
0.0
4.75
1.0
0.0
1.0
1.083333
0.125
0.21944399999999997
0.20000000000000018
2.8
2.25
0.7
1.6
0.9166629999999999
1.7785710000000001
1.08334
1.3333370000000002
0.06666700000000003
1.3
6.75
0.4712630000000001
0.07142899999999996
0.166667
0.125
36.4
2.66667
0.11111099999999996
6.25
4.79167
0.8288320000000001
5.6
1.5411799999999998
0.6
1.6
0.07407399999999997
0.333333
1.9999999999999998
0.6
0.694444
2.25
0.8697474000000001
64.0
1.00839
64.483871
0.0
0.12856999999999985
7.341463
2.0
3.0
1.57143
6.0
0.6666699999999999
1.117424
1.0
1.0
14.5
3.0
1.0625
0.75
2.33333
2.125
0.90909
0.569231
1.7222259999999998
0.3730154
6.266667
1.185187
1.5
0.90476
0.7
0.333334
1.3571399999999998
0.16666599999999998
0.11765000000000003
0.5
0.72
12.0
0.0
1.75
2.230769
2.0
1.9166667
0.4166629999999999
3.685185
1.833333
1.5
1.0
0.44999999999999996
0.88636
1.5
2.5
2.4655199999999997
0.8452400000000002
0.38888999999999996
0.9
2.166667
1.78571
1.785714
1.708333
2.333333
1.02273
8.0
0.03629799999999994
2.33333
0.9583299999999999
0.0
0.5
1.3218420000000002
1.1551719999999999
4.55
2.900898
3.33333
0.245614
3.13333
0.6666700000000001
1.833333
0.651957
0.416667
0.9907069999999999
0.447828
0.0625
1.741071
0.4285700000000001
1.8690399999999998
3.1428570000000002
0.0
0.2666670000000001
0.10000000000000009
0.8333300000000001
0.0
0.714286
0.17894699999999997
7.428571
1.5
0.6000000000000001
2.33333
0.5
4.25
1.7285714
0.4285714
2.9285714
0.48888899999999996
0.19999999999999996
0.06060599999999994
0.666666
3.1
3.5
0.6
4.66667
0.25
3.0
0.75
1.16667
3.571427
0.142857
0.035714000000000024
0.25
1.285714
0.8571440000000001
1.22222
0.48863599999999996
0.05303100000000005
1.4
5.8
2.5
0.25
0.5
0.201754
0.5
4.133333
0.166667
1.833333
2.0
1.5
0.10000000000000009
0.07118100000000005
1.78571
36.341463
2.198603
3.0
0.20000000000000018
0.515625
1.5
2.63636
5.33333
0.6
0.0
0.333333
0.51894
0.4285699999999999
0.8909100000000001
0.028569999999999984
2.714286
0.4285699999999999
0.8571409999999999
0.4285700000000001
3.25
2.9
0.9999969999999999
3.25
1.095237
0.4772700000000001
0.0
0.6224500000000002
1.61352
0.309527
3.45714
0.476193
1.03571
0.48570999999999986
0.8013349999999999
3.375
0.03570999999999991
7.0
1.149254
0.6000000000000001
0.125
6.25
0.2916700000000001
12.166667
12.166667
0.6666660000000001
0.235294
4.42857
0.571429
0.8794599999999999
1.571663
0.446666
0.9722200000000001
19.714286
2.0
3.5
1.1388900000000002
0.6
0.7777799999999999
0.22222000000000008
8.263158
0.421053
3.5
0.5228709999999999
1.875
0.25
0.17479599999999995
0.05853700000000006
0.9199999999999999
6.21333
1.2795070000000002
1.17143
1.7142799999999998
0.047619999999999996
0.7391300000000001
2.222222
0.3333299999999999
0.25
2.66667
0.344444
0.7999999999999999
1.1
0.0714300000000001
0.4285700000000001
0.4285699999999999
1.36538
0.333333
0.833333
5.833333
1.6666699999999999
1.6190399999999998
0.3333400000000002
1.3333300000000001
0.61765
1.3333370000000002
0.45238100000000003
1.9415559999999998
0.5647059999999999
1.45714
0.34615399999999996
3.06667
0.5333300000000001
12.0
12.827586
2.066667
2.070127
1.67532
1.8383809999999998
1.25
2.5
1.524997
0.5416700000000001
0.041670000000000096
6.944441
4.29167
0.3583299999999998
0.3939400000000002
7.0
12.0
0.5
0.05555600000000005
0.8095270000000001
0.06666700000000003
0.5797100000000002
1.258337
1.63333
0.8888920000000001
2.5625
1.5
0.6000000000000001
0.56
1.0375
63.4
0.34313800000000005
1.073529
1.5
2.25
0.239583
2.7571399999999997
1.5
3.9
1.8333300000000001
0.166667
0.06521699999999997
0.6000000000000001
1.0
12.0
1.0476159999999999
0.6299050000000002
1.33334
0.5675680000000001
2.3333369999999998
9.057143
0.057143000000000055
0.7142900000000001
1.0
2.666667
3.15
0.10714299999999999
1.03571
2.75
0.12142900000000001
1.945059
0.19047600000000003
4.28571
0.17479599999999995
0.366666
2.0
0.25
0.5
2.6666630000000002
0.166667
0.0833299999999999
1.96552
2.4655199999999997
2.0
0.5
1.8333300000000001
0.56667
0.2777799999999999
0.2727299999999999
0.25
1.625
0.71739
1.33929
1.625
0.663043
1.666667
0.666667
2.0
1.0
1.0
6.0
5.666667
2.68571
0.3333300000000001
1.2
0.7619029999999999
3.833333
0.666667
1.2380970000000002
1.0512869999999999
1.666667
0.233333
0.6
3.08333
0.5
1.0
3.247315
0.14559100000000003
0.2752530000000001
0.12744999999999984
0.1666700000000001
0.4523840000000001
13.515625
0.4569930000000001
0.0
1.000003
0.934783
2.73913
0.8333299999999999
0.5
7.33333
7.13333
0.048485
0.41935500000000003
1.342857
0.666667
2.0
12.4
1.1389980000000002
11.92857
0.8214300000000001
0.2987000000000002
11.42857
0.1428600000000002
9.2
0.39999999999999997
0.4166700000000001
0.75
1.5
1.12375
2.75
1.965217
1.5
0.3999999999999999
0.8857140000000001
1.5
0.333333
0.74286
0.833333
1.0555560000000002
0.1444439999999999
0.5227299999999999
13.0
5.0
6.47727
0.06059999999999999
0.022729999999999917
1.666667
0.533334
4.8
4.83871
0.44999999999999996
0.44444399999999995
0.13636000000000004
0.35
0.9313799999999999
0.5625
2.83333
0.97837
0.416667
1.0860250000000002
0.12903200000000004
0.166667
0.21428599999999998
0.5
0.375
0.925
4.04167
4.166663
2.553
0.42500000000000004
1.0
0.833333
0.6666700000000001
1.5
1.1333300000000002
0.6
0.028570999999999958
1.0
1.76471
13.0
11.25
0.7
0.0
0.9722200000000001
1.083333
5.0
13.066667
0.9523769999999999
0.2857099999999999
0.3809600000000002
2.42858
15.0
0.22222000000000008
0.28
2.190473
0.04300999999999999
1.0571399999999997
0.478494
0.660714
0.14285799999999998
2.51429
0.5
0.17142899999999994
1.416667
0.12301600000000001
0.36111099999999996
0.666667
2.15
2.223529
1.4
6.66667
2.6
2.4285699999999997
0.32051600000000013
0.5999999999999996
3.0
3.5999999999999996
1.637097
1.71429
0.333333
1.28571
0.608871
0.25
3.25
2.0
0.5
6.827586
4.827586
0.294253
0.0
2.28205
0.0
13.515625
0.515625
0.1666700000000001
7.0
0.86364
0.16666999999999987
1.5
1.833333
0.86667
1.3333300000000001
0.3333300000000001
1.05
0.19999999999999973
3.4
0.5636359999999999
6.23809
0.5555530000000001
4.33333
2.0
0.49999999999999994
5.56667
5.16667
11.88889
0.0
0.25
0.166667
0.9047630000000001
2.3928599999999998
2.8095299999999996
7.71429
3.668063
24.71429
3.25
1.32143
0.142857
1.71429
4.815924
14.649253999999999
5.5
0.5714300000000001
7.333333
0.458333
0.76471
0.8625
0.4416700000000001
0.7999999999999998
3.7621619999999996
0.0
0.259057
0.5
5.375
1.20833
0.19999999999999996
1.4305599999999998
0.03570999999999991
8.285714
1.75
3.08333
0.525
0.469693
0.7500030000000001
0.1309600000000002
1.05
4.8
1.18462
13.166667
8.33333
1.29474
3.290909
0.10525999999999991
3.16552
1.5
0.0625
0.625
5.0
5.333333
1.25
0.5
1.375
0.73158
8.0
0.266667
0.30000000000000004
0.9560489999999999
0.42857100000000004
0.357143
0.6969699999999999
0.025673999999999975
1.446663
1.6210530000000003
0.53158
2.7619
3.4285699999999997
0.468421
0.5
0.08333299999999999
1.5555599999999998
4.66667
2.215909
4.52778
1.0808
2.27778
0.262605
0.32142899999999996
3.666667
0.0
1.03571
1.0
0.035714000000000024
0.561404
0.06667000000000001
0.9642900000000001
0.678571
0.0
0.285714
0.32352899999999996
13.0
13.58824
3.2
0.06666700000000003
0.24731199999999998
0.266667
2.0
0.25
5.15
7.0
8.66667
4.185185
4.0588239999999995
4.0
2.9
0.08823500000000001
1.3
0.5
1.7156830000000003
0.17320299999999994
6.375
12.25
3.45833
0.2857099999999999
0.969693
0.3999999999999999
0.1499999999999999
0.19292900000000002
0.00909099999999996
0.5052629999999999
1.15
4.6
0.4166700000000001
6.0
6.067797
0.5161290000000001
0.11612899999999998
0.44444399999999995
1.43636
0.5
0.15853700000000004
1.2999999999999998
0.69444
3.45
0.163636
13.0
6.71429
1.341266
0.5745650000000001
1.1666699999999999
1.0666700000000002
1.8333300000000001
4.666667
4.0
1.000003
0.350746
0.5
0.08064499999999997
0.07142899999999996
0.142857
5.33333
1.0397919999999998
0.18462
1.61538
1.5
0.08333299999999999
0.166667
1.499997
0.34343999999999997
2.33333
2.6666630000000002
0.11111000000000004
0.6666700000000001
0.5053800000000002
1.1851850000000002
0.545455
0.0
0.6617599999999999
0.4117599999999999
1.6666699999999999
7.0
0.5
5.0
0.166667
1.5
0.777778
0.17857100000000004
2.0
4.5
0.5333300000000001
3.0
0.711754
0.666666
0.8999999999999999
0.6000000000000001
13.4
7.86364
0.28031000000000006
0.6818150000000001
2.66667
3.068965
3.333333
2.5
9.0
0.07500300000000004
0.4166700000000001
0.166667
3.033333
1.0
0.571429
0.166667
24.0
0.333333
0.42857100000000004
0.0
0.6
0.9000000000000001
1.361108
1.1851850000000002
0.19999999999999996
5.5925899999999995
16.0
17.16667
2.782353
2.4
3.6
0.11206999999999989
1.86207
3.29064
4.666667
1.095237
2.500003
11.96
0.09555600000000009
2.166667
0.7142900000000001
2.71429
0.2857099999999999
0.30740999999999996
0.6666700000000001
0.15870700000000004
0.40908999999999995
1.318182
0.511905
0.26190500000000005
0.07499999999999996
0.966667
0.8
5.3999999999999995
1.425
0.41428599999999993
0.733333
0.15476
0.89286
1.016667
1.15
1.06667
5.0
7.567568
0.5
0.29411999999999994
0.09411999999999998
0.6274529999999999
0.3047599999999999
0.49206399999999995
1.0
0.6507959999999999
0.3333299999999999
0.764706
0.39047299999999996
0.666667
0.23809599999999997
0.666667
3.222222
0.666667
0.22222200000000003
0.5185200000000001
0.30000000000000004
0.257143
0.142857
36.285714
1.0
9.0
2.4761870000000004
0.28333299999999995
0.43716499999999997
0.13636400000000004
0.208333
0.166667
0.13888900000000004
0.666667
6.0
0.44443999999999995
12.0
1.0
1.333333
1.4
5.83871
0.5
0.6612899999999999
0.8010200000000001
0.2857099999999999
0.7272700000000001
2.375
0.19999999999999996
3.333333
6.333333
0.42424300000000004
3.028571
23.0
0.07575699999999996
16.0
0.583333
7.81481
0.38888900000000004
1.97222
34.0
35.75
0.25
0.333333
0.42857100000000004
1.0
0.18518999999999997
0.142857
0.0
0.333334
0.3766189999999999
0.575758
10.0
0.166667
0.6666699999999999
0.328446
0.75
0.047619999999999996
0.1666700000000001
2.025
0.7291700000000001
4.0
5.0
4.90909
2.71429
4.90476
7.3
6.5
7.0
0.10626000000000002
2.87097
0.7
1.16667
7.0
0.0
1.71429
0.235294
0.11111099999999996
3.75
0.10000000000000009
2.72727
1.72222
0.166667
0.07894699999999999
0.63636
0.8333370000000001
0.16666599999999998
0.5925929
0.066666
0.40740300000000007
1.0
0.05736000000000008
0.217391
1.0
0.5874999999999999
0.7
1.085714
0.0
1.154839
1.2181799999999998
3.166667
2.41667
0.08064500000000002
0.31935499999999994
0.5882400000000001
1.133333
0.0
1.666667
1.25455
0.23529
1.3
0.378147
0.73529
0.42857100000000004
4.88889
3.16667
0.34285299999999996
0.4285699999999999
2.0
1.1666699999999999
0.040000000000000036
1.6857099999999998
0.23529
1.41667
0.19047599999999998
1.478571
0.7785710000000001
1.068965
0.3333299999999999
1.0000000000000002
0.9333299999999999
0.6190439999999999
1.3333300000000001
1.28571
1.6666699999999999
0.54545
0.3809600000000002
13.333333
1.66667
17.75
11.33333
4.0
4.5
1.35455
0.45455
0.6666700000000001
0.0
11.48148
0.5665010000000001
13.5
0.819043
0.2
4.958337
2.25
0.23529
1.5
0.666667
0.75
7.0
0.5714300000000001
0.8333299999999999
0.6000000000000001
0.9583299999999999
1.0
0.235294
0.0
1.5
0.2
0.8787849999999999
2.714286
2.5
7.2
5.685185
0.333333
3.2
0.10052899999999998
1.341463
0.36363599999999996
0.0
0.666667
1.833333
0.333333
1.499997
3.1428570000000002
3.6
0.921565
1.166667
3.0
3.238095
