1.7574241012334824
1.7574241012334824
0.4237966656684875
0.13984215205478667
0.7109726071357727
1.2697805518341065
0.4986488664703369
1.2697805518341065
1.1173307299613953
8.673397481441498
8.673397481441498
0.7143764501256943
10.706118404865265
10.706118404865265
0.40245573520660405
0.4398602843284607
0.6753672957420349
0.6820497988796234
3.2802133560180664
3.2802133560180664
0.697769820690155
0.48947565555572514
0.8724874081230163
2.5146817601013183
2.5146817601013183
2.219801425933838
1.719801425933838
2.219801425933838
0.09526632726192474
3.4334317698335646
3.4334317847347258
1.0355226296949387
0.41006669448471067
0.04016315937042236
1.0372654498825074
2.5772296739959715
2.5772296739959715
0.4490066612319946
0.29951363801956177
2.9475509752845763
0.7330566048622131
0.7330566048622131
0.5516583800315857
1.506845474243164
1.5671815825843811
3.6561291813850403
3.6561291813850403
0.6108036637306213
0.7556228488683701
0.6722565293312073
0.4202069044113159
0.4202069044113159
0.6702069044113159
0.09889370203018188
0.6511062979698181
0.09889370203018188
1.3527698884391786
2.836088931007385
0.8973902242355347
2.836088931007385
0.538225531578064
0.6382370591163635
1.8915387511253359
1.8915387511253359
0.45500783827972413
0.5631193967475892
1.9287398549842834
1.4387802138185501
0.20111167430877686
0.20111167430877686
0.20111167430877686
0.20111167430877686
0.20111167430877686
1.6381913423538208
3.606494724750519
1.6381913423538208
1.1381913423538208
3.606494724750519
0.6828138234033585
3.4713302850723267
0.4218274509353638
0.4218274509353638
0.3627354562282562
1.839112862944603
0.6645660400390625
0.6645660400390625
1.737239420413971
0.6645660400390625
1.737239420413971
1.8270761221647263
0.04296112060546875
0.3614587249174118
3.4515315771102903
3.4515315771102903
2.320142760872841
0.3201427608728409
1.820142775774002
1.326131547050476
0.6378764219083786
1.326131547050476
0.07612459307479857
0.05141551846694947
0.24850815534591675
0.7485081553459167
0.41517515534591676
0.5378368943929672
0.23431479930877686
0.7900383621454239
0.24056640863418577
0.23431479930877686
0.7900383621454239
6.4244579672813416
6.4244579672813416
0.9119571282868385
0.2895531222224236
0.23127669990062716
0.23127669990062716
0.23127669990062716
0.639497697353363
0.639497697353363
1.473058904633522
0.8139461129903793
0.06394611299037933
0.5639461129903793
0.9740236950526238
64.67153316736221
1.5656122954916953
64.67153316736221
0.7519305199384689
1.0630502432584763
7.857993736863136
7.857993736863136
0.7914437800645828
2.7175822257995605
2.7175822257995605
2.7175822257995605
1.5481806993484497
0.07681930065155029
1.6731806993484497
15.291407957673073
3.791407957673073
1.6717462539672852
0.861780047416687
0.861780047416687
0.861780047416687
1.8276422619819641
0.5437342906532288
0.17205059456253052
0.17205059456253052
6.31913731098175
0.21820960139799117
1.7446686029434204
1.7446686029434204
1.2177735567092896
0.42426259869766236
1.2177735567092896
0.10515613908004762
0.9779953636169434
0.6787123680114746
0.6787123680114746
0.6787123680114746
0.9607033133506775
2.6509004831314087
0.6184312487182617
2.6509004831314087
0.1666214153711319
0.833375284628868
4.100134372711182
0.10862487310600283
1.7453426718711853
1.7453426718711853
0.7397081136703492
0.46531838178634644
0.757887601852417
3.0433831214904785
3.0433831214904785
2.1072489894104005
1.318971961736679
0.08102803826332092
2.234356641769409
2.234356641769409
0.544653162823677
0.44818550402355195
2.487325072288513
0.2626749277114868
8.737444162368774
0.561134750377655
1.41767676715374
1.41767676715374
0.6888906359672546
0.8463660830688478
0.2422313743143082
0.24223115824747088
0.1650043845176697
3.1507066285181047
4.150706628518105
0.3252375280303955
3.5479894524383546
1.0479894524383544
1.8219171315431595
0.5800453121023178
0.5800453121023178
0.21051844229984285
0.8542550928502083
1.9330499321222305
1.9330499321222305
2.975204788646698
2.975204788646698
0.546637788646698
1.6750627756118774
1.072797177731991
1.072797177731991
3.1362379789352417
0.6636620163917542
0.6909968256950378
0.09099682569503786
0.35562130878353115
1.7841923087835312
1.2470672488212586
1.2587181776762009
0.7587181776762009
1.2587181776762009
0.12796294386520385
0.12796294386520385
0.127963033272171
0.08150666970157623
0.4044580936431885
0.3933140193862915
0.5599800193862915
3.6054112315177917
3.6054112315177917
0.6563901305198669
1.039742672996521
0.6563901305198669
2.637968957424164
0.6379689574241638
2.637968957424164
0.5361626895599365
0.5361626895599365
0.687559366689682
1.2099938541650772
0.687559366689682
0.687559366689682
1.9177226984214784
0.5549950878248214
0.5549950878248214
2.261931249499321
0.661931249499321
2.728267192840576
1.2282671928405762
2.728267192840576
0.4913655226869583
2.3305977135896683
0.6117381131095886
0.2446843385696411
2.330597624182701
2.1791154742240906
0.6797313094139099
2.1791154742240906
0.23528730941390996
1.0478369067096711
0.45855267304134373
0.45855267304134373
3.6884968876838684
3.6884968876838684
0.6391412019729614
0.6391412019729614
1.0578280538320541
6.904592677950859
1.0578280538320541
1.0578280538320541
1.0578280538320541
0.388188195941925
1.7053196430206299
0.0946803569793701
1.30531964302063
0.21189430309677126
1.4976103030967713
0.32285830448055264
0.8942893044805527
3.4987568259239197
3.4987568259239197
1.0062517171669005
1.4865662157535553
1.2767925090265273
1.4865662157535553
0.8059413880109787
0.3727173322248459
0.37271734712600707
0.8462759302711487
0.8462759302711487
0.8462759302711487
0.9475813736534118
0.9475813736534118
0.9475813736534118
3.9810810685157776
0.9475813736534118
0.6731969118118286
1.6731969118118286
0.6731969118118286
0.6360361725091934
1.4761493802070618
0.47614938020706177
12.767827823758125
12.767827823758125
1.3788465988492966
0.49988333812332153
1.2822575294303895
0.13939852943038938
0.9965375294303893
0.3089634197397232
0.3089634197397232
1.921077843875885
19.512320935726166
0.7513415515422821
3.6614426374435425
1.921077843875885
0.7513415515422821
1.9210777842712403
1.9210777842712403
0.564700105301857
0.7411876320838928
0.7411876320838928
0.716821819724083
2.036756455898285
0.4117564558982849
0.3537142570610047
0.3537142570610047
0.08289684236049655
0.9228968423604966
1.447484410800934
1.304624410800934
1.304624410800934
1.447484410800934
0.7850555926561356
0.6116785708694458
1.0698468929100036
0.7850555926561356
1.0698468929100036
0.2128122091293335
0.8871877908706665
0.5871877908706665
0.21555633866119384
0.21555633866119384
0.21555633866119384
1.1833754222345352
0.17529062872695922
0.17529062872695922
0.17529062872695922
2.1048020219373704
1.4381420219373704
1.4381420219373704
2.1048020219373704
0.3335103541612625
0.1668433541612625
0.523270517124176
0.523270517124176
0.09478245973587035
2.1769246816635133
0.3511606200180054
2.1769246816635133
0.9036138499212265
12.71634155511856
12.71634155511856
0.2702768499212265
2.4251415658187865
2.5160515658187865
2.4251415658187865
0.3129497170448303
2.3129497170448303
1.6528449302482604
1.6528449302482604
1.6528449302482604
7.603096479730606
5.640877068042755
1.6528449302482604
1.5530999654960633
0.7524419277906418
0.7524419277906418
0.7524419277906418
0.7524419277906418
1.4264304542970658
0.29380050897598264
1.4264304542970658
0.09587414616775514
0.12096505165100097
0.5332326892642975
2.602630615234375
2.602630615234375
1.2066290140151978
1.2066290140151978
1.2066290140151978
1.2066290140151978
0.5240061184606553
0.5240061184606553
3.4197919368743896
3.4197919368743896
0.0036244983034133815
0.11594488620758056
0.11594488620758056
0.11594488620758056
0.2504034638404846
0.2504034638404846
0.2504034638404846
0.9902366071939468
0.8148319572210312
0.8148319572210312
0.10054595722103121
0.3144833651924133
2.3277402276229857
0.31640935357284544
2.3277402276229857
0.5527705279655456
0.5527705279655456
1.9145924523472786
1.4145924523472786
2.9432813227176666
0.06196779012680054
0.06196779012680054
0.06196779012680054
0.06196779012680054
0.3951823830604553
2.457000739374161
0.4686345490150452
2.457000739374161
0.6608264589862823
0.6608264589862823
1.9751583337783813
0.22515833377838135
1.7251583337783813
0.3803946530265808
0.3803946530265808
0.9492377042770386
0.8407219891357423
0.8407219891357423
0.038014888763427734
0.038014888763427734
0.22098815441131592
0.22098815441131592
2.220988154411316
0.7318554520606995
0.7318554520606995
0.7318554520606995
0.9438526026153564
2.1693724989891052
2.1693724989891052
0.6395056026153565
1.689434826374054
0.02276776676940917
2.8150407522916794
2.8150407522916794
2.8150407522916794
2.8150407522916794
0.10369725579452516
0.30875722169876096
1.70365971326828
1.70365971326828
0.3150972282333374
0.3150972282333374
0.67176753282547
0.1354480082349777
0.1354480082349777
0.1354480082349777
0.16767054200172427
0.16767054200172427
4.325680360198021
0.32568036019802094
1.325680360198021
3.381028329772949
0.6435711683645249
0.6435711683645249
1.050801282567978
1.050801282567978
1.050801282567978
13.745214939117432
1.050801282567978
0.22722734564971925
0.22722734564971925
0.258133989326477
0.04621301067352296
0.0707012414932251
0.5171101689338684
9.109929511504173
9.109929511504173
0.6055780272340775
0.7023134231567383
1.7023134231567383
0.7023134231567383
9.681869864463806
0.40069507658481596
1.3694233917522431
1.3694233917522431
1.397979604535103
1.397979604535103
1.397979604535103
1.397979604535103
0.6131821006536484
0.41318210065364835
0.4119214415550232
0.4119214415550232
0.4119214415550232
0.10928604972839356
2.696748197078705
0.06462695027160642
2.696748197078705
1.2200691938400268
1.420069193840027
0.8161505609750748
0.4828175609750748
0.08765544891357424
0.4652773445291519
0.6628210537376403
0.6628210537376403
0.9642517638015746
13.659659087657928
6.504858434200287
0.9642517638015746
0.9642517638015746
0.9642517638015746
0.011225208099365225
0.011225208099365225
5.725878059864044
5.725878059864044
1.1279955625534057
0.09016907215118408
0.5402581691741943
0.20974183082580566
1.7305338138771056
0.1331923007965088
1.7305338138771056
0.10194230079650879
0.13984532708358766
0.36251943315982815
0.36251943315982815
0.13984532708358766
0.10190963745117188
0.10190963745117188
1.469342201948166
1.469342201948166
1.469342201948166
4.0543825274276735
3.3684357772254945
1.4693421423435211
1.4268993213772774
1.4268991649150848
0.7086253762245178
2.166580617427826
2.2333115285205842
0.22895207405090334
0.22895207405090334
2.8818589001893997
2.8818589001893997
13.612041711807251
13.612041711807251
1.4882322549819946
0.7793348282575607
0.8525774478912354
0.8525774478912354
8.65304446220398
13.311145082116127
1.0183796515083312
1.0183796515083312
1.0183796515083312
1.0183796515083312
3.664581060409546
0.6645810604095459
0.32918609732818604
2.5205309344673155
0.44229515309524536
2.5205309344673155
0.37777915309524535
0.5194378648862839
0.23372286488628385
1.0908618648862838
0.6635794639587402
0.06357946395874026
1.71036297082901
0.3861113043441773
0.38611136394882206
0.026181236450195322
2.1375683188438415
2.1375683188438415
2.1375683188438415
7.609548985958099
2.1375683188438415
3.711049199104309
0.5671854869880676
4.2281682848930355
0.7419779896736145
4.2281682848930355
0.3161671768455505
2.043859519562721
0.19475698471069336
2.043859519562721
0.21939317684555049
2.518161401152611
0.5181614011526108
3.268161401152611
0.12452524900436401
0.05144951227760314
0.05144951227760314
0.05144951227760314
0.2135277459578514
3.5468647459578513
0.5394423007965088
0.3807608634233475
0.38076087832450867
0.5394421219825745
0.6946614980697632
1.6946614980697632
2.1407660841941833
2.1407660841941833
2.1407660841941833
3.0111391788291932
3.0111391788291932
2.1407660841941833
1.613974067568779
2.213974067568779
0.41397406756877897
0.44151021734619145
7.087846646265984
0.9387845360946656
7.087846646265984
0.6532543301582336
0.7028349332752227
5.299165403289795
5.299165403289795
0.8695009332752228
0.29847589135169983
1.0484758913516998
0.7285598516464233
0.39522685164642335
3.9606295125341413
3.9606295125341413
4.1034795125341414
4.1034795125341414
28.653086066246033
0.4313536286354065
0.06864625215530396
0.681353747844696
0.5983797907829285
0.7839252593002319
0.7839252593002319
7.119632959365845
0.7595408283996583
7.119632959365845
0.27842421883773805
1.6187803149223328
0.8187803149223327
0.8119101727437974
4.371703615784645
4.371703615784645
0.6484206914901733
0.7285731727437973
0.6276623606681824
0.9386632591485977
0.06133674085140228
0.8060131072998047
0.8041865229606628
0.9291865229606628
8.511912405490875
1.9015396237373352
0.9291865229606628
0.8041865229606628
0.35733975524139405
1.0273515338134767
1.0273515338134767
0.08123611211776732
0.08123611211776732
0.08123611211776732
0.5590908372955322
0.7257578372955322
0.7979526970481872
3.8693878173828127
0.7979526970481872
3.8693878173828127
0.2648196965456009
0.1398196965456009
0.7528204917907715
5.621009886264801
5.621600091457367
1.3778204917907715
1.3778204917907715
0.7528204917907715
0.2030868172645569
0.6527734994888306
0.2030868172645569
0.30137963294982906
0.19986969163036344
0.34272769163036343
0.08584430836963652
1.8007116561698913
0.513744189535141
1.8007116561698913
0.408480189535141
0.45747204720973966
4.082946208782196
4.082946208782196
0.5858589229545593
0.6515293121337891
0.09847068786621094
2.443274996933937
7.335464095516205
3.012093037366867
5.4380053877830505
2.443274996933937
2.665494996933937
0.529062538643837
0.529062538643837
0.061005130950927744
0.6056618690490723
0.008547797799110413
0.008547797799110413
0.008547797799110413
0.02626047974395751
1.3595974797439576
0.280722439289093
0.7850178182125092
0.7850178182125092
0.7850178182125092
0.8299556225538254
14.544783294200897
14.544783294200897
0.8299556225538254
0.15014769082832335
0.15014769082832335
0.15014769082832335
0.4510056972503662
0.9195055514574051
7.5022765547037125
7.5022765547037125
9.662542045116425
4.605945587158203
4.605945587158203
4.605945527553558
0.19645607471466064
0.19645589590072632
0.19645589590072632
0.19645589590072632
0.4360898662061691
0.4360898662061691
0.39299581944942474
0.5179958194494247
0.14299581944942474
0.8190110325813293
0.41861085647773744
2.289672112464905
2.289672112464905
0.5553278838806153
0.46441888388061525
1.0604975461959838
1.0604975461959838
1.0604975461959838
1.3743420243263245
6.714500427246094
6.815878733992577
0.1813366581878662
0.1813366581878662
0.6233686804771423
0.17663131952285765
0.6233686804771423
0.2739953398704529
0.9255235314369201
0.08503737999343872
0.9255235314369201
0.32103049755096436
0.3239072561264038
0.31715476512908936
0.3171548843383789
0.3293512463569641
0.39098073596191407
0.27568626403808594
0.39098073596191407
0.3330879807472229
0.3330879807472229
0.27568626403808594
0.23686832189559937
0.23686832189559937
0.23686832189559937
0.2526587995223999
0.2526587995223999
0.6318913102149963
0.07647133523845673
0.07647133523845673
0.07647133523845673
0.12133073806762695
0.12617102211284636
0.4595050221128464
0.12617102211284636
0.12915310299682617
0.39580230468940736
0.39580230468940736
0.12915310299682617
1.3031648749542237
1.3031648749542237
1.6880516409873962
0.6880516409873962
0.6880516409873962
0.4313159429130554
0.4313159429130554
0.1924345338897705
1.2166601067352294
0.061588361859321594
1.2166601067352294
0.4273937717080116
0.35940928757190704
0.54986572265625
0.35940928757190704
0.35940928757190704
0.3179869055747986
0.3982194662094116
0.3179869055747986
0.391343891620636
0.31612294912338257
1.3859685868024827
1.3859685868024827
1.3859685868024827
0.17808207231369017
0.17808207231369017
0.17808207231369017
3.7888800501823425
3.7888800501823425
1.5639965534210205
1.5639965534210205
1.5639965534210205
0.2927575504226685
0.5499579906463623
0.5499579906463623
0.2927575504226685
0.5474242568016052
0.5474241971969604
0.5474241971969604
0.5474242568016052
0.4424538016319275
0.8778389617800713
0.8778389617800713
0.8778389617800713
0.2941182255744934
0.27111759781837463
0.4781556725502014
0.4781556725502014
0.09020403470363617
0.5626764893531799
0.5626764893531799
2.63744455575943
2.63744455575943
0.36255544424057007
0.1911658266851425
0.1911658266851425
0.1911658266851425
0.10902881568241118
0.10902881568241118
0.4423628156824112
0.45502341747283936
0.45502341747283936
0.3247165083885193
0.08887146366977694
0.08887146366977694
0.08887146366977694
0.22018542885780334
0.17807622110290527
0.5456897062454223
0.5456897062454223
0.36340129375457764
0.14824254833984374
0.14824254833984374
0.12261657714843749
0.12261657714843749
0.12261657714843749
0.07665989995002748
0.9307376861572265
0.9307376861572265
0.9307376861572265
0.43426549434661865
0.33473920822143555
0.30882173776626587
0.33473920822143555
0.44319021701812744
0.2657720446586609
0.2657720446586609
0.44319021701812744
0.4406645894050598
0.4406645894050598
0.4406645894050598
0.46779932104873656
0.3417246789512634
0.5705366730690002
0.46779932104873656
0.06524543410110473
0.3501488229408264
0.06524543410110473
0.02187235707473756
0.02187235707473756
0.02187235707473756
0.013533800239562965
0.6756632924079895
0.01353374063491819
0.6756632328033447
0.5972757339477539
0.0673136564426422
0.0673136564426422
0.0673136564426422
0.35771554708480835
0.35771554708480835
0.03356276149883271
0.05681290472106934
0.24805767834186554
0.20080459117889404
0.20080459117889404
0.20080459117889404
0.11683809757232666
0.1276229465560913
2.7912672013044357
0.008818551357269278
2.7912672013044357
0.0775776028169632
0.0775776028169632
0.0775776028169632
0.060064279891967776
0.030838310718536377
0.060064279891967776
0.03550344705581665
0.003046541942596459
0.003046541942596459
0.33289098739624023
0.003046541942596459
0.5168365990562439
0.5168365990562439
0.5168366884632111
0.28142730442352293
1.5997039675712585
0.30319847878112793
1.5997039675712585
0.21943308413028717
0.7323565186872483
0.49574163592147824
0.6357460767030716
26.580151617527008
26.580151617527008
0.7512327879667282
0.7512327879667282
0.7512327879667282
0.7512327879667282
0.27297842502593994
0.27297842502593994
0.27297842502593994
0.06636251455116271
0.16724672275390623
0.16724672275390623
0.0798272043466568
0.34545397758483887
0.0798272043466568
0.16724672275390623
0.7353160083293915
0.7523053735494614
0.7523053735494614
1.0418642163276672
0.7523053735494614
0.6445254683494568
0.3664180636405945
0.36641812324523926
0.23170055449008942
0.36641812324523926
0.23170055449008942
0.23170055449008942
0.23170055449008942
0.19156779438781738
0.19156779438781738
0.07715004682540894
0.4702547788619995
0.7500505894422531
0.7500505894422531
0.7500505894422531
0.7500505894422531
0.24186773598194122
0.27697592973709106
0.34023815393447876
0.27697592973709106
0.29870206117630005
0.42092472314834595
0.29870206117630005
0.29870206117630005
0.0532048637228012
0.326569139957428
0.1624111533164978
0.326569139957428
0.0013292882471084566
0.3318517208099365
0.09342459054756164
0.027781890735530848
0.6437312960624695
0.2791019529104233
0.23617938756942747
0.23617938756942747
0.13212913274765015
0.23617938756942747
0.03617938756942751
0.7056722640991211
0.7056722640991211
0.1764339982404709
0.1764339982404709
0.3673028349876404
0.3673028349876404
0.3673028349876404
0.3673028349876404
0.3359670042991638
0.8164979872179032
1.5149798959493637
0.8164979872179032
0.8164979872179032
0.26532816886901855
0.3126877546310425
0.3126877546310425
0.2739788293838501
0.3153994679450989
0.7236624956130981
0.7236624956130981
0.7236624956130981
0.04419538676738738
0.01997794332027436
0.3204356130332947
0.4549446702003479
0.024474740028381348
0.024474740028381348
0.8017924278974533
0.4205938285036087
0.4205938285036087
0.4205938285036087
0.4205938285036087
1.672196388244629
1.672196388244629
1.672196388244629
1.672196388244629
0.0885219270544052
0.3655460035247803
0.3142954111099243
0.2631189823150635
0.3142954111099243
0.36296331882476807
0.36296331882476807
1.0992624662446975
1.0992624662446975
1.4098073971128464
1.0992624662446975
0.32447957175397873
0.2356364273033142
0.16626226902008057
0.11409184282588958
0.11409184282588958
0.06396691644744873
0.2449255883693695
0.7929285019636154
0.7929285019636154
0.7929285019636154
0.792928472161293
0.28692346811294556
0.2089206576347351
0.2869235873222351
0.6981194615364075
0.2089206576347351
0.2869235873222351
0.2089206576347351
0.2869235873222351
0.13707619905471802
0.23251451551914215
0.04941413648796081
0.7228413224220276
0.7228413224220276
0.13562650382518768
0.15918473821258544
0.6209896802902222
0.6209896802902222
0.15918473821258544
0.5302727818489075
0.0831042911371231
0.05935598909854889
0.41105014085769653
0.05725653523635865
0.09083364849853515
0.09083364849853515
0.5889498591423035
0.5889498591423035
0.08541315739917754
0.09083364849853515
0.7034203410148621
0.7034203410148621
