1.8051118403673172
1.7704954594373703
0.41284916996955867
0.07957853322792052
0.7923365086317062
1.2803138548564912
0.49519424086380004
1.2806727046203614
1.1406510174274445
8.674240201711655
8.674240201711655
0.6289676582260132
10.699764430522919
10.680247217416763
0.4657640933990479
-0.46633100509643555
0.6298352777957916
0.7338881968593597
3.281788319349289
3.2140302658081055
0.6628040671348572
0.4650064289569855
0.887836885652542
2.5016023254680633
2.451604042081833
2.275438606739044
1.7808024138212204
2.2839287370443344
-0.15856066346168518
3.4181665285682676
3.4367433591938017
1.040136565642357
0.38883543060874937
-0.045439839363098145
1.038823977232933
2.5589455617809294
2.5589455617809294
0.47903563028144835
0.30447959899902344
2.9412513901805877
0.7201744318008423
0.7201744318008423
0.45380427241325383
1.540474146604538
1.5619386090183258
3.722569912672043
3.7345975041389465
0.8257053643465042
0.7707147151231766
0.7673879861831665
0.4807230532169342
0.40883713960647583
0.7307230532169342
-0.06616747379302979
0.6401885151863098
-0.06616747379302979
1.3729077051067353
2.832744454784393
0.9342503363363743
2.8371859842967986
0.5376245677471161
0.6934585273265839
1.9003407478332521
1.9003407478332521
0.46868042853546144
0.5873784871711731
1.9045431743490695
1.5207086309051514
0.27220574021339417
0.27220574021339417
0.25004151463508606
0.27220574021339417
0.27220574021339417
1.590427190065384
3.615918844938278
1.590427190065384
1.090427190065384
3.6296642422676086
0.6073011310710907
3.477685034275055
0.3974145805282593
0.3974145805282593
0.39035302996635435
1.8087621927261353
0.6863425672054291
0.5887434184551239
1.751992404460907
0.6538280546665192
1.751992404460907
1.8234801590442657
0.09997349977493286
0.2688853653087616
3.5018646001815794
3.4811400949954985
2.206455409526825
0.20645540952682495
1.7064553499221802
1.3034100478458404
0.5437593616046905
1.2905704623031615
0.08949570303726195
-0.029018596355438242
0.3642407953739166
0.7747503072023392
0.4414173072023392
0.5251904428005219
0.20625847578048706
0.7777058482170105
0.23996294140815733
0.20625847578048706
0.752949982881546
6.426661252975464
6.444866925477982
0.8782415486280918
0.27925952672958376
0.2695173561573029
0.3294654428958893
0.3101480543613434
0.6438368260860443
0.6438368260860443
1.4751550658798218
0.8091137260198593
0.059113726019859314
0.5591137260198593
0.936344674737215
64.68704587221146
1.5889325494301318
64.6785332262516
0.7562482953071594
1.0801743894815445
7.854112267494202
7.8751174956560135
0.7928302735090256
2.7640695571899414
2.7640695571899414
2.7640695571899414
1.4773147404193878
-0.14768525958061218
1.6023147404193878
15.279769539833069
3.7755266427993774
1.7305591702461243
0.8107472509145737
0.8107472509145737
0.8107472509145737
1.8281801640987396
0.45522461181259155
0.0892964296283722
0.09657379912757874
6.366923442482948
0.16512747054862975
1.7033063769340515
1.7033063769340515
1.1803069412708282
0.3671221589488983
1.187538892030716
-0.0944745397014618
0.9468157865047455
0.6872606575489044
0.6872606575489044
0.687260627746582
0.9395948946475983
2.724194973707199
0.5667530084190369
2.701214998960495
-0.1525511429254532
0.8474455570745467
4.12675204873085
0.11043518537712099
1.7107746005058289
1.7411612570285797
0.78520702496171
0.47023317217826843
0.8054506629705429
3.073559671640396
3.0788658559322357
2.1038488722515107
1.3347965478897095
-0.11185097098350524
2.2007604837417603
2.2007604837417603
0.5381872658596039
0.4330690508527756
2.484792172908783
-0.26520782709121704
8.759258359670639
0.5688533432598114
1.4193519109916688
1.4415277892780305
0.6639856100082397
0.8613440448474885
0.30018312641072276
0.2585838788061142
0.18444885015487672
3.1814090555477144
4.181409055547714
0.35525487417411805
3.5417712574768068
1.0417712574768065
1.8097688257694244
0.5805054785864353
0.5693696471111774
0.20330195894527436
0.8250508360176086
1.93557208776474
1.9600866734981537
3.0072533716773986
3.0072533716773986
0.5786863716773987
1.705300360918045
1.1173977203667165
1.135821307450533
3.1056134700775146
0.6659790277481079
0.7157839834690094
0.11578398346900942
0.3889107860126495
1.8174817860126495
1.259433662891388
1.2312243282794952
0.7312243282794952
1.2312243282794952
-0.023277011467361455
-0.023277011467361455
-0.023276981665039068
-0.02393417078399658
0.42794029712677006
0.4214555775566101
0.5605084145622253
3.6762501895427704
3.695965975522995
0.7242746949195862
1.0707780068683623
0.7164141833782196
2.6397936642169952
0.6397936642169952
2.6397936642169952
0.5649959000282287
0.5649959000282287
0.7138596368000507
1.2149745263159275
0.7138596368000507
0.7138596368000507
1.9408042096805573
0.5208351890668869
0.5740022714362144
2.2858583122491836
0.6858583122491837
2.7004482448101044
1.2004482448101044
2.7004482448101044
0.4292634730978012
2.3264780193567276
0.5882886027736663
0.26329487562179565
2.3530356734991074
2.190722733736038
0.750480443239212
2.1856138706207275
0.284891367679596
1.0758677045488358
0.4651585664148331
0.4651585664148331
3.6783715784549713
3.6783715784549713
0.7895736992359161
0.7895736992359161
1.042519737035036
6.880197614431381
1.042519737035036
1.0191405452787876
1.042519737035036
0.40692485642242426
1.7053452730178833
-0.09465472698211669
1.3053452730178834
0.21546614123725893
1.501182141237259
0.37141613731765744
0.925576378569603
3.511745810508728
3.5452581346035004
0.9796118682193755
1.4667852222919464
1.1810190803480147
1.4667852222919464
0.7456691563129425
0.3865545542347431
0.3989873678791523
0.8401810275173187
0.8401810275173187
0.8569443570232391
0.9266650011157989
0.9324044515705108
0.9324044515705108
3.971768796443939
0.9260821868991851
0.7113949358463287
1.7113949358463287
0.7113949358463287
0.6760227382183075
1.5056062787771225
0.5056062787771225
12.806784644722939
12.847539633512497
1.3827409875249863
0.5081002258358002
1.2817869507598878
0.13892795075988768
1.0022468497371673
0.3459540958149433
0.3451388085825443
1.9335767292690278
19.506455838680267
0.7174648940563202
3.668358862400055
1.9360496067714692
0.7174648940563202
1.933576669664383
1.933576669664383
0.573650830499649
0.7625099718570709
0.6304003000259399
0.6802552493228913
2.081063538789749
0.45606353878974915
0.38188588577461247
0.38188588577461247
0.07267130792140963
0.9409710121154786
1.4377693901443482
1.291854234867096
1.2949119531440736
1.4377693901443482
0.8112703859806061
0.583053946855545
1.058480018930435
0.8112703859806061
1.0836141502428054
-0.17889272570610046
0.9211072742938995
0.6211072742938996
-0.19476734124946593
-0.19476734124946593
-0.19476734124946593
1.1924925188970565
-0.15947781449127196
-0.15947781449127196
-0.16175617223548888
2.0262293165493013
1.3595691973400117
1.3595691973400117
2.0262293165493013
0.3317062705755234
0.16503927057552337
0.4971691067352295
0.4971691067352295
-0.10466511845588683
2.1850052535533906
0.32500625090217594
2.1850052535533906
0.9360225940179825
12.753012120723724
12.76317384839058
0.29798892682361605
2.450541548748016
2.5414515487480163
2.450541548748016
0.31913110613822937
2.3191311061382294
1.7469851916599273
1.7469851916599273
1.708057576971054
7.641165817337036
5.688271790742874
1.7085579579639434
1.5529271865320207
0.7757848799228668
0.7757848799228668
0.7757848799228668
0.7757848799228668
1.4504242444467546
0.28185409903526304
1.4504242593479157
-0.09812258238029481
-0.13136674761772155
0.4820230606822967
2.6197062730789185
2.582120358943939
1.224468594789505
1.2168563067913056
1.224468594789505
1.224468594789505
0.5465587726078034
0.5465587726078034
3.5207132697105408
3.5207132697105408
-0.047028287704467764
-0.10203351974487304
-0.10203351974487304
-0.10203351974487304
0.21490123867988586
0.2341187298297882
0.21490123867988586
1.0186706155538559
0.788454532623291
0.788454532623291
0.07416853262329104
0.28257471896648406
2.3252533728313445
0.3303935122079849
2.3193630034160613
0.5778676298923492
0.5778676298923492
1.8877137899398804
1.3877137899398804
2.906366288661957
-0.058085113763809204
-0.058085113763809204
-0.058085113763809204
-0.058085113763809204
0.3664389371871948
2.4583023558044435
0.4675812157325745
2.460938609638214
0.6589250112133026
0.6589250112133026
1.9783374667167664
0.2252223789691925
1.7252223789691925
0.39582826251220704
0.39582826251220704
0.9788177013397217
0.8678575252103806
0.8678575252103806
0.06393226981163025
0.06393226981163025
0.2473607361316681
0.2473607361316681
2.247360736131668
0.7353461384773254
0.7353461384773254
0.7353461384773254
0.9571668795490265
2.2184114158153534
2.2139505445957184
0.6582657771282197
1.7233205139636993
0.056653454359054556
2.7581824958324432
2.7581824958324432
2.7581824958324432
2.7581824958324432
-0.04962708110046388
0.34084624648094175
1.7480051517486572
1.788002848625183
0.39287428611946107
0.39287428611946107
0.6320302188396454
0.12739522701072692
0.12739522701072692
0.12739522701072692
0.15762644410133364
0.15762644410133364
4.2971032708883286
0.29710327088832855
1.2971032708883286
3.3495389277172087
0.6621607841863633
0.6571933777942658
1.039063846511841
1.0551744753551484
1.039063846511841
13.685822457075119
1.039063846511841
0.26440914029312135
0.28169952387046815
0.2781368610782623
-0.019955614929199228
0.10188564658164978
0.5425743162631989
9.178293863492012
9.178644502716065
0.5764884422874451
0.7045499086380005
1.7045499086380005
0.7045499086380005
9.67707309126854
0.4059146553277969
1.4189961873817445
1.4189961873817445
1.417345049314499
1.417345049314499
1.417345049314499
1.417345049314499
0.6177843093872071
0.417784309387207
0.4317050278186798
0.4317050278186798
0.4317050278186798
-0.07909629714965821
2.6767411828041077
0.08895196343231199
2.6767411828041077
1.2232546001672744
1.4232546001672746
0.8629858493804932
0.5296528493804932
0.1194570600986481
0.4492583727283478
0.7420825951042175
0.702165185684204
0.984501547794342
13.679400146007538
6.518172860145569
0.984501547794342
0.9600631069946288
0.984501547794342
-0.006875172798156748
-0.006875172798156748
5.7405924797058105
5.756227374076843
1.1446066915988922
0.13796693086624146
0.5762474834918976
-0.17375251650810242
1.7620633000564574
0.14128777384757996
1.7622568065357207
0.09562191367149353
0.15780492181015016
0.40115997697830197
0.42100853230476376
0.13859076852035523
0.1072821319103241
0.1072821319103241
1.4968751817941666
1.4951092451810837
1.4943256229162216
4.075676376180649
3.4415832827472688
1.4970737844705582
1.452720034867525
1.4527201540768147
0.7641986310482025
2.1224841475486755
2.2158735489416124
0.21718842685222628
0.2659509122371674
2.906401738524437
2.8765891194343567
13.600226551294327
13.636629283428192
1.4946929328143597
0.7669358849525452
0.8398666679859161
0.8557218313217163
8.684029459953308
13.28880849480629
1.060884096226692
1.0602354933834075
1.060884096226692
1.060884096226692
3.734990805387497
0.734990805387497
0.3574454938812256
2.5731765879535673
0.44487850780677796
2.5732853068256376
0.3561217458114624
0.5527513031826019
0.2670363031826019
1.1241753031826018
0.6418151557445526
0.041815155744552635
1.7291861474514008
0.44037626701736454
0.42372743803405766
-0.05076716894340516
2.1982896268367766
2.1864857912063598
2.190515527129173
7.657578259706497
2.1982896268367766
3.771856337785721
0.6259197698392868
4.245950824022293
0.816760927438736
4.245950824022293
0.31282323706436155
2.014796846113205
0.18532401323318481
2.012001626691818
0.2043169568099975
2.5455988496541977
0.5455988496541977
3.2955988496541977
0.18527114391326904
-0.06057101968383788
-0.06187345567798613
-0.06187345567798613
0.21087354367542266
3.5442105436754225
0.5116668045520782
0.4514038749039173
0.45140383020043373
0.5116668045520782
0.717604249715805
1.717604249715805
2.1721356213092804
2.176681876182556
2.1721356213092804
3.0285507386493684
3.0285507386493684
2.1721356213092804
1.6028284311294556
2.2028284311294555
0.40282843112945554
0.46467334226512913
7.060163403110504
0.9274542295646668
7.06898611243248
0.6476501524448395
0.6731784336509704
5.348057215852737
5.34973639790535
0.8657196295118332
0.280534490942955
1.030534490942955
0.7635464370250702
0.4302134370250702
3.8960800664281843
3.90435970293045
4.038930066428184
4.038930066428184
28.675553411245346
0.40833544731140137
-0.09166458249092102
0.658335417509079
0.609770804643631
0.7664150686941147
0.7917440438649654
7.189467161893845
0.7808810197639466
7.138836055994034
0.33220125788879395
1.6194584667682648
0.8194584667682647
0.8195691907835008
4.369784539937973
4.3462579309940335
0.6013237535953522
0.7362321907835007
0.6321974098682404
0.9345388859510422
-0.06546111404895782
0.8185254037380219
0.7809032201766968
0.9059032201766968
8.560618251562119
1.876944124698639
0.9059032201766968
0.7809032201766968
0.38785223716926576
1.0917614454460145
1.0917614454460145
-0.07300995588302611
-0.06747882366180419
-0.10372396111488341
0.5546033227996826
0.7212703227996826
0.795486376056671
3.875399512052536
0.8137216720676421
3.861262780427933
0.28292611241340637
0.15792611241340637
0.7444459795951843
5.642815083265305
5.624855667352676
1.3721557557582855
1.3721557557582855
0.7471557557582855
0.15913324952125552
0.6747882664203644
0.24341150522232058
0.3185090839862823
0.15902231564140318
0.30188031564140316
-0.1266916843585968
1.7360908782052993
0.46331308702087404
1.7284316813516616
0.358049087020874
0.4552815020084381
4.155447123117447
4.168909428186416
0.5586283919773102
0.6790100932121277
-0.07098990678787231
2.5054393967068194
7.3238626176548
3.0495035499334335
5.420859128236771
2.5054393967068194
2.7276593967068195
0.5455300950012207
0.5727374397716523
-0.02589084262084962
0.6407761573791504
-0.03735300898551941
-0.03735300898551941
-0.03735300898551941
0.027776166255950918
1.361113166255951
0.2965918481349945
0.7669263929128647
0.7669263929128647
0.7669263929128647
0.7944386601448059
14.582208156585693
14.582208156585693
0.7884011119604111
0.13964600806999206
0.13964600806999206
0.13964600806999206
0.4976326823234558
0.9219654649496078
7.449342846870422
7.449342846870422
9.63500726222992
4.651121944189072
4.651121944189072
4.650141477584839
0.17094403505325317
0.17094403505325317
0.17094403505325317
0.17094403505325317
0.38106163625431055
0.38106163625431055
0.328111857175827
0.453111857175827
0.07811185717582703
0.8581485450267792
0.3708308493537903
2.3090507447719575
2.3090507447719575
0.5228567635231018
0.3776650088634491
1.050914192199707
1.050914192199707
1.050914192199707
1.364345908164978
6.654984682798386
6.7916119992733
0.18315427202796936
0.18315427202796936
0.6395500898361206
-0.16044991016387938
0.6395500898361206
-0.27681732177734375
0.9248577773571014
-0.04140239907646179
0.9257363200187683
-0.2584676444530487
-0.3028460741043091
-0.31343039870262146
-0.3087244927883148
-0.2638830840587616
0.4141595518035889
-0.25250744819641113
0.4141595518035889
-0.29933395981788635
-0.29933395981788635
-0.25250744819641113
0.2779459208250046
0.2779459208250046
0.2779459208250046
-0.24127461039352416
-0.24127461039352416
0.6193230152130127
0.050656161254882814
0.06873562092208862
0.050656161254882814
0.14936015009880066
0.1305884564476013
0.46392245644760133
0.1305884564476013
-0.11456218397903442
0.4024157380504608
0.3969764267845154
-0.11456218397903442
1.3276893848609925
1.3276893848609925
1.7397979497909546
0.7397979497909546
0.7397979497909546
0.44372774592018127
0.44372774592018127
-0.16642816310691833
1.1954347139167785
0.03246478736400604
1.1954347139167785
0.44140393659472466
0.36866113543510437
0.5860689580440521
0.36866113543510437
0.36866113543510437
-0.33534201979637146
-0.39109545946121216
-0.33534201979637146
-0.385757178068161
-0.23049671947956085
1.3403675615787507
1.3403675615787507
1.3403675615787507
-0.16363831716384886
-0.16363831716384886
-0.16363831716384886
3.7558076083660126
3.7549420595169067
1.602595865726471
1.602595865726471
1.602595865726471
0.29153985733222965
0.5681045353412628
0.5681045353412628
0.29153985733222965
0.5228379666805267
0.5228379666805267
0.5228379666805267
0.5228379666805267
-0.40282753109931946
0.8390621542930603
0.8390621542930603
0.8390621542930603
-0.34995511174201965
-0.32992053031921387
-0.4971683621406555
-0.4971683621406555
-0.078832034724617
0.573241263628006
0.5819441080093384
2.6125603020191193
2.6125603020191193
-0.38743969798088074
-0.18709895706863403
-0.16678459144325256
-0.16678459144325256
0.10535824244785308
0.10535824244785308
0.4386922424478531
0.46840662717819215
0.46840662717819215
-0.3621279299259186
0.09855200303936007
0.09855200303936007
0.09855200303936007
-0.1495712548494339
-0.12468393003387451
0.542435829082489
0.5424357992801666
-0.3666552007198334
-0.15088371955680846
-0.15088371955680846
-0.11075620651245116
-0.11075620651245116
-0.09988670349121093
0.10522712469100953
0.9140547931194305
0.9140547931194305
0.9140547931194305
0.4709831774234772
-0.3243657648563385
-0.3024415969848633
-0.3318536579608917
-0.42193105816841125
-0.24401482939720154
-0.24401482939720154
-0.42193105816841125
-0.3953406512737274
-0.3953406512737274
-0.3953406512737274
0.5081453176670074
-0.30137868233299253
0.7262522280216217
0.5081453176670074
0.02499942427444457
-0.29493030516052243
0.026935770566940298
0.015327050741195669
0.015327050741195669
0.015327050741195669
-0.09488123715400698
0.7043540775775909
-0.09488114774703982
0.7043540477752686
0.6509209871292114
-0.06029731058406829
-0.06029731058406829
-0.06029731058406829
0.3879295587539673
0.3879295587539673
-0.07698350842132569
-0.05889292800979615
-0.08470053970813751
0.17943227291107178
0.17943227291107178
0.17943227291107178
0.1279003620147705
0.230812772567749
2.7083699703216553
0.05522213822174071
2.7083699703216553
-0.05591077799930573
-0.05591077799930573
-0.05591077799930573
-0.1598860262413025
-0.022511720657348633
-0.13098310814094544
-0.04408368468284607
0.006655662788391137
-0.005971581207275367
-0.268085241317749
0.006655662788391137
0.46163208836746217
0.46163208836746217
0.46163210326862336
-0.2397793933517456
1.6590181291103363
-0.26065327938690186
1.671395629644394
-0.22246825695037842
0.6605512054576874
0.4980411533145904
0.6135843098163605
26.542542070150375
26.4969003200531
0.7486364543437958
0.7486364543437958
0.7486364543437958
0.7486364543437958
-0.3104723393917084
-0.3104723393917084
-0.3104723393917084
0.07314781790542602
-0.19559075790252684
-0.19559075790252684
-0.1512254923582077
-0.36105936765670776
-0.1512254923582077
-0.19559075790252684
0.7503884732723236
0.7150675654411316
0.7471620440483093
1.0342305302619934
0.7471620440483093
0.6449580788612366
-0.3257473409175873
-0.32574746012687683
-0.22933116555213928
-0.32574746012687683
-0.21508345007896423
-0.21508345007896423
-0.21508345007896423
-0.15979372054862975
-0.15979372054862975
-0.05767947435379028
-0.4628787934780121
0.7476478219032288
0.7476478219032288
0.7476478219032288
0.7476478219032288
-0.2862648069858551
-0.25552618503570557
-0.3428075313568115
-0.25552618503570557
-0.2606167793273926
-0.43946927785873413
-0.2606167793273926
-0.2606167793273926
-0.04811920171546935
-0.36483946442604065
-0.14678743481636047
-0.3529157340526581
0.07144926452350617
-0.31916162371635437
0.024329380820512773
0.09486192281594276
0.6541481614112854
0.2717256247997284
0.25627747774124143
0.25627747774124143
0.16665378212928772
0.25627747774124143
0.05627747774124148
0.7153179347515106
0.7153179347515106
0.1372445701494217
0.1372445701494217
-0.285182386636734
-0.35833343863487244
-0.35833343863487244
-0.285182386636734
-0.04369334504008293
0.8678917941522599
1.527067643404007
0.8443616238307954
0.8479548898410798
-0.24541229009628296
-0.323796808719635
-0.3222939074039459
-0.2459314614534378
-0.30181702971458435
0.7376230955123901
0.7376230955123901
0.7376230955123901
-0.07153924107551574
0.010509700794219978
0.259753603127718
-0.4347061812877655
0.019412606954574585
0.019412606954574585
0.8031711578369141
0.4189965283317566
0.4189965283317566
0.44584871882629395
0.4189965283317566
1.7325838208198547
1.7325838208198547
1.69655042886734
1.7325838208198547
0.23081707900333404
0.3557706033630371
-0.3878593146800995
-0.2572704553604126
-0.3302772045135498
-0.25467875599861145
-0.34171438217163086
1.0829072795438766
1.0829072795438766
1.3487969320869446
1.0829072795438766
0.3228028409423828
0.19428975810623167
0.1764707863330841
0.1065040374355316
0.1065040374355316
-0.02088040257053375
-0.2373465597629547
0.8032108843326569
0.8032108843326569
0.8032108843326569
0.7979657799005508
-0.30196234583854675
0.28015559911727905
-0.3019622564315796
0.7808186709880829
0.28015559911727905
-0.2074921727180481
0.28015559911727905
-0.3019622564315796
0.2129078507423401
-0.30291834473609924
-0.022896372754096977
0.719476968050003
0.719476968050003
-0.12682371735572814
0.17762710075950622
0.631775289773941
0.631775289773941
0.17762710075950622
0.5656519532203674
-0.05501685398426055
-0.06916788220405579
-0.35389357805252075
-0.03594128841590882
-0.08104959076213836
-0.08104959076213836
0.5833934843540192
0.5833934843540192
0.01223947053718566
-0.08104959076213836
0.6779376566410065
0.6779376864433289
