1.6048104166984558
1.6179476976394653
0.3179476976394653
0.04871930236053468
0.16291415691375732
1.2846176976394654
0.4512806976394653
1.2846176976394654
1.1179476976394653
8.617947697639465
8.617947697639465
0.5346146976394653
10.55455106496811
10.55455106496811
0.4179476976394654
0.38205230236053467
0.6179476976394653
0.5489826976394653
2.9929476976394653
2.9929476976394653
0.6179476976394653
0.4179476976394654
0.7049076976394653
2.3957276976394652
2.3957276976394652
2.1179476976394653
1.6179476976394653
2.1179476976394653
0.38205230236053467
3.254307697639465
3.254307697639465
0.7495276976394654
0.3322336976394653
0.13205230236053467
0.5438736976394654
2.475087697639465
2.475087697639465
0.4512806976394653
0.18044769763946533
2.9036576976394652
0.6179476976394653
0.6179476976394653
0.4179476976394654
1.6179476976394653
1.4750876976394653
3.6179476976394653
3.6179476976394653
0.6179476976394653
0.5554476976394653
0.6179476976394653
0.36794769763946533
0.36794769763946533
0.6179476976394653
0.13205230236053467
0.6179476976394653
0.13205230236053467
1.3322376976394654
2.784617697639465
0.5309906976394654
2.784617697639465
0.49294769763946533
0.6179476976394653
1.8179476976394655
1.8179476976394655
0.32382969763946534
0.5068366976394654
1.5591276976394652
1.2543076976394654
0.11794769763946533
0.11794769763946533
0.11794769763946533
0.11794769763946533
0.11794769763946533
1.6179476976394653
3.6179476976394653
1.6179476976394653
1.1179476976394653
3.6179476976394653
0.5068366976394654
3.3679476976394653
0.28461469763946534
0.28461469763946534
0.2179476976394653
1.6179476976394653
0.6179476976394653
0.6179476976394653
1.7075533866882324
0.6179476976394653
1.7075533866882324
1.6087831854820251
0.007052302360534668
0.10683669763946535
3.417947697639465
3.417947697639465
2.1179476976394653
0.11794769763946533
1.6179476976394653
1.2012776976394652
0.4393766976394653
1.2012776976394652
0.04871930236053468
0.04871930236053468
0.11794769763946533
0.6179476976394653
0.28461469763946534
0.36794769763946533
0.11794769763946533
0.6179476976394653
0.2179476976394653
0.11794769763946533
0.6179476976394653
6.367947697639465
6.367947697639465
0.4557856976394653
0.017947697639465354
0.017947697639465354
0.017947697639465354
0.017947697639465354
0.6179476976394653
0.6179476976394653
1.2543076976394654
0.6179476976394653
0.13205230236053467
0.36794769763946533
0.5591236976394653
63.987170457839966
1.1651176976394653
63.987170577049255
0.6179476976394653
0.9179476976394654
7.617947697639465
7.617947697639465
0.6179476976394653
2.6179476976394653
2.6179476976394653
2.6179476976394653
1.4929476976394653
0.13205230236053467
1.6179476976394653
15.188172221183777
3.688172221183777
1.6179476976394653
0.6179476976394653
0.6179476976394653
0.6179476976394653
1.6179476976394653
0.38717869763946533
0.06239169763946534
0.06239169763946534
6.217947697639465
0.04871930236053468
1.6179476976394653
1.6179476976394653
1.1179476976394653
0.28461469763946534
1.1179476976394653
0.04871930236053468
0.7355976976394654
0.6179476976394653
0.6179476976394653
0.6179476976394653
0.8679476976394653
2.6179476976394653
0.38717869763946533
2.6179476976394653
0.29871900236053467
0.7012776976394652
4.117947697639465
0.015385302360534647
1.6179476976394653
1.6179476976394653
0.4179476976394654
0.36794769763946533
0.6179476976394653
3.1179476976394653
3.1179476976394653
2.0465176976394654
1.1179476976394653
0.2820523023605347
2.1179476976394653
2.1179476976394653
0.3322336976394653
0.28461469763946534
2.6179476976394653
0.13205230236053467
8.617947697639465
0.5126846976394653
1.2846176976394654
1.2846176976394654
0.6179476976394653
0.7846176976394654
0.037224302360534645
0.037224302360534645
0.06794769763946534
2.9512776976394655
3.9512776976394655
0.28461469763946534
3.4512776976394655
0.9512776976394652
1.6179476976394653
0.20128069763946532
0.20128069763946532
0.03900069763946534
0.5501506976394653
1.6804476976394653
1.6804476976394653
2.9036576976394652
2.9036576976394652
0.4750906976394653
1.6179476976394653
0.7179476976394654
0.7179476976394654
3.1179476976394653
0.6179476976394653
0.6179476976394653
0.017947697639465354
0.1893766976394653
1.6179476976394653
1.2179476976394654
1.1179476976394653
0.6179476976394653
1.1179476976394653
0.31062370236053466
0.31062370236053466
0.31062370236053466
0.27094130236053465
0.4179476976394654
0.28461469763946534
0.4512806976394653
3.6179476976394653
3.6179476976394653
0.6518948078155518
0.9512776976394652
0.6179476976394653
2.6179476976394653
0.6179476976394653
2.6179476976394653
0.4750906976394653
0.4750906976394653
0.3322336976394653
0.8679476976394653
0.3322336976394653
0.3322336976394653
1.8401676976394654
0.2315836976394653
0.2315836976394653
2.0179476976394652
0.4179476976394654
2.6179476976394653
1.1179476976394653
2.6179476976394653
0.28461469763946534
2.1179476976394653
0.4846146976394653
0.11794769763946533
2.1179476976394653
2.1179476976394653
0.6179476976394653
2.1179476976394653
0.17350369763946538
0.8322376976394654
0.27648469763946537
0.27648469763946537
3.6179476976394653
3.6179476976394653
0.6179476976394653
0.6179476976394653
0.6179476976394653
6.617947697639465
0.6179476976394653
0.6179476976394653
0.6179476976394653
0.3452206976394653
1.6179476976394653
0.18205230236053466
1.2179476976394654
0.09633830236053464
1.1893776976394654
0.1893766976394653
0.7608076976394653
3.6179476976394653
3.5651532411575317
0.9512776976394652
1.3679476976394653
1.0465176976394652
1.3679476976394653
0.6179476976394653
0.06692769763946532
0.06692769763946532
0.7608076976394653
0.7608076976394653
0.7608076976394653
0.9036576976394652
0.9036576976394652
0.9036576976394652
4.117947697639465
0.9036576976394652
0.6179476976394653
1.6179476976394653
0.6179476976394653
0.49294769763946533
1.3679476976394653
0.36794769763946533
12.617947697639465
12.617947697639465
1.2290576976394654
0.38265369763946533
1.1893776976394654
0.04651869763946531
0.9036576976394652
0.004614697639465315
0.004614697639465315
1.8401676976394654
19.617947697639465
0.6179476976394653
3.6179476976394653
1.8401676976394654
0.6179476976394653
1.8401676976394654
1.8401676976394654
0.35478969763946533
0.6179476976394653
0.6179476976394653
0.5068366976394654
1.9929476976394653
0.36794769763946533
0.27648469763946537
0.27648469763946537
0.10205230236053464
0.7379476976394654
1.3322376976394654
1.1893776976394654
1.1893776976394654
1.3322376976394654
0.6179476976394653
0.3957256976394653
0.9512776976394652
0.6179476976394653
0.9512776976394652
0.2820523023605347
0.8179476976394653
0.5179476976394654
0.23919530236053466
0.23919530236053466
0.23919530236053466
1.0025676976394653
0.21538530236053466
0.21538530236053466
0.21538530236053466
1.9512776976394655
1.2846176976394654
1.2846176976394654
1.9512776976394655
0.11794769763946533
0.04871930236053468
0.40366169763946536
0.40366169763946536
0.18205230236053466
2.2179476976394654
0.27179369763946537
2.2179476976394654
0.6846176976394653
12.617947697639465
12.617947697639465
0.051280697639465356
2.345217697639465
2.4361276976394652
2.345217697639465
0.36794769763946533
2.3679476976394653
1.5762776976394652
1.5762776976394652
1.5762776976394652
7.4512776976394655
5.492947697639465
1.5762776976394652
1.2846176976394654
0.6179476976394653
0.6179476976394653
0.6179476976394653
0.6179476976394653
1.2846176976394654
0.2179476976394653
1.2846176976394654
0.17371930236053468
0.18205230236053466
0.3957256976394653
2.6179476976394653
2.6179476976394653
1.2179476976394654
1.2179476976394654
1.2179476976394654
1.2179476976394654
0.2944186976394654
0.2944186976394654
3.6179476976394653
3.6179476976394653
0.21538530236053466
0.2820523023605347
0.2820523023605347
0.2820523023605347
0.11794769763946533
0.11794769763946533
0.11794769763946533
0.8179476976394653
0.6179476976394653
0.6179476976394653
0.09633830236053464
0.029712697639465324
2.284617697639465
0.050379697639465315
2.284617697639465
0.5608046976394653
0.5608046976394653
1.6179476976394653
1.1179476976394653
2.6179476976394653
0.13205230236053467
0.13205230236053467
0.13205230236053467
0.13205230236053467
0.3179476976394653
2.3322376976394654
0.27509069763946536
2.3322376976394654
0.4512806976394653
0.4512806976394653
1.8679476976394653
0.11794769763946533
1.6179476976394653
0.28461469763946534
0.28461469763946534
0.8679476976394653
0.6524276976394654
0.6524276976394654
0.11794769763946533
0.11794769763946533
0.11794769763946533
0.11794769763946533
2.1179476976394653
0.6179476976394653
0.6179476976394653
0.6179476976394653
0.8353376976394653
2.2429476976394653
2.2429476976394653
0.5309906976394654
1.6179476976394653
0.04871930236053468
2.6179476976394653
2.6179476976394653
2.6179476976394653
2.6179476976394653
0.04871930236053468
0.2179476976394653
1.6179476976394653
1.6179476976394653
0.28461469763946534
0.28461469763946534
0.6179476976394653
0.04871930236053468
0.04871930236053468
0.04871930236053468
0.017947697639465354
0.017947697639465354
4.117947697639465
0.11794769763946533
1.1179476976394653
3.284617697639465
0.5068366976394654
0.5068366976394654
0.7846176976394654
0.7846176976394654
0.7846176976394654
13.676705062389374
0.7846176976394654
0.28461469763946534
0.28461469763946534
0.1831646976394653
0.12118230236053468
0.11794769763946533
0.6179476976394653
8.951277697639465
8.951277697639465
0.4664326976394654
0.6179476976394653
1.6179476976394653
0.6179476976394653
9.617947697639465
0.2179476976394653
1.1893776976394654
1.1893776976394654
1.1893776976394654
1.1893776976394654
1.1893776976394654
1.1893776976394654
0.4179476976394654
0.2179476976394653
0.36794769763946533
0.36794769763946533
0.36794769763946533
0.12118230236053468
2.6179476976394653
0.05273069763946531
2.6179476976394653
1.0179476976394652
1.2179476976394654
0.6179476976394653
0.28461469763946534
0.017947697639465354
0.28461469763946534
0.5623916976394653
0.5623916976394653
0.8906776976394652
13.617947697639465
6.617947697639465
0.8906776976394652
0.8906776976394652
0.8906776976394652
0.04871930236053468
0.04871930236053468
5.617947697639465
5.617947697639465
1.0679476976394653
0.11794769763946533
0.6179476976394653
0.13205230236053467
1.7846176976394652
0.05544769763946533
1.7846176976394652
0.024197697639465332
0.28461469763946534
0.1985926976394653
0.1985926976394653
0.28461469763946534
0.11794769763946533
0.11794769763946533
1.2429476976394653
1.2429476976394653
1.2429476976394653
3.9512776976394655
3.3322376976394654
1.2429476976394653
1.1179476976394653
1.1179476976394653
0.6179476976394653
2.1105486154556274
1.9512776976394655
0.017947697639465354
0.017947697639465354
2.6179476976394653
2.6179476976394653
13.617947697639465
13.617947697639465
1.1179476976394653
0.6179476976394653
0.8679476976394653
0.8679476976394653
8.617947697639465
13.117947697639465
0.9036576976394652
0.9036576976394652
0.9036576976394652
0.9036576976394652
3.6179476976394653
0.6179476976394653
0.28461469763946534
2.475087697639465
0.32762469763946533
2.475087697639465
0.2631086976394653
0.3322336976394653
0.04651869763946531
0.9036576976394652
0.6179476976394653
0.017947697639465354
1.6179476976394653
0.25683669763946537
0.25683669763946537
0.04871930236053468
2.0179476976394652
2.0179476976394652
2.0179476976394652
7.617947697639465
2.0179476976394652
3.6179476976394653
0.4641016976394653
4.217947697639465
0.6179476976394653
4.217947697639465
0.2308506976394653
1.9036576976394652
0.11794769763946533
1.9036576976394652
0.13407669763946528
2.3679476976394653
0.36794769763946533
3.1179476976394653
0.11794769763946533
0.20963830236053466
0.20963830236053466
0.20963830236053466
0.04871930236053468
3.284617697639465
0.6179476976394653
0.10232269763946533
0.10232269763946533
0.6179476976394653
0.6179476976394653
1.6179476976394653
2.1179476976394653
2.1179476976394653
2.1179476976394653
2.9512776976394655
2.9512776976394655
2.1179476976394653
1.4179476976394654
2.0179476976394652
0.2179476976394653
0.2543116976394654
6.9512776976394655
0.8401676976394654
6.9512776976394655
0.6179476976394653
0.5623916976394653
5.284617697639465
5.284617697639465
0.7290576976394654
0.11794769763946533
0.8679476976394653
0.6179476976394653
0.28461469763946534
3.760807697639465
3.760807697639465
3.9036576976394652
3.9036576976394652
28.33910435438156
0.36794769763946533
0.13205230236053467
0.6179476976394653
0.6179476976394653
0.46869369763946533
0.46869369763946533
7.117947697639465
0.6893776976394654
7.117947697639465
0.28461469763946534
1.6179476976394653
0.8179476976394653
0.6596176976394654
4.217947697639465
4.217947697639465
0.6179476976394653
0.5762806976394653
0.6179476976394653
0.7429476976394653
0.25705230236053467
0.6179476976394653
0.7429476976394653
0.8679476976394653
8.48105502128601
1.8679476976394653
0.8679476976394653
0.7429476976394653
0.28461469763946534
1.0346176976394654
1.0346176976394654
0.18205230236053466
0.18205230236053466
0.18205230236053466
0.4512806976394653
0.6179476976394653
0.7232076976394652
3.8179476976394655
0.7232076976394652
3.8179476976394655
0.11794769763946533
0.007052302360534668
0.7429476976394653
5.617947697639465
5.625189781188965
1.3679476976394653
1.3679476976394653
0.7429476976394653
0.017947697639465354
0.6179476976394653
0.017947697639465354
0.3179476976394653
0.04651869763946531
0.1893766976394653
0.23919530236053466
1.4512776976394652
0.30215869763946535
1.4512776976394652
0.19689469763946532
0.2179476976394653
4.046517697639465
4.046517697639465
0.48636869763946533
0.6179476976394653
0.13205230236053467
2.173507697639465
7.284617697639465
2.7429476976394653
5.367947697639465
2.173507697639465
2.3957276976394652
0.29651869763946537
0.29651869763946537
0.04871930236053468
0.6179476976394653
0.13205230236053467
0.13205230236053467
0.13205230236053467
0.04871930236053468
1.2846176976394654
0.36794769763946533
0.5251384079456329
0.5251384079456329
0.5251384079456329
0.6179476976394653
14.617947697639465
14.617947697639465
0.6179476976394653
0.04871930236053468
0.04871930236053468
0.04871930236053468
0.74801105260849
0.6179476976394653
7.367947697639465
7.367947697639465
9.617947697639465
4.617947697639465
4.617947697639465
4.617947697639465
0.11794769763946533
0.11794769763946533
0.11794769763946533
0.11794769763946533
0.23559469763946528
0.23559469763946528
0.24294769763946533
0.36794769763946533
0.007052302360534668
0.6179476976394653
0.28461469763946534
2.2179476976394654
2.2179476976394654
0.29976569763946537
0.20885669763946535
1.0179476976394652
1.0179476976394652
1.0179476976394652
1.3679476976394653
6.617947697639465
6.617947697639465
0.10181869763946533
0.10181869763946533
0.6179476976394653
0.18205230236053466
0.6179476976394653
0.38205230236053467
0.8179476976394653
0.16776630236053466
0.8179476976394653
0.38205230236053467
0.38205230236053467
0.38205230236053467
0.38205230236053467
0.38205230236053467
0.28461469763946534
0.38205230236053467
0.28461469763946534
0.38205230236053467
0.38205230236053467
0.38205230236053467
0.11794769763946533
0.11794769763946533
0.11794769763946533
0.23919530236053466
0.23919530236053466
0.6179476976394653
0.15128330236053467
0.15128330236053467
0.15128330236053467
0.11794769763946533
0.04871930236053468
0.28461469763946534
0.04871930236053468
0.15983030236053467
0.28461469763946534
0.28461469763946534
0.15983030236053467
1.2846176976394654
1.2846176976394654
1.6179476976394653
0.6179476976394653
0.6179476976394653
0.38265369763946533
0.38265369763946533
0.21538530236053466
0.9512776976394652
0.13205230236053467
0.9512776976394652
0.11794769763946533
0.11794769763946533
0.6179476976394653
0.11794769763946533
0.11794769763946533
0.38205230236053467
0.38205230236053467
0.38205230236053467
0.38205230236053467
0.38205230236053467
1.2179476976394654
1.2179476976394654
1.2179476976394654
0.29114320236053465
0.29114320236053465
0.29114320236053465
3.6179476976394653
3.6179476976394653
1.6179476976394653
1.6179476976394653
1.6179476976394653
0.18461469763946536
0.6179476976394653
0.6179476976394653
0.18461469763946536
0.6179476976394653
0.6179476976394653
0.6179476976394653
0.6179476976394653
0.38205230236053467
0.6179476976394653
0.6179476976394653
0.6179476976394653
0.38205230236053467
0.38205230236053467
0.38205230236053467
0.38205230236053467
0.30797820236053464
0.6179476976394653
0.8730363845825195
2.6179476976394653
2.6179476976394653
0.38205230236053467
0.3475695023605347
0.3475695023605347
0.3475695023605347
0.04871930236053468
0.04871930236053468
0.28461469763946534
0.37794769763946534
0.37794769763946534
0.38205230236053467
0.09633830236053464
0.09633830236053464
0.09633830236053464
0.38205230236053467
0.29871900236053467
0.5270386976394653
0.5270386976394653
0.38205230236053467
0.23919530236053466
0.23919530236053466
0.18205230236053466
0.18205230236053466
0.18205230236053466
0.18205230236053466
0.8179476976394653
0.8179476976394653
0.8179476976394653
0.36794769763946533
0.38205230236053467
0.38205230236053467
0.38205230236053467
0.38205230236053467
1.1191540956497192
1.1191540956497192
0.38205230236053467
0.38205230236053467
0.38205230236053467
0.38205230236053467
0.4750906976394653
0.33443330236053465
0.6179476976394653
0.4750906976394653
0.04871930236053468
0.32322880236053464
0.04871930236053468
0.04871930236053468
0.04871930236053468
0.04871930236053468
0.011682302360534691
0.32530808448791504
0.011682302360534691
0.32530832290649414
0.4019460082054138
0.23919530236053466
0.23919530236053466
0.23919530236053466
0.6179476976394653
0.6179476976394653
0.31062370236053466
0.3153856023605347
0.38205230236053467
0.11794769763946533
0.11794769763946533
0.11794769763946533
0.11794769763946533
0.04871930236053468
2.6179476976394653
0.04871930236053468
2.6179476976394653
0.31062370236053466
0.31062370236053466
0.31062370236053466
0.18850430236053467
0.16057956218719482
0.18850430236053467
0.17647269368171692
0.09633830236053464
0.09633830236053464
0.38205230236053467
0.09633830236053464
0.28461469763946534
0.28461469763946534
0.28461469763946534
0.29633800236053465
1.6179476976394653
0.32144620236053467
1.6179476976394653
0.38205230236053467
0.5068366976394654
0.3957256976394653
0.36794769763946533
26.617947697639465
26.617947697639465
0.6179476976394653
0.6179476976394653
0.6179476976394653
0.6179476976394653
0.38205230236053467
0.38205230236053467
0.38205230236053467
0.04871930236053468
0.29114320236053465
0.29114320236053465
0.403278648853302
0.38205230236053467
0.403278648853302
0.29114320236053465
0.6179476976394653
0.6179476976394653
0.6179476976394653
0.9929476976394653
0.6179476976394653
0.49294769763946533
0.38205230236053467
0.38205230236053467
0.38205230236053467
0.38205230236053467
0.39421045780181885
0.39421045780181885
0.39421045780181885
0.25302030236053463
0.25302030236053463
0.1266688108444214
0.38205230236053467
0.6179476976394653
0.6179476976394653
0.6179476976394653
0.6179476976394653
0.38205230236053467
0.38205230236053467
0.38205230236053467
0.38205230236053467
0.38205230236053467
0.38205230236053467
0.38205230236053467
0.38205230236053467
0.21538530236053466
0.38205230236053467
0.38205230236053467
0.38205230236053467
0.15983030236053467
0.38205230236053467
0.33659780236053466
0.3168349023605347
0.6179476976394653
0.05544769763946533
0.2179476976394653
0.2179476976394653
0.11794769763946533
0.2179476976394653
0.017947697639465354
0.6179476976394653
0.6179476976394653
0.027213302360534652
0.027213302360534652
0.38205230236053467
0.38205230236053467
0.38205230236053467
0.38205230236053467
0.38205230236053467
0.6767676976394654
1.3179476976394653
0.6767676976394654
0.6767676976394654
0.38205230236053467
0.38205230236053467
0.38205230236053467
0.38205230236053467
0.38205230236053467
0.6179476976394653
0.6179476976394653
0.6179476976394653
0.18205230236053466
0.22415730236053466
0.15983030236053467
0.38205230236053467
0.13205230236053467
0.13205230236053467
0.6179476976394653
0.28461469763946534
0.28461469763946534
0.28461469763946534
0.28461469763946534
1.6179476976394653
1.6179476976394653
1.60689115524292
1.6179476976394653
0.04871930236053468
0.28461469763946534
0.38205230236053467
0.38205230236053467
0.38205230236053467
0.38205230236053467
0.38205230236053467
0.9361276976394652
0.9361276976394652
1.2290576976394654
0.9361276976394652
0.06239169763946534
0.04651869763946531
0.11794769763946533
0.04871930236053468
0.04871930236053468
0.34038560236053467
0.38205230236053467
0.6179476976394653
0.6179476976394653
0.6179476976394653
0.6179476976394653
0.6101205348968506
0.11794769763946533
0.610120952129364
0.6179476976394653
0.11794769763946533
0.38205230236053467
0.11794769763946533
0.610120952129364
0.11794769763946533
0.38205230236053467
0.20023430236053466
0.6179476976394653
0.6179476976394653
0.2820523023605347
0.09942869763946532
0.6179476976394653
0.6179476976394653
0.09942869763946532
0.6158854365348816
0.29114320236053465
0.38205230236053467
0.38205230236053467
0.04871930236053468
0.21538530236053466
0.21538530236053466
0.6179476976394653
0.6179476976394653
0.04871930236053468
0.21538530236053466
0.6179476976394653
0.6179476976394653
