0.9951111078262329
0.9951111078262329
0.30488889217376713
0.6715558921737671
0.00488889217376709
0.661781107826233
0.1715558921737671
0.661781107826233
0.4951111078262329
7.995111107826233
7.995111107826233
0.08822189217376708
9.995111107826233
9.995111107826233
0.20488889217376705
0.9951111078262329
0.00488889217376709
0.07385389217376714
2.370111107826233
2.370111107826233
0.00488889217376709
0.20488889217376705
0.08207110782623284
1.7728911078262328
1.7728911078262328
1.495111107826233
0.9951111078262329
1.495111107826233
0.5048888921737671
2.6314711078262327
2.6314711078262327
0.12669110782623294
0.2906028921737671
0.2451111078262329
0.07896289217376706
1.8522511078262327
1.8522511078262327
0.1715558921737671
0.4423888921737671
2.280821107826233
0.00488889217376709
0.00488889217376709
0.20488889217376705
0.9951111078262329
0.8522511078262329
2.995111107826233
2.995111107826233
0.00488889217376709
0.06738889217376709
0.00488889217376709
0.2548888921737671
0.2548888921737671
0.00488889217376709
0.7548888921737671
0.00488889217376709
0.7548888921737671
0.709401107826233
2.161781107826233
0.09184589217376704
2.161781107826233
0.1298888921737671
0.00488889217376709
1.195111107826233
1.195111107826233
0.2990068921737671
0.11599989217376705
0.9362911078262328
0.631471107826233
0.5048888921737671
0.5048888921737671
0.5048888921737671
0.5048888921737671
0.5048888921737671
0.9951111078262329
2.995111107826233
0.9951111078262329
0.4951111078262329
2.995111107826233
0.11599989217376705
2.745111107826233
0.3382218921737671
0.3382218921737671
0.4048888921737671
0.9951111078262329
0.00488889217376709
0.00488889217376709
0.9951111078262329
0.00488889217376709
0.9951111078262329
0.9951111078262329
0.6298888921737671
0.5159998921737671
2.7951111078262327
2.7951111078262327
1.495111107826233
0.5048888921737671
0.9951111078262329
0.5784411078262328
0.18345989217376713
0.5784411078262328
0.6715558921737671
0.6715558921737671
0.5048888921737671
0.00488889217376709
0.3382218921737671
0.2548888921737671
0.5048888921737671
0.00488889217376709
0.4048888921737671
0.5048888921737671
0.00488889217376709
5.745111107826233
5.745111107826233
0.16705089217376712
0.6048888921737671
0.6048888921737671
0.6048888921737671
0.6048888921737671
0.00488889217376709
0.00488889217376709
0.631471107826233
0.00488889217376709
0.7548888921737671
0.2548888921737671
0.06371289217376708
63.99511110782623
0.5422811078262328
63.99511110782623
0.00488889217376709
0.29511110782623295
6.995111107826233
6.995111107826233
0.00488889217376709
1.995111107826233
1.995111107826233
1.995111107826233
0.8701111078262329
0.7548888921737671
0.9951111078262329
14.495111107826233
2.995111107826233
0.9951111078262329
0.00488889217376709
0.00488889217376709
0.00488889217376709
0.9951111078262329
0.2356578921737671
0.560444892173767
0.560444892173767
5.5951111078262326
0.6715558921737671
0.9951111078262329
0.9951111078262329
0.4951111078262329
0.3382218921737671
0.4951111078262329
0.6715558921737671
0.11276110782623294
0.00488889217376709
0.00488889217376709
0.00488889217376709
0.2451111078262329
1.995111107826233
0.2356578921737671
1.995111107826233
0.921555592173767
0.07844110782623281
3.495111107826233
0.638221892173767
0.9951111078262329
0.9951111078262329
0.20488889217376705
0.2548888921737671
0.00488889217376709
2.495111107826233
2.495111107826233
1.423681107826233
0.4951111078262329
0.9048888921737671
1.495111107826233
1.495111107826233
0.2906028921737671
0.3382218921737671
1.995111107826233
0.7548888921737671
7.995111107826233
0.11015189217376709
0.661781107826233
0.661781107826233
0.00488889217376709
0.161781107826233
0.6600608921737671
0.6600608921737671
0.5548888921737671
2.328441107826233
3.328441107826233
0.3382218921737671
2.828441107826233
0.3284411078262328
0.9951111078262329
0.4215558921737671
0.4215558921737671
0.5838358921737671
0.07268589217376709
1.057611107826233
1.057611107826233
2.280821107826233
2.280821107826233
0.1477458921737671
0.9951111078262329
0.095111107826233
0.095111107826233
2.495111107826233
0.00488889217376709
0.00488889217376709
0.6048888921737671
0.4334598921737671
0.9951111078262329
0.595111107826233
0.4951111078262329
0.00488889217376709
0.4951111078262329
0.9334602921737671
0.9334602921737671
0.9334602921737671
0.8937778921737671
0.20488889217376705
0.3382218921737671
0.1715558921737671
2.995111107826233
2.995111107826233
0.00488889217376709
0.3284411078262328
0.00488889217376709
1.995111107826233
0.00488889217376709
1.995111107826233
0.1477458921737671
0.1477458921737671
0.2906028921737671
0.2451111078262329
0.2906028921737671
0.2906028921737671
1.217331107826233
0.39125289217376713
0.39125289217376713
1.3951111078262328
0.20488889217376705
1.995111107826233
0.4951111078262329
1.995111107826233
0.3382218921737671
1.495111107826233
0.13822189217376712
0.5048888921737671
1.495111107826233
1.495111107826233
0.00488889217376709
1.495111107826233
0.44933289217376704
0.209401107826233
0.34635189217376705
0.34635189217376705
2.995111107826233
2.995111107826233
0.00488889217376709
0.00488889217376709
0.00488889217376709
5.995111107826233
0.00488889217376709
0.00488889217376709
0.00488889217376709
0.27761589217376714
0.9951111078262329
0.8048888921737671
0.595111107826233
0.7191748921737671
0.566541107826233
0.4334598921737671
0.1379711078262329
2.995111107826233
2.995111107826233
0.3284411078262328
0.7451111078262329
0.4236811078262328
0.7451111078262329
0.00488889217376709
0.5559088921737672
0.5559088921737672
0.1379711078262329
0.1379711078262329
0.1379711078262329
0.2808211078262328
0.2808211078262328
0.2808211078262328
3.495111107826233
0.2808211078262328
0.00488889217376709
0.9951111078262329
0.00488889217376709
0.1298888921737671
0.7451111078262329
0.2548888921737671
11.995111107826233
11.995111107826233
0.606221107826233
0.2401828921737671
0.566541107826233
0.576317892173767
0.2808211078262328
0.6182218921737671
0.6182218921737671
1.217331107826233
18.995111107826233
0.00488889217376709
2.995111107826233
1.217331107826233
0.00488889217376709
1.217331107826233
1.217331107826233
0.2680468921737671
0.00488889217376709
0.00488889217376709
0.11599989217376705
1.370111107826233
0.2548888921737671
0.34635189217376705
0.34635189217376705
0.7248888921737671
0.11511110782623302
0.709401107826233
0.566541107826233
0.566541107826233
0.709401107826233
0.00488889217376709
0.22711089217376712
0.3284411078262328
0.00488889217376709
0.3284411078262328
0.9048888921737671
0.19511110782623287
0.10488889217376707
0.4236811078262328
0.4236811078262328
0.4236811078262328
0.37973110782623287
0.8382218921737671
0.8382218921737671
0.8382218921737671
1.328441107826233
0.661781107826233
0.661781107826233
1.328441107826233
0.5048888921737671
0.6715558921737671
0.21917489217376707
0.21917489217376707
0.8048888921737671
1.595111107826233
0.35104289217376705
1.595111107826233
0.06178110782623292
11.995111107826233
11.995111107826233
0.5715558921737671
1.7223811078262328
1.8132911078262328
1.7223811078262328
0.2548888921737671
1.745111107826233
0.9534411078262328
0.9534411078262328
0.9534411078262328
6.828441107826233
4.870111107826233
0.9534411078262328
0.661781107826233
0.00488889217376709
0.00488889217376709
0.00488889217376709
0.00488889217376709
0.661781107826233
0.4048888921737671
0.661781107826233
0.7965558921737671
0.8048888921737671
0.22711089217376712
1.995111107826233
1.995111107826233
0.595111107826233
0.595111107826233
0.595111107826233
0.595111107826233
0.32841789217376705
0.32841789217376705
2.995111107826233
2.995111107826233
0.8382218921737671
0.9048888921737671
0.9048888921737671
0.9048888921737671
0.5048888921737671
0.5048888921737671
0.5048888921737671
0.19511110782623287
0.00488889217376709
0.00488889217376709
0.7191748921737671
0.5931238921737672
1.6617811078262328
0.5724568921737672
1.6617811078262328
0.062031892173767145
0.062031892173767145
0.9951111078262329
0.4951111078262329
1.995111107826233
0.7548888921737671
0.7548888921737671
0.7548888921737671
0.7548888921737671
0.30488889217376713
1.709401107826233
0.34774589217376706
1.709401107826233
0.1715558921737671
0.1715558921737671
1.245111107826233
0.5048888921737671
0.9951111078262329
0.3382218921737671
0.3382218921737671
0.2451111078262329
0.029591107826232976
0.029591107826232976
0.5048888921737671
0.5048888921737671
0.5048888921737671
0.5048888921737671
1.495111107826233
0.00488889217376709
0.00488889217376709
0.00488889217376709
0.21250110782623288
1.620111107826233
1.620111107826233
0.09184589217376704
0.9951111078262329
0.6715558921737671
1.995111107826233
1.995111107826233
1.995111107826233
1.995111107826233
0.6715558921737671
0.4048888921737671
0.9951111078262329
0.9951111078262329
0.3382218921737671
0.3382218921737671
0.00488889217376709
0.6715558921737671
0.6715558921737671
0.6715558921737671
0.6048888921737671
0.6048888921737671
3.495111107826233
0.5048888921737671
0.4951111078262329
2.661781107826233
0.11599989217376705
0.11599989217376705
0.161781107826233
0.161781107826233
0.161781107826233
12.995111107826233
0.161781107826233
0.3382218921737671
0.3382218921737671
0.4396718921737671
0.7440188921737672
0.5048888921737671
0.00488889217376709
8.328441107826233
8.328441107826233
0.15640389217376705
0.00488889217376709
0.9951111078262329
0.00488889217376709
8.995111107826233
0.4048888921737671
0.566541107826233
0.566541107826233
0.566541107826233
0.566541107826233
0.566541107826233
0.566541107826233
0.20488889217376705
0.4048888921737671
0.2548888921737671
0.2548888921737671
0.2548888921737671
0.7440188921737672
1.995111107826233
0.5701058921737672
1.995111107826233
0.3951111078262328
0.595111107826233
0.00488889217376709
0.3382218921737671
0.6048888921737671
0.3382218921737671
0.06044489217376714
0.06044489217376714
0.2678411078262328
12.995111107826233
5.995111107826233
0.2678411078262328
0.2678411078262328
0.2678411078262328
0.6715558921737671
0.6715558921737671
4.995111107826233
4.995111107826233
0.44511110782623287
0.5048888921737671
0.00488889217376709
0.7548888921737671
1.1617811078262328
0.5673888921737671
1.1617811078262328
0.5986388921737671
0.3382218921737671
0.4242438921737671
0.4242438921737671
0.3382218921737671
0.5048888921737671
0.5048888921737671
0.6201111078262329
0.6201111078262329
0.6201111078262329
3.328441107826233
2.709401107826233
0.6201111078262329
0.4951111078262329
0.4951111078262329
0.00488889217376709
1.495111107826233
1.328441107826233
0.6048888921737671
0.6048888921737671
1.995111107826233
1.995111107826233
12.995111107826233
12.995111107826233
0.4951111078262329
0.00488889217376709
0.2451111078262329
0.2451111078262329
7.995111107826233
12.495111107826233
0.2808211078262328
0.2808211078262328
0.2808211078262328
0.2808211078262328
2.995111107826233
0.00488889217376709
0.3382218921737671
1.8522511078262327
0.2952118921737671
1.8522511078262327
0.3597278921737671
0.2906028921737671
0.576317892173767
0.2808211078262328
0.00488889217376709
0.6048888921737671
0.9951111078262329
0.36599989217376705
0.36599989217376705
0.6715558921737671
1.3951111078262328
1.3951111078262328
1.3951111078262328
6.995111107826233
1.3951111078262328
2.995111107826233
0.15873489217376713
3.5951111078262326
0.00488889217376709
3.5951111078262326
0.3919858921737671
1.2808211078262328
0.5048888921737671
1.2808211078262328
0.48875989217376714
1.745111107826233
0.2548888921737671
2.495111107826233
0.5048888921737671
0.832474892173767
0.832474892173767
0.832474892173767
0.6715558921737671
2.661781107826233
0.00488889217376709
0.5205138921737671
0.5205138921737671
0.00488889217376709
0.00488889217376709
0.9951111078262329
1.495111107826233
1.495111107826233
1.495111107826233
2.328441107826233
2.328441107826233
1.495111107826233
0.795111107826233
1.3951111078262328
0.4048888921737671
0.36852489217376705
6.328441107826233
0.217331107826233
6.328441107826233
0.00488889217376709
0.06044489217376714
4.661781107826233
4.661781107826233
0.10622110782623295
0.5048888921737671
0.2451111078262329
0.00488889217376709
0.3382218921737671
3.1379711078262327
3.1379711078262327
3.280821107826233
3.280821107826233
27.995111107826233
0.2548888921737671
0.7548888921737671
0.00488889217376709
0.00488889217376709
0.1541428921737671
0.1541428921737671
6.495111107826233
0.06654110782623301
6.495111107826233
0.3382218921737671
0.9951111078262329
0.19511110782623287
0.036781107826233006
3.5951111078262326
3.5951111078262326
0.00488889217376709
0.0465558921737671
0.00488889217376709
0.12011110782623291
0.8798888921737671
0.00488889217376709
0.12011110782623291
0.2451111078262329
7.995111107826233
1.245111107826233
0.2451111078262329
0.12011110782623291
0.3382218921737671
0.411781107826233
0.411781107826233
0.8048888921737671
0.8048888921737671
0.8048888921737671
0.1715558921737671
0.00488889217376709
0.10037110782623282
3.195111107826233
0.10037110782623282
3.195111107826233
0.5048888921737671
0.6298888921737671
0.12011110782623291
4.995111107826233
4.995111107826233
0.7451111078262329
0.7451111078262329
0.12011110782623291
0.6048888921737671
0.00488889217376709
0.6048888921737671
0.30488889217376713
0.576317892173767
0.4334598921737671
0.8620318921737671
0.8284411078262328
0.3206778921737671
0.8284411078262328
0.4259418921737671
0.4048888921737671
3.4236811078262326
3.4236811078262326
0.1364678921737671
0.00488889217376709
0.7548888921737671
1.5506711078262327
6.661781107826233
2.120111107826233
4.745111107826233
1.5506711078262327
1.7728911078262328
0.32631789217376705
0.32631789217376705
0.6715558921737671
0.00488889217376709
0.7548888921737671
0.7548888921737671
0.7548888921737671
0.6715558921737671
0.661781107826233
0.2548888921737671
0.00488889217376709
0.00488889217376709
0.00488889217376709
0.00488889217376709
13.995111107826233
13.995111107826233
0.00488889217376709
0.6715558921737671
0.6715558921737671
0.6715558921737671
0.00488889217376709
0.00488889217376709
6.745111107826233
6.745111107826233
8.995111107826233
3.995111107826233
3.995111107826233
3.995111107826233
0.5048888921737671
0.5048888921737671
0.5048888921737671
0.5048888921737671
0.38724189217376714
0.38724189217376714
0.3798888921737671
0.2548888921737671
0.6298888921737671
0.00488889217376709
0.3382218921737671
1.595111107826233
1.595111107826233
0.32307089217376705
0.4139798921737671
0.3951111078262328
0.3951111078262328
0.3951111078262328
0.7451111078262329
5.995111107826233
5.995111107826233
0.5210178921737671
0.5210178921737671
0.00488889217376709
0.8048888921737671
0.00488889217376709
0.5048888921737671
3.195111107826233
0.2548888921737671
3.195111107826233
0.20488889217376705
0.00488889217376709
1.2808211078262328
1.2808211078262328
0.1627838921737671
1.328441107826233
0.661781107826233
1.328441107826233
3.995111107826233
3.995111107826233
0.661781107826233
0.5048888921737671
0.5048888921737671
0.5048888921737671
0.4334598921737671
0.4334598921737671
0.9951111078262329
0.37973110782623287
0.37973110782623287
0.37973110782623287
0.5048888921737671
0.6715558921737671
0.3382218921737671
0.6715558921737671
0.10622110782623295
2.328441107826233
2.328441107826233
0.10622110782623295
0.661781107826233
0.661781107826233
0.9951111078262329
0.00488889217376709
0.00488889217376709
0.4068711078262328
0.4068711078262328
0.00488889217376709
6.995111107826233
0.4951111078262329
6.995111107826233
0.5048888921737671
0.5048888921737671
0.00488889217376709
0.5048888921737671
0.5048888921737671
4.495111107826233
0.46178110782623283
4.495111107826233
0.5576111078262329
0.8382218921737671
0.595111107826233
0.595111107826233
0.595111107826233
0.13147110782623295
0.13147110782623295
0.13147110782623295
2.995111107826233
2.995111107826233
2.995111107826233
2.995111107826233
2.995111107826233
0.038221892173767036
0.00488889217376709
0.00488889217376709
0.038221892173767036
0.00488889217376709
0.00488889217376709
0.00488889217376709
0.00488889217376709
0.00488889217376709
0.00488889217376709
0.00488889217376709
0.00488889217376709
0.30488889217376713
0.7826668921737671
0.9951111078262329
0.9951111078262329
0.40252110782623296
17.995111107826233
17.995111107826233
2.395111107826233
2.395111107826233
0.6048888921737671
0.13304110782623302
0.13304110782623302
0.13304110782623302
0.6715558921737671
0.6715558921737671
0.3382218921737671
0.035111107826232946
0.035111107826232946
0.1715558921737671
0.2808211078262328
0.2808211078262328
0.2808211078262328
0.095111107826233
0.161781107826233
0.08602110782623296
0.08602110782623296
0.823070892173767
0.24298389217376704
0.24298389217376704
0.795111107826233
0.795111107826233
0.795111107826233
0.19511110782623287
0.19511110782623287
0.19511110782623287
0.19511110782623287
0.2451111078262329
1.745111107826233
0.2715558921737671
1.745111107826233
0.3284411078262328
6.995111107826233
6.995111107826233
0.4951111078262329
0.28923110782623285
0.28923110782623285
0.28923110782623285
0.0903511078262329
0.7191748921737671
0.9951111078262329
0.0903511078262329
0.3284411078262328
0.7695948921737671
0.3284411078262328
0.6715558921737671
0.6715558921737671
0.6715558921737671
0.22711089217376712
0.00488889217376709
0.22711089217376712
0.00488889217376709
0.4951111078262329
0.1477458921737671
0.1477458921737671
0.2906028921737671
10.995111107826233
10.995111107826233
0.1477458921737671
0.19511110782623287
0.828417892173767
0.5048888921737671
0.5048888921737671
0.5048888921737671
0.5048888921737671
0.6715558921737671
11.995111107826233
0.43955110782623286
11.995111107826233
0.9951111078262329
0.9951111078262329
0.9951111078262329
0.15640110782623284
0.2548888921737671
0.15640110782623284
0.2451111078262329
0.9951111078262329
0.9951111078262329
0.00488889217376709
0.9951111078262329
0.3382218921737671
0.3382218921737671
0.3382218921737671
0.0334598921737671
23.995111107826233
0.24731289217376706
23.995111107826233
0.1715558921737671
0.18030110782623288
0.11599989217376705
0.022891107826232826
35.99511110782623
35.99511110782623
0.00488889217376709
0.00488889217376709
0.00488889217376709
0.00488889217376709
0.00488889217376709
0.00488889217376709
0.00488889217376709
0.3382218921737671
0.09579789217376711
0.09579789217376711
1.995111107826233
0.00488889217376709
1.995111107826233
0.09579789217376711
0.00488889217376709
0.161781107826233
0.161781107826233
0.3701111078262329
0.161781107826233
3.995111107826233
4.995111107826233
4.995111107826233
2.995111107826233
4.995111107826233
6.995111107826233
6.995111107826233
6.995111107826233
0.12414110782623289
0.12414110782623289
0.5048888921737671
0.5048888921737671
0.00488889217376709
0.00488889217376709
0.00488889217376709
0.00488889217376709
0.00488889217376709
2.995111107826233
0.00488889217376709
2.995111107826233
0.5048888921737671
0.00488889217376709
0.5048888921737671
0.5048888921737671
0.1715558921737671
0.3382218921737671
0.9308147921737671
0.3382218921737671
0.06918110782623299
0.00488889217376709
0.3003438921737671
0.2222798921737671
0.00488889217376709
0.6826111078262329
0.795111107826233
0.795111107826233
0.4951111078262329
0.795111107826233
0.595111107826233
2.995111107826233
2.995111107826233
0.5855338921737672
0.5855338921737672
0.9951111078262329
0.9951111078262329
0.9951111078262329
0.9951111078262329
0.8048888921737671
0.2304011078262329
0.795111107826233
0.2304011078262329
0.2304011078262329
0.00488889217376709
5.495111107826233
5.495111107826233
0.2808211078262328
0.00488889217376709
0.00488889217376709
0.00488889217376709
0.00488889217376709
0.4048888921737671
0.00488889217376709
0.07844110782623281
0.6715558921737671
0.6834598921737671
0.6834598921737671
0.9951111078262329
0.3284411078262328
0.3284411078262328
0.3284411078262328
0.3284411078262328
0.9951111078262329
0.9951111078262329
0.9951111078262329
0.9951111078262329
0.661781107826233
0.3382218921737671
0.3284411078262328
0.2451111078262329
0.661781107826233
3.995111107826233
3.995111107826233
0.4496611078262329
0.4496611078262329
0.661781107826233
0.4496611078262329
0.513631107826233
0.4334598921737671
0.5048888921737671
0.5382218921737671
0.5382218921737671
0.2965558921737671
0.7548888921737671
0.00488889217376709
0.00488889217376709
0.00488889217376709
0.00488889217376709
0.00488889217376709
0.00488889217376709
0.00488889217376709
0.9951111078262329
0.00488889217376709
0.00488889217376709
0.00488889217376709
0.00488889217376709
0.5048888921737671
0.6048888921737671
0.5503438921737671
1.995111107826233
1.995111107826233
0.704888892173767
0.19007389217376713
0.00488889217376709
0.00488889217376709
0.19007389217376713
0.9951111078262329
0.36852489217376705
0.00488889217376709
0.00488889217376709
0.3382218921737671
0.1715558921737671
0.1715558921737671
2.995111107826233
2.995111107826233
0.3284411078262328
0.1715558921737671
2.995111107826233
2.995111107826233
