1.0607259273529053
1.0607259273529053
-0.23927407264709477
-0.6059410726470947
0.06072592735290527
0.7273959273529054
-0.10594107264709474
0.7273959273529054
0.5607259273529053
8.060725927352905
8.060725927352905
-0.022607072647094717
10.060725927352905
10.060725927352905
-0.13927407264709468
1.0607259273529053
0.06072592735290527
-0.00823907264709478
2.4357259273529053
2.4357259273529053
0.06072592735290527
-0.13927407264709468
0.1476859273529052
1.8385059273529052
1.8385059273529052
1.5607259273529053
1.0607259273529053
1.5607259273529053
-0.4392740726470947
2.697085927352905
2.697085927352905
0.1923059273529053
-0.22498807264709475
0.3107259273529053
-0.0133480726470947
1.917865927352905
1.917865927352905
-0.10594107264709474
-0.3767740726470947
2.346435927352905
0.06072592735290527
0.06072592735290527
-0.13927407264709468
1.0607259273529053
0.9178659273529053
3.0607259273529053
3.0607259273529053
0.06072592735290527
-0.0017740726470947266
0.06072592735290527
-0.18927407264709473
-0.18927407264709473
0.06072592735290527
-0.6892740726470947
0.06072592735290527
-0.6892740726470947
0.7750159273529054
2.227395927352905
-0.026231072647094678
2.227395927352905
-0.06427407264709473
0.06072592735290527
1.2607259273529055
1.2607259273529055
-0.23339207264709472
-0.050385072647094686
1.0019059273529052
0.6970859273529053
-0.4392740726470947
-0.4392740726470947
-0.4392740726470947
-0.4392740726470947
-0.4392740726470947
1.0607259273529053
3.0607259273529053
1.0607259273529053
0.5607259273529053
3.0607259273529053
-0.050385072647094686
2.8107259273529053
-0.2726070726470947
-0.2726070726470947
-0.33927407264709475
1.0607259273529053
0.06072592735290527
0.06072592735290527
1.0607259273529053
0.06072592735290527
1.0607259273529053
1.0607259273529053
-0.5642740726470947
-0.4503850726470947
2.860725927352905
2.860725927352905
1.5607259273529053
-0.4392740726470947
1.0607259273529053
0.6440559273529052
-0.11784507264709476
0.6440559273529052
-0.6059410726470947
-0.6059410726470947
-0.4392740726470947
0.06072592735290527
-0.2726070726470947
-0.18927407264709473
-0.4392740726470947
0.06072592735290527
-0.33927407264709475
-0.4392740726470947
0.06072592735290527
5.810725927352905
5.810725927352905
-0.10143607264709475
-0.5392740726470947
-0.5392740726470947
-0.5392740726470947
-0.5392740726470947
0.06072592735290527
0.06072592735290527
0.6970859273529053
0.06072592735290527
-0.6892740726470947
-0.18927407264709473
0.001901927352905286
64.0607259273529
0.6078959273529052
64.0607259273529
0.06072592735290527
0.3607259273529053
7.060725927352905
7.060725927352905
0.06072592735290527
2.0607259273529053
2.0607259273529053
2.0607259273529053
0.9357259273529053
-0.6892740726470947
1.0607259273529053
14.560725927352905
3.0607259273529053
1.0607259273529053
0.06072592735290527
0.06072592735290527
0.06072592735290527
1.0607259273529053
-0.17004307264709473
-0.4948300726470947
-0.4948300726470947
5.660725927352905
-0.6059410726470947
1.0607259273529053
1.0607259273529053
0.5607259273529053
-0.2726070726470947
0.5607259273529053
-0.6059410726470947
0.1783759273529053
0.06072592735290527
0.06072592735290527
0.06072592735290527
0.3107259273529053
2.0607259273529053
-0.17004307264709473
2.0607259273529053
-0.8559407726470947
0.14405592735290518
3.5607259273529053
-0.5726070726470947
1.0607259273529053
1.0607259273529053
-0.13927407264709468
-0.18927407264709473
0.06072592735290527
2.5607259273529053
2.5607259273529053
1.4892959273529054
0.5607259273529053
-0.8392740726470947
1.5607259273529053
1.5607259273529053
-0.22498807264709475
-0.2726070726470947
2.0607259273529053
-0.6892740726470947
8.060725927352905
-0.04453707264709472
0.7273959273529054
0.7273959273529054
0.06072592735290527
0.22739592735290537
-0.5944460726470947
-0.5944460726470947
-0.4892740726470947
2.3940559273529054
3.3940559273529054
-0.2726070726470947
2.8940559273529054
0.3940559273529052
1.0607259273529053
-0.35594107264709474
-0.35594107264709474
-0.5182210726470947
-0.007071072647094723
1.1232259273529053
1.1232259273529053
2.346435927352905
2.346435927352905
-0.08213107264709474
1.0607259273529053
0.16072592735290536
0.16072592735290536
2.5607259273529053
0.06072592735290527
0.06072592735290527
-0.5392740726470947
-0.36784507264709476
1.0607259273529053
0.6607259273529054
0.5607259273529053
0.06072592735290527
0.5607259273529053
-0.8678454726470948
-0.8678454726470948
-0.8678454726470948
-0.8281630726470948
-0.13927407264709468
-0.2726070726470947
-0.10594107264709474
3.0607259273529053
3.0607259273529053
0.06072592735290527
0.3940559273529052
0.06072592735290527
2.0607259273529053
0.06072592735290527
2.0607259273529053
-0.08213107264709474
-0.08213107264709474
-0.22498807264709475
0.3107259273529053
-0.22498807264709475
-0.22498807264709475
1.2829459273529054
-0.32563807264709477
-0.32563807264709477
1.4607259273529052
-0.13927407264709468
2.0607259273529053
0.5607259273529053
2.0607259273529053
-0.2726070726470947
1.5607259273529053
-0.07260707264709476
-0.4392740726470947
1.5607259273529053
1.5607259273529053
0.06072592735290527
1.5607259273529053
-0.3837180726470947
0.27501592735290536
-0.2807370726470947
-0.2807370726470947
1.673156976699829
1.673156976699829
0.06072592735290527
0.06072592735290527
0.06072592735290527
5.3803101778030396
0.06072592735290527
0.06072592735290527
0.06072592735290527
-0.21200107264709478
1.0607259273529053
-0.7392740726470948
0.6607259273529054
-0.6535600726470947
0.6321559273529054
-0.36784507264709476
0.20358592735290526
1.8639309406280518
3.0607259273529053
0.3940559273529052
0.8107259273529053
0.48929592735290517
0.8107259273529053
0.06072592735290527
-0.49029407264709474
-0.49029407264709474
0.20358592735290526
0.20358592735290526
0.20358592735290526
0.3464359273529052
0.3464359273529052
0.3464359273529052
3.5607259273529053
0.3464359273529052
0.06072592735290527
1.0607259273529053
0.06072592735290527
-0.06427407264709473
0.8107259273529053
-0.18927407264709473
12.060725927352905
10.673156976699829
0.6718359273529053
-0.17456807264709473
0.6321559273529054
-0.5107030726470947
0.3464359273529052
-0.5526070726470947
-0.5526070726470947
1.2829459273529054
19.060725927352905
0.06072592735290527
3.0607259273529053
1.2829459273529054
0.06072592735290527
1.2829459273529054
1.2829459273529054
-0.20243207264709473
0.06072592735290527
0.06072592735290527
-0.050385072647094686
1.4357259273529053
-0.18927407264709473
-0.2807370726470947
-0.2807370726470947
-0.6592740726470947
0.18072592735290538
0.7750159273529054
0.6321559273529054
0.6321559273529054
0.7750159273529054
0.06072592735290527
-0.16149607264709476
0.3940559273529052
0.06072592735290527
0.3940559273529052
-0.8392740726470947
0.26072592735290523
-0.039274072647094704
0.48929592735290517
0.48929592735290517
0.48929592735290517
0.44534592735290524
-0.7726070726470947
-0.7726070726470947
-0.7726070726470947
1.3940559273529054
0.7273959273529054
0.7273959273529054
1.3940559273529054
-0.4392740726470947
-0.6059410726470947
-0.1535600726470947
-0.1535600726470947
-0.7392740726470948
1.6607259273529054
-0.2854280726470947
1.6607259273529054
0.12739592735290528
12.060725927352905
12.060725927352905
-0.5059410726470948
1.7879959273529051
1.8789059273529052
1.7879959273529051
-0.18927407264709473
1.8107259273529053
1.0190559273529052
1.0190559273529052
1.0190559273529052
6.894055927352905
4.935725927352905
1.0190559273529052
0.7273959273529054
0.06072592735290527
0.06072592735290527
0.06072592735290527
0.06072592735290527
0.7273959273529054
-0.33927407264709475
0.7273959273529054
-0.7309410726470947
-0.7392740726470948
-0.16149607264709476
2.0607259273529053
2.0607259273529053
0.6607259273529054
0.6607259273529054
0.6607259273529054
0.6607259273529054
-0.2628030726470947
-0.2628030726470947
3.0607259273529053
3.0607259273529053
-0.7726070726470947
-0.8392740726470947
-0.8392740726470947
-0.8392740726470947
-0.4392740726470947
-0.4392740726470947
-0.4392740726470947
0.26072592735290523
0.06072592735290527
0.06072592735290527
-0.6535600726470947
-0.5275090726470948
1.7273959273529051
-0.5068420726470948
1.7273959273529051
0.0035829273529052186
0.0035829273529052186
1.0607259273529053
0.5607259273529053
2.0607259273529053
-0.6892740726470947
-0.6892740726470947
-0.6892740726470947
-0.6892740726470947
-0.23927407264709477
1.7750159273529054
-0.2821310726470947
1.7750159273529054
-0.10594107264709474
-0.10594107264709474
1.3107259273529053
-0.4392740726470947
1.0607259273529053
-0.2726070726470947
-0.2726070726470947
0.3107259273529053
0.09520592735290534
0.09520592735290534
-0.4392740726470947
-0.4392740726470947
-0.4392740726470947
-0.4392740726470947
1.5607259273529053
0.06072592735290527
0.06072592735290527
0.06072592735290527
0.27811592735290525
1.6857259273529053
1.6857259273529053
-0.026231072647094678
1.0607259273529053
-0.6059410726470947
2.0607259273529053
2.0607259273529053
2.0607259273529053
2.0607259273529053
-0.6059410726470947
-0.33927407264709475
1.0607259273529053
1.0607259273529053
-0.2726070726470947
-0.2726070726470947
0.06072592735290527
-0.6059410726470947
-0.6059410726470947
-0.6059410726470947
-0.5392740726470947
-0.5392740726470947
3.5607259273529053
-0.4392740726470947
0.5607259273529053
2.727395927352905
-0.050385072647094686
-0.050385072647094686
0.22739592735290537
0.22739592735290537
0.22739592735290537
13.060725927352905
0.22739592735290537
-0.2726070726470947
-0.2726070726470947
-0.37405707264709476
-0.6784040726470948
-0.4392740726470947
0.06072592735290527
8.394055927352905
8.394055927352905
-0.09078907264709468
0.06072592735290527
1.0607259273529053
0.06072592735290527
9.060725927352905
-0.33927407264709475
0.6321559273529054
0.6321559273529054
0.6321559273529054
0.6321559273529054
0.6321559273529054
0.6321559273529054
-0.13927407264709468
-0.33927407264709475
-0.18927407264709473
-0.18927407264709473
-0.18927407264709473
-0.6784040726470948
2.0607259273529053
-0.5044910726470948
2.0607259273529053
0.4607259273529052
0.6607259273529054
0.06072592735290527
-0.2726070726470947
-0.5392740726470947
-0.2726070726470947
0.005169927352905224
0.005169927352905224
0.3334559273529052
13.060725927352905
6.060725927352905
0.3334559273529052
0.3334559273529052
0.3334559273529052
-0.6059410726470947
-0.6059410726470947
5.060725927352905
5.060725927352905
0.5107259273529052
-0.4392740726470947
0.06072592735290527
-0.6892740726470947
1.2273959273529051
-0.5017740726470947
1.2273959273529051
-0.5330240726470947
-0.2726070726470947
-0.35862907264709476
-0.35862907264709476
-0.2726070726470947
-0.4392740726470947
-0.4392740726470947
0.6857259273529053
0.6857259273529053
0.6857259273529053
3.3940559273529054
2.7750159273529054
0.6857259273529053
0.5607259273529053
0.5607259273529053
0.06072592735290527
1.5607259273529053
1.3940559273529054
-0.5392740726470947
-0.5392740726470947
2.0607259273529053
2.0607259273529053
13.060725927352905
13.060725927352905
0.5607259273529053
0.06072592735290527
0.3107259273529053
0.3107259273529053
8.060725927352905
12.560725927352905
0.3464359273529052
0.3464359273529052
0.3464359273529052
0.3464359273529052
3.0607259273529053
0.06072592735290527
-0.2726070726470947
1.917865927352905
-0.22959707264709472
1.917865927352905
-0.29411307264709474
-0.22498807264709475
-0.5107030726470947
0.3464359273529052
0.06072592735290527
-0.5392740726470947
1.0607259273529053
-0.3003850726470947
-0.3003850726470947
-0.6059410726470947
1.4607259273529052
1.4607259273529052
1.4607259273529052
7.060725927352905
1.4607259273529052
3.0607259273529053
-0.09312007264709476
3.660725927352905
0.06072592735290527
3.660725927352905
-0.32637107264709475
1.3464359273529052
-0.4392740726470947
1.3464359273529052
-0.4231450726470948
1.8107259273529053
-0.18927407264709473
2.5607259273529053
-0.4392740726470947
-0.7668600726470947
-0.7668600726470947
-0.7668600726470947
-0.6059410726470947
2.727395927352905
0.06072592735290527
-0.4548990726470947
-0.4548990726470947
0.06072592735290527
0.06072592735290527
1.0607259273529053
1.5607259273529053
1.5607259273529053
1.5607259273529053
2.3940559273529054
2.3940559273529054
1.5607259273529053
0.8607259273529053
1.4607259273529052
-0.33927407264709475
-0.3029100726470947
6.394055927352905
0.28294592735290536
6.394055927352905
0.06072592735290527
0.005169927352905224
4.727395927352905
4.727395927352905
0.17183592735290532
-0.4392740726470947
0.3107259273529053
0.06072592735290527
-0.2726070726470947
3.203585927352905
3.203585927352905
3.346435927352905
3.346435927352905
28.060725927352905
-0.18927407264709473
-0.6892740726470947
0.06072592735290527
0.06072592735290527
-0.08852807264709472
-0.08852807264709472
6.560725927352905
0.13215592735290538
6.560725927352905
-0.2726070726470947
1.0607259273529053
0.26072592735290523
0.10239592735290537
3.660725927352905
3.660725927352905
0.06072592735290527
0.019058927352905264
0.06072592735290527
0.18572592735290527
-0.8142740726470947
0.06072592735290527
0.18572592735290527
0.3107259273529053
8.060725927352905
1.3107259273529053
0.3107259273529053
0.18572592735290527
-0.2726070726470947
0.47739592735290537
0.47739592735290537
-0.7392740726470948
-0.7392740726470948
-0.7392740726470948
-0.10594107264709474
0.06072592735290527
0.16598592735290518
3.2607259273529055
0.16598592735290518
3.2607259273529055
-0.4392740726470947
-0.5642740726470947
0.18572592735290527
5.060725927352905
5.060725927352905
0.8107259273529053
0.8107259273529053
0.18572592735290527
-0.5392740726470947
0.06072592735290527
-0.5392740726470947
-0.23927407264709477
-0.5107030726470947
-0.36784507264709476
-0.7964170726470947
0.8940559273529052
-0.2550630726470947
0.8940559273529052
-0.36032707264709474
-0.33927407264709475
3.489295927352905
3.489295927352905
-0.07085307264709473
0.06072592735290527
-0.6892740726470947
1.616285927352905
6.727395927352905
2.1857259273529053
4.810725927352905
1.616285927352905
1.8385059273529052
-0.2607030726470947
-0.2607030726470947
-0.6059410726470947
0.06072592735290527
-0.6892740726470947
-0.6892740726470947
-0.6892740726470947
-0.6059410726470947
0.7273959273529054
-0.18927407264709473
0.06072592735290527
0.06072592735290527
0.06072592735290527
0.06072592735290527
14.060725927352905
14.060725927352905
0.06072592735290527
-0.6059410726470947
-0.6059410726470947
-0.6059410726470947
0.06072592735290527
0.06072592735290527
6.810725927352905
6.810725927352905
9.060725927352905
4.060725927352905
4.060725927352905
4.060725927352905
-0.4392740726470947
-0.4392740726470947
-0.4392740726470947
-0.4392740726470947
-0.3216270726470948
-0.3216270726470948
-0.3142740726470947
-0.18927407264709473
-0.5642740726470947
0.06072592735290527
-0.2726070726470947
1.6607259273529054
1.6607259273529054
-0.2574560726470947
-0.3483650726470947
0.4607259273529052
0.4607259273529052
0.4607259273529052
0.8107259273529053
4.673156976699829
4.673156976699829
-0.45540307264709473
-0.45540307264709473
0.06072592735290527
-0.7392740726470948
0.06072592735290527
-0.4392740726470947
3.2607259273529055
-0.18927407264709473
3.2607259273529055
-0.13927407264709468
0.06072592735290527
1.3464359273529052
1.3464359273529052
-0.09716907264709473
1.3940559273529054
0.7273959273529054
1.3940559273529054
4.060725927352905
4.060725927352905
0.7273959273529054
-0.4392740726470947
-0.4392740726470947
-0.4392740726470947
-0.36784507264709476
-0.36784507264709476
1.0607259273529053
0.44534592735290524
0.44534592735290524
0.44534592735290524
-0.4392740726470947
-0.6059410726470947
-0.2726070726470947
-0.6059410726470947
0.17183592735290532
2.3940559273529054
2.3940559273529054
0.17183592735290532
0.7273959273529054
0.7273959273529054
1.0607259273529053
0.06072592735290527
0.06072592735290527
0.4724859273529052
0.4724859273529052
0.06072592735290527
7.060725927352905
0.5607259273529053
7.060725927352905
-0.4392740726470947
-0.4392740726470947
0.06072592735290527
-0.4392740726470947
-0.4392740726470947
4.560725927352905
0.5273959273529052
4.560725927352905
0.6232259273529053
-0.7726070726470947
0.6607259273529054
0.6607259273529054
0.6607259273529054
0.1970859273529053
0.1970859273529053
0.1970859273529053
3.0607259273529053
3.0607259273529053
3.0607259273529053
3.0607259273529053
3.0607259273529053
0.027392927352905327
0.06072592735290527
0.06072592735290527
0.027392927352905327
0.06072592735290527
0.06072592735290527
0.06072592735290527
0.06072592735290527
0.06072592735290527
0.06072592735290527
0.06072592735290527
0.06072592735290527
-0.23927407264709477
-0.7170520726470947
1.0607259273529053
1.0607259273529053
0.4681359273529053
18.060725927352905
18.060725927352905
2.460725927352905
2.460725927352905
-0.5392740726470947
0.19865592735290538
0.19865592735290538
0.19865592735290538
-0.6059410726470947
-0.6059410726470947
-0.2726070726470947
0.10072592735290531
0.10072592735290531
-0.10594107264709474
0.3464359273529052
0.3464359273529052
0.3464359273529052
0.16072592735290536
0.22739592735290537
0.15163592735290532
0.15163592735290532
-0.7574560726470947
-0.17736907264709467
-0.17736907264709467
0.8607259273529053
0.8607259273529053
0.8607259273529053
0.26072592735290523
0.26072592735290523
0.26072592735290523
0.26072592735290523
0.3107259273529053
1.8107259273529053
-0.20594107264709471
1.8107259273529053
0.3940559273529052
7.060725927352905
7.060725927352905
0.5607259273529053
0.3548459273529052
0.3548459273529052
0.3548459273529052
0.15596592735290526
-0.6535600726470947
1.0607259273529053
0.15596592735290526
0.3940559273529052
-0.7039800726470947
0.3940559273529052
-0.6059410726470947
-0.6059410726470947
-0.6059410726470947
-0.16149607264709476
0.06072592735290527
-0.16149607264709476
0.06072592735290527
0.5607259273529053
-0.08213107264709474
-0.08213107264709474
-0.22498807264709475
9.673156976699829
9.673156976699829
-0.08213107264709474
0.26072592735290523
-0.7628030726470947
-0.4392740726470947
-0.4392740726470947
-0.4392740726470947
-0.4392740726470947
-0.6059410726470947
12.060725927352905
0.5051659273529052
12.060725927352905
1.0607259273529053
1.0607259273529053
1.0607259273529053
0.2220159273529052
-0.18927407264709473
0.2220159273529052
0.3107259273529053
1.0607259273529053
1.0607259273529053
0.06072592735290527
1.0607259273529053
-0.2726070726470947
-0.2726070726470947
-0.2726070726470947
0.03215492735290526
24.060725927352905
-0.1816980726470947
24.060725927352905
-0.10594107264709474
0.24591592735290524
-0.050385072647094686
0.08850592735290519
36.060725927352905
36.060725927352905
0.06072592735290527
0.06072592735290527
0.06072592735290527
0.06072592735290527
0.06072592735290527
0.06072592735290527
0.06072592735290527
-0.2726070726470947
-0.030183072647094744
-0.030183072647094744
2.0607259273529053
0.06072592735290527
2.0607259273529053
-0.030183072647094744
0.06072592735290527
0.22739592735290537
0.22739592735290537
0.4357259273529053
0.22739592735290537
4.060725927352905
5.060725927352905
5.060725927352905
1.9039325714111328
5.060725927352905
7.060725927352905
7.060725927352905
7.060725927352905
0.18975592735290525
0.18975592735290525
-0.4392740726470947
-0.4392740726470947
0.06072592735290527
0.06072592735290527
0.06072592735290527
0.06072592735290527
0.06072592735290527
1.673156976699829
0.06072592735290527
1.673156976699829
-0.4392740726470947
0.06072592735290527
-0.4392740726470947
-0.4392740726470947
-0.10594107264709474
-0.2726070726470947
-0.8651999726470947
-0.2726070726470947
0.13479592735290535
0.06072592735290527
-0.23472907264709475
-0.15666507264709473
-0.996595025062561
0.7482259273529053
0.8607259273529053
0.8607259273529053
0.5607259273529053
0.8607259273529053
0.6607259273529054
3.0607259273529053
3.0607259273529053
-0.5199190726470948
-0.5199190726470948
1.0607259273529053
1.0607259273529053
1.0607259273529053
1.0607259273529053
-0.7392740726470948
0.2960159273529053
0.8607259273529053
0.2960159273529053
0.2960159273529053
0.06072592735290527
5.560725927352905
5.560725927352905
0.3464359273529052
0.06072592735290527
0.06072592735290527
0.06072592735290527
0.06072592735290527
-0.33927407264709475
0.06072592735290527
0.14405592735290518
-0.6059410726470947
-0.6178450726470948
-0.6178450726470948
1.0607259273529053
0.3940559273529052
0.3940559273529052
0.3940559273529052
0.3940559273529052
1.0607259273529053
1.0607259273529053
1.0607259273529053
1.0607259273529053
0.7273959273529054
-0.2726070726470947
0.3940559273529052
0.3107259273529053
0.7273959273529054
4.060725927352905
4.060725927352905
0.5152759273529053
0.5152759273529053
0.7273959273529054
0.5152759273529053
0.5792459273529054
-0.36784507264709476
-0.4392740726470947
-0.47260707264709473
-0.47260707264709473
-0.23094107264709474
-0.6892740726470947
0.06072592735290527
0.06072592735290527
0.06072592735290527
0.06072592735290527
0.06072592735290527
0.06072592735290527
0.06072592735290527
1.0607259273529053
0.06072592735290527
0.06072592735290527
0.06072592735290527
0.06072592735290527
-0.4392740726470947
-0.5392740726470947
-0.48472907264709475
2.0607259273529053
2.0607259273529053
-0.6392740726470947
-0.12445907264709477
0.06072592735290527
0.06072592735290527
-0.12445907264709477
1.0607259273529053
-0.3029100726470947
0.03422224521636963
-1.326843023300171
-0.2726070726470947
-0.10594107264709474
-0.10594107264709474
1.673156976699829
1.673156976699829
0.3940559273529052
-0.10594107264709474
3.0607259273529053
3.0607259273529053
