0.9930311441421509
0.9930311441421509
0.30696885585784917
0.6736358558578491
0.006968855857849121
0.659701144142151
0.17363585585784913
0.659701144142151
0.4930311441421509
7.993031144142151
7.993031144142151
0.09030185585784911
9.99303114414215
9.99303114414215
0.20696885585784908
0.9930311441421509
0.006968855857849121
0.07593385585784918
2.368031144142151
2.368031144142151
0.006968855857849121
0.20696885585784908
0.0799911441421508
1.7708111441421508
1.7708111441421508
1.4930311441421509
0.9930311441421509
1.4930311441421509
0.5069688558578491
2.6293911441421507
2.6293911441421507
0.12461114414215091
0.29268285585784914
0.24303114414215088
0.0810428558578491
1.8501711441421507
1.8501711441421507
0.17363585585784913
0.4444688558578491
2.278741144142151
0.006968855857849121
0.006968855857849121
0.20696885585784908
0.9930311441421509
0.8501711441421509
2.993031144142151
2.993031144142151
0.006968855857849121
0.06946885585784912
0.006968855857849121
0.2569688558578491
0.2569688558578491
0.006968855857849121
0.7569688558578491
0.006968855857849121
0.7569688558578491
0.707321144142151
2.1597011441421508
0.09392585585784907
2.1597011441421508
0.13196885585784912
0.006968855857849121
1.193031144142151
1.193031144142151
0.3010868558578491
0.11807985585784908
0.9342111441421508
0.6293911441421509
0.5069688558578491
0.5069688558578491
0.5069688558578491
0.5069688558578491
0.5069688558578491
0.9930311441421509
2.993031144142151
0.9930311441421509
0.4930311441421509
2.993031144142151
0.11807985585784908
2.743031144142151
0.3403018558578491
0.3403018558578491
0.40696885585784914
0.9930311441421509
0.006968855857849121
0.006968855857849121
0.9930311441421509
0.006968855857849121
0.9930311441421509
0.9930311441421509
0.6319688558578491
0.5180798558578491
2.7930311441421507
2.7930311441421507
1.4930311441421509
0.5069688558578491
0.9930311441421509
0.5763611441421508
0.18553985585784916
0.5763611441421508
0.6736358558578491
0.6736358558578491
0.5069688558578491
0.006968855857849121
0.3403018558578491
0.2569688558578491
0.5069688558578491
0.006968855857849121
0.40696885585784914
0.5069688558578491
0.006968855857849121
5.743031144142151
5.743031144142151
0.16913085585784915
0.6069688558578491
0.6069688558578491
0.6069688558578491
0.6069688558578491
0.006968855857849121
0.006968855857849121
0.6293911441421509
0.006968855857849121
0.7569688558578491
0.2569688558578491
0.06579285585784911
63.99303114414215
0.5402011441421508
63.99303114414215
0.006968855857849121
0.2930311441421509
6.993031144142151
6.993031144142151
0.006968855857849121
1.9930311441421509
1.9930311441421509
1.9930311441421509
0.8680311441421509
0.7569688558578491
0.9930311441421509
14.49303114414215
2.993031144142151
0.9930311441421509
0.006968855857849121
0.006968855857849121
0.006968855857849121
0.9930311441421509
0.23773785585784912
0.5625248558578491
0.5625248558578491
5.5930311441421505
0.6736358558578491
0.9930311441421509
0.9930311441421509
0.4930311441421509
0.3403018558578491
0.4930311441421509
0.6736358558578491
0.11068114414215091
0.006968855857849121
0.006968855857849121
0.006968855857849121
0.24303114414215088
1.9930311441421509
0.23773785585784912
1.9930311441421509
0.9236355558578491
0.07636114414215078
3.493031144142151
0.640301855857849
0.9930311441421509
0.9930311441421509
0.20696885585784908
0.2569688558578491
0.006968855857849121
2.493031144142151
2.493031144142151
1.421601144142151
0.4930311441421509
0.9069688558578491
1.4930311441421509
1.4930311441421509
0.29268285585784914
0.3403018558578491
1.9930311441421509
0.7569688558578491
7.993031144142151
0.11223185585784912
0.659701144142151
0.659701144142151
0.006968855857849121
0.15970114414215097
0.6621408558578491
0.6621408558578491
0.5569688558578492
2.326361144142151
3.326361144142151
0.3403018558578491
2.826361144142151
0.3263611441421508
0.9930311441421509
0.42363585585784913
0.42363585585784913
0.5859158558578491
0.07476585585784912
1.0555311441421509
1.0555311441421509
2.278741144142151
2.278741144142151
0.14982585585784913
0.9930311441421509
0.09303114414215097
0.09303114414215097
2.493031144142151
0.006968855857849121
0.006968855857849121
0.6069688558578491
0.43553985585784916
0.9930311441421509
0.593031144142151
0.4930311441421509
0.006968855857849121
0.4930311441421509
0.9355402558578492
0.9355402558578492
0.9355402558578492
0.8958578558578492
0.20696885585784908
0.3403018558578491
0.17363585585784913
2.993031144142151
2.993031144142151
0.006968855857849121
0.3263611441421508
0.006968855857849121
1.9930311441421509
0.006968855857849121
1.9930311441421509
0.14982585585784913
0.14982585585784913
0.29268285585784914
0.24303114414215088
0.29268285585784914
0.29268285585784914
1.215251144142151
0.39333285585784916
0.39333285585784916
1.3930311441421508
0.20696885585784908
1.9930311441421509
0.4930311441421509
1.9930311441421509
0.3403018558578491
1.4930311441421509
0.14030185585784916
0.5069688558578491
1.4930311441421509
1.4930311441421509
0.006968855857849121
1.4930311441421509
0.45141285585784907
0.20732114414215097
0.3484318558578491
0.3484318558578491
2.993031144142151
2.993031144142151
0.006968855857849121
0.006968855857849121
0.006968855857849121
5.993031144142151
0.006968855857849121
0.006968855857849121
0.006968855857849121
0.2796958558578492
0.9930311441421509
0.8069688558578492
0.593031144142151
0.7212548558578491
0.564461144142151
0.43553985585784916
0.13589114414215087
2.993031144142151
2.993031144142151
0.3263611441421508
0.7430311441421509
0.4216011441421508
0.7430311441421509
0.006968855857849121
0.5579888558578492
0.5579888558578492
0.13589114414215087
0.13589114414215087
0.13589114414215087
0.2787411441421508
0.2787411441421508
0.2787411441421508
3.493031144142151
0.2787411441421508
0.006968855857849121
0.9930311441421509
0.006968855857849121
0.13196885585784912
0.7430311441421509
0.2569688558578491
11.99303114414215
11.99303114414215
0.6041411441421509
0.24226285585784912
0.564461144142151
0.5783978558578491
0.2787411441421508
0.6203018558578491
0.6203018558578491
1.215251144142151
18.99303114414215
0.006968855857849121
2.993031144142151
1.215251144142151
0.006968855857849121
1.215251144142151
1.215251144142151
0.2701268558578491
0.006968855857849121
0.006968855857849121
0.11807985585784908
1.3680311441421509
0.2569688558578491
0.3484318558578491
0.3484318558578491
0.7269688558578491
0.11303114414215099
0.707321144142151
0.564461144142151
0.564461144142151
0.707321144142151
0.006968855857849121
0.22919085585784915
0.3263611441421508
0.006968855857849121
0.3263611441421508
0.9069688558578491
0.19303114414215083
0.1069688558578491
0.4216011441421508
0.4216011441421508
0.4216011441421508
0.37765114414215084
0.8403018558578491
0.8403018558578491
0.8403018558578491
1.326361144142151
0.659701144142151
0.659701144142151
1.326361144142151
0.5069688558578491
0.6736358558578491
0.2212548558578491
0.2212548558578491
0.8069688558578492
1.593031144142151
0.3531228558578491
1.593031144142151
0.059701144142150886
11.99303114414215
11.99303114414215
0.5736358558578492
1.7203011441421507
1.8112111441421508
1.7203011441421507
0.2569688558578491
1.7430311441421509
0.9513611441421508
0.9513611441421508
0.9513611441421508
6.826361144142151
4.868031144142151
0.9513611441421508
0.659701144142151
0.006968855857849121
0.006968855857849121
0.006968855857849121
0.006968855857849121
0.659701144142151
0.40696885585784914
0.659701144142151
0.7986358558578491
0.8069688558578492
0.22919085585784915
1.9930311441421509
1.9930311441421509
0.593031144142151
0.593031144142151
0.593031144142151
0.593031144142151
0.3304978558578491
0.3304978558578491
2.993031144142151
2.993031144142151
0.8403018558578491
0.9069688558578491
0.9069688558578491
0.9069688558578491
0.5069688558578491
0.5069688558578491
0.5069688558578491
0.19303114414215083
0.006968855857849121
0.006968855857849121
0.7212548558578491
0.5952038558578492
1.6597011441421508
0.5745368558578492
1.6597011441421508
0.06411185585784918
0.06411185585784918
0.9930311441421509
0.4930311441421509
1.9930311441421509
0.7569688558578491
0.7569688558578491
0.7569688558578491
0.7569688558578491
0.30696885585784917
1.707321144142151
0.3498258558578491
1.707321144142151
0.17363585585784913
0.17363585585784913
1.2430311441421509
0.5069688558578491
0.9930311441421509
0.3403018558578491
0.3403018558578491
0.24303114414215088
0.027511144142150945
0.027511144142150945
0.5069688558578491
0.5069688558578491
0.5069688558578491
0.5069688558578491
1.4930311441421509
0.006968855857849121
0.006968855857849121
0.006968855857849121
0.21042114414215085
1.6180311441421509
1.6180311441421509
0.09392585585784907
0.9930311441421509
0.6736358558578491
1.9930311441421509
1.9930311441421509
1.9930311441421509
1.9930311441421509
0.6736358558578491
0.40696885585784914
0.9930311441421509
0.9930311441421509
0.3403018558578491
0.3403018558578491
0.006968855857849121
0.6736358558578491
0.6736358558578491
0.6736358558578491
0.6069688558578491
0.6069688558578491
3.493031144142151
0.5069688558578491
0.4930311441421509
2.6597011441421508
0.11807985585784908
0.11807985585784908
0.15970114414215097
0.15970114414215097
0.15970114414215097
12.99303114414215
0.15970114414215097
0.3403018558578491
0.3403018558578491
0.44175185585784915
0.7460988558578492
0.5069688558578491
0.006968855857849121
8.326361144142151
8.326361144142151
0.15848385585784908
0.006968855857849121
0.9930311441421509
0.006968855857849121
8.99303114414215
0.40696885585784914
0.564461144142151
0.564461144142151
0.564461144142151
0.564461144142151
0.564461144142151
0.564461144142151
0.20696885585784908
0.40696885585784914
0.2569688558578491
0.2569688558578491
0.2569688558578491
0.7460988558578492
1.9930311441421509
0.5721858558578492
1.9930311441421509
0.3930311441421508
0.593031144142151
0.006968855857849121
0.3403018558578491
0.6069688558578491
0.3403018558578491
0.06252485585784917
0.06252485585784917
0.2657611441421508
12.99303114414215
5.993031144142151
0.2657611441421508
0.2657611441421508
0.2657611441421508
0.6736358558578491
0.6736358558578491
4.993031144142151
4.993031144142151
0.44303114414215083
0.5069688558578491
0.006968855857849121
0.7569688558578491
1.1597011441421508
0.5694688558578491
1.1597011441421508
0.6007188558578491
0.3403018558578491
0.42632385585784915
0.42632385585784915
0.3403018558578491
0.5069688558578491
0.5069688558578491
0.6180311441421509
0.6180311441421509
0.6180311441421509
3.326361144142151
2.707321144142151
0.6180311441421509
0.4930311441421509
0.4930311441421509
0.006968855857849121
1.4930311441421509
1.326361144142151
0.6069688558578491
0.6069688558578491
1.9930311441421509
1.9930311441421509
12.99303114414215
12.99303114414215
0.4930311441421509
0.006968855857849121
0.24303114414215088
0.24303114414215088
7.993031144142151
12.49303114414215
0.2787411441421508
0.2787411441421508
0.2787411441421508
0.2787411441421508
2.993031144142151
0.006968855857849121
0.3403018558578491
1.8501711441421507
0.2972918558578491
1.8501711441421507
0.36180785585784914
0.29268285585784914
0.5783978558578491
0.2787411441421508
0.006968855857849121
0.6069688558578491
0.9930311441421509
0.3680798558578491
0.3680798558578491
0.6736358558578491
1.3930311441421508
1.3930311441421508
1.3930311441421508
6.993031144142151
1.3930311441421508
2.993031144142151
0.16081485585784916
3.5930311441421505
0.006968855857849121
3.5930311441421505
0.39406585585784915
1.2787411441421508
0.5069688558578491
1.2787411441421508
0.49083985585784917
1.7430311441421509
0.2569688558578491
2.493031144142151
0.5069688558578491
0.834554855857849
0.834554855857849
0.834554855857849
0.6736358558578491
2.6597011441421508
0.006968855857849121
0.5225938558578491
0.5225938558578491
0.006968855857849121
0.006968855857849121
0.9930311441421509
1.4930311441421509
1.4930311441421509
1.4930311441421509
2.326361144142151
2.326361144142151
1.4930311441421509
0.7930311441421509
1.3930311441421508
0.40696885585784914
0.3706048558578491
6.326361144142151
0.21525114414215096
6.326361144142151
0.006968855857849121
0.06252485585784917
4.659701144142151
4.659701144142151
0.10414114414215092
0.5069688558578491
0.24303114414215088
0.006968855857849121
0.3403018558578491
3.1358911441421506
3.1358911441421506
3.278741144142151
3.278741144142151
27.99303114414215
0.2569688558578491
0.7569688558578491
0.006968855857849121
0.006968855857849121
0.15622285585784912
0.15622285585784912
6.493031144142151
0.06446114414215098
6.493031144142151
0.3403018558578491
0.9930311441421509
0.19303114414215083
0.034701144142150975
3.5930311441421505
3.5930311441421505
0.006968855857849121
0.04863585585784913
0.006968855857849121
0.11803114414215088
0.8819688558578491
0.006968855857849121
0.11803114414215088
0.24303114414215088
7.993031144142151
1.2430311441421509
0.24303114414215088
0.11803114414215088
0.3403018558578491
0.409701144142151
0.409701144142151
0.8069688558578492
0.8069688558578492
0.8069688558578492
0.17363585585784913
0.006968855857849121
0.09829114414215079
3.193031144142151
0.09829114414215079
3.193031144142151
0.5069688558578491
0.6319688558578491
0.11803114414215088
4.993031144142151
4.993031144142151
0.7430311441421509
0.7430311441421509
0.11803114414215088
0.6069688558578491
0.006968855857849121
0.6069688558578491
0.30696885585784917
0.5783978558578491
0.43553985585784916
0.8641118558578491
0.8263611441421508
0.3227578558578491
0.8263611441421508
0.42802185585784913
0.40696885585784914
3.4216011441421506
3.4216011441421506
0.13854785585784912
0.006968855857849121
0.7569688558578491
1.5485911441421507
6.659701144142151
2.118031144142151
4.743031144142151
1.5485911441421507
1.7708111441421508
0.3283978558578491
0.3283978558578491
0.6736358558578491
0.006968855857849121
0.7569688558578491
0.7569688558578491
0.7569688558578491
0.6736358558578491
0.659701144142151
0.2569688558578491
0.006968855857849121
0.006968855857849121
0.006968855857849121
0.006968855857849121
13.99303114414215
13.99303114414215
0.006968855857849121
0.6736358558578491
0.6736358558578491
0.6736358558578491
0.006968855857849121
0.006968855857849121
6.743031144142151
6.743031144142151
8.99303114414215
3.993031144142151
3.993031144142151
3.993031144142151
0.5069688558578491
0.5069688558578491
0.5069688558578491
0.5069688558578491
0.3893218558578492
0.3893218558578492
0.3819688558578491
0.2569688558578491
0.6319688558578491
0.006968855857849121
0.3403018558578491
1.593031144142151
1.593031144142151
0.3251508558578491
0.4160598558578491
0.3930311441421508
0.3930311441421508
0.3930311441421508
0.7430311441421509
5.993031144142151
5.993031144142151
0.5230978558578492
0.5230978558578492
0.006968855857849121
0.8069688558578492
0.006968855857849121
0.5069688558578491
3.193031144142151
0.2569688558578491
3.193031144142151
0.20696885585784908
0.006968855857849121
1.2787411441421508
1.2787411441421508
0.16486385585784913
1.326361144142151
0.659701144142151
1.326361144142151
3.993031144142151
3.993031144142151
0.659701144142151
0.5069688558578491
0.5069688558578491
0.5069688558578491
0.43553985585784916
0.43553985585784916
0.9930311441421509
0.37765114414215084
0.37765114414215084
0.37765114414215084
0.5069688558578491
0.6736358558578491
0.3403018558578491
0.6736358558578491
0.10414114414215092
2.326361144142151
2.326361144142151
0.10414114414215092
0.659701144142151
0.659701144142151
0.9930311441421509
0.006968855857849121
0.006968855857849121
0.4047911441421508
0.4047911441421508
0.006968855857849121
6.993031144142151
0.4930311441421509
6.993031144142151
0.5069688558578491
0.5069688558578491
0.006968855857849121
0.5069688558578491
0.5069688558578491
4.493031144142151
0.4597011441421508
4.493031144142151
0.5555311441421509
0.8403018558578491
0.593031144142151
0.593031144142151
0.593031144142151
0.12939114414215092
0.12939114414215092
0.12939114414215092
2.993031144142151
2.993031144142151
2.993031144142151
2.993031144142151
2.993031144142151
0.04030185585784907
0.006968855857849121
0.006968855857849121
0.04030185585784907
0.006968855857849121
0.006968855857849121
0.006968855857849121
0.006968855857849121
0.006968855857849121
0.006968855857849121
0.006968855857849121
0.006968855857849121
0.30696885585784917
0.7847468558578491
0.9930311441421509
0.9930311441421509
0.40044114414215093
17.99303114414215
17.99303114414215
2.393031144142151
2.393031144142151
0.6069688558578491
0.130961144142151
0.130961144142151
0.130961144142151
0.6736358558578491
0.6736358558578491
0.3403018558578491
0.033031144142150914
0.033031144142150914
0.17363585585784913
0.2787411441421508
0.2787411441421508
0.2787411441421508
0.09303114414215097
0.15970114414215097
0.08394114414215093
0.08394114414215093
0.8251508558578491
0.24506385585784907
0.24506385585784907
0.7930311441421509
0.7930311441421509
0.7930311441421509
0.19303114414215083
0.19303114414215083
0.19303114414215083
0.19303114414215083
0.24303114414215088
1.7430311441421509
0.2736358558578491
1.7430311441421509
0.3263611441421508
6.993031144142151
6.993031144142151
0.4930311441421509
0.2871511441421508
0.2871511441421508
0.2871511441421508
0.08827114414215087
0.7212548558578491
0.9930311441421509
0.08827114414215087
0.3263611441421508
0.7716748558578491
0.3263611441421508
0.6736358558578491
0.6736358558578491
0.6736358558578491
0.22919085585784915
0.006968855857849121
0.22919085585784915
0.006968855857849121
0.4930311441421509
0.14982585585784913
0.14982585585784913
0.29268285585784914
10.99303114414215
10.99303114414215
0.14982585585784913
0.19303114414215083
0.8304978558578491
0.5069688558578491
0.5069688558578491
0.5069688558578491
0.5069688558578491
0.6736358558578491
11.99303114414215
0.4374711441421508
11.99303114414215
0.9930311441421509
0.9930311441421509
0.9930311441421509
0.1543211441421508
0.2569688558578491
0.1543211441421508
0.24303114414215088
0.9930311441421509
0.9930311441421509
0.006968855857849121
0.9930311441421509
0.3403018558578491
0.3403018558578491
0.3403018558578491
0.035539855857849134
23.99303114414215
0.2493928558578491
23.99303114414215
0.17363585585784913
0.17822114414215084
0.11807985585784908
0.020811144142150795
35.99303114414215
35.99303114414215
0.006968855857849121
0.006968855857849121
0.006968855857849121
0.006968855857849121
0.006968855857849121
0.006968855857849121
0.006968855857849121
0.3403018558578491
0.09787785585784914
0.09787785585784914
1.9930311441421509
0.006968855857849121
1.9930311441421509
0.09787785585784914
0.006968855857849121
0.15970114414215097
0.15970114414215097
0.3680311441421509
0.15970114414215097
3.993031144142151
4.993031144142151
4.993031144142151
2.993031144142151
4.993031144142151
6.993031144142151
6.993031144142151
6.993031144142151
0.12206114414215086
0.12206114414215086
0.5069688558578491
0.5069688558578491
0.006968855857849121
0.006968855857849121
0.006968855857849121
0.006968855857849121
0.006968855857849121
2.993031144142151
0.006968855857849121
2.993031144142151
0.5069688558578491
0.006968855857849121
0.5069688558578491
0.5069688558578491
0.17363585585784913
0.3403018558578491
0.9328947558578491
0.3403018558578491
0.06710114414215096
0.006968855857849121
0.30242385585784914
0.22435985585784912
0.006968855857849121
0.6805311441421509
0.7930311441421509
0.7930311441421509
0.4930311441421509
0.7930311441421509
0.593031144142151
2.993031144142151
2.993031144142151
0.5876138558578492
0.5876138558578492
0.9930311441421509
0.9930311441421509
0.9930311441421509
0.9930311441421509
0.8069688558578492
0.22832114414215088
0.7930311441421509
0.22832114414215088
0.22832114414215088
0.006968855857849121
5.493031144142151
5.493031144142151
0.2787411441421508
0.006968855857849121
0.006968855857849121
0.006968855857849121
0.006968855857849121
0.40696885585784914
0.006968855857849121
0.07636114414215078
0.6736358558578491
0.6855398558578492
0.6855398558578492
0.9930311441421509
0.3263611441421508
0.3263611441421508
0.3263611441421508
0.3263611441421508
0.9930311441421509
0.9930311441421509
0.9930311441421509
0.9930311441421509
0.659701144142151
0.3403018558578491
0.3263611441421508
0.24303114414215088
0.659701144142151
3.993031144142151
3.993031144142151
0.4475811441421509
0.4475811441421509
0.659701144142151
0.4475811441421509
0.511551144142151
0.43553985585784916
0.5069688558578491
0.5403018558578492
0.5403018558578492
0.29863585585784913
0.7569688558578491
0.006968855857849121
0.006968855857849121
0.006968855857849121
0.006968855857849121
0.006968855857849121
0.006968855857849121
0.006968855857849121
0.9930311441421509
0.006968855857849121
0.006968855857849121
0.006968855857849121
0.006968855857849121
0.5069688558578491
0.6069688558578491
0.5524238558578491
1.9930311441421509
1.9930311441421509
0.7069688558578491
0.19215385585784917
0.006968855857849121
0.006968855857849121
0.19215385585784917
0.9930311441421509
0.3706048558578491
0.006968855857849121
0.006968855857849121
0.3403018558578491
0.17363585585784913
0.17363585585784913
2.993031144142151
2.993031144142151
0.3263611441421508
0.17363585585784913
2.993031144142151
2.993031144142151
