1.6528520584106445
1.6528520584106445
0.3528520584106445
0.013814941589355478
0.6528520584106445
1.3195220584106446
0.4861850584106445
1.3195220584106446
1.1528520584106445
8.652852058410645
8.652852058410645
0.5695190584106445
10.652852058410645
10.652852058410645
0.4528520584106446
0.34714794158935547
0.6528520584106445
0.5838870584106445
3.0278520584106445
3.0278520584106445
0.6528520584106445
0.4528520584106446
0.7398120584106445
2.4306320584106444
2.4306320584106444
2.1528520584106445
1.6528520584106445
2.1528520584106445
0.34714794158935547
3.2892120584106443
3.2892120584106443
0.7844320584106446
0.3666597907409668
0.09714794158935547
0.5787780584106446
2.5099920584106443
2.5099920584106443
0.4861850584106445
0.21535205841064453
2.9385620584106444
0.6528520584106445
0.6528520584106445
0.4528520584106446
1.6528520584106445
1.5099920584106445
3.6528520584106445
3.6528520584106445
0.6528520584106445
0.5903520584106445
0.6528520584106445
0.40285205841064453
0.40285205841064453
0.6528520584106445
0.09714794158935547
0.6528520584106445
0.09714794158935547
1.3671420584106446
2.8195220584106444
0.5658950584106446
2.8195220584106444
0.5278520584106445
0.6528520584106445
1.8528520584106447
1.8528520584106447
0.35873405841064454
0.5417410584106446
1.5940320584106444
1.2892120584106446
0.15285205841064453
0.15285205841064453
0.15285205841064453
0.15285205841064453
0.15285205841064453
1.6528520584106445
3.6528520584106445
1.6528520584106445
1.1528520584106445
3.6528520584106445
0.5417410584106446
3.4028520584106445
0.31951905841064454
0.31951905841064454
0.2528520584106445
1.6528520584106445
0.6528520584106445
0.6528520584106445
1.6528520584106445
0.07068037986755371
1.6528520584106445
1.6528520584106445
0.02785205841064453
0.14174105841064455
3.4528520584106444
3.4528520584106444
2.1528520584106445
0.15285205841064453
1.6528520584106445
1.2361820584106444
0.4742810584106445
1.2361820584106444
0.013814941589355478
0.013814941589355478
0.15285205841064453
0.6528520584106445
0.31951905841064454
0.40285205841064453
0.15285205841064453
0.6528520584106445
0.2528520584106445
0.15285205841064453
0.6528520584106445
6.4028520584106445
6.4028520584106445
0.4906900584106445
0.05285205841064455
0.05285205841064455
0.05285205841064455
0.05285205841064455
0.6528520584106445
0.6528520584106445
1.2892120584106446
0.6528520584106445
0.09714794158935547
0.40285205841064453
0.1241330476989746
64.65285205841064
1.2000220584106445
64.65285205841064
0.6528520584106445
0.9528520584106446
7.6528520584106445
7.6528520584106445
0.6528520584106445
2.6528520584106445
2.6528520584106445
2.6528520584106445
1.5278520584106445
0.09714794158935547
1.6528520584106445
15.152852058410645
3.6528520584106445
1.6528520584106445
0.6528520584106445
0.6528520584106445
0.6528520584106445
1.6528520584106445
0.42208305841064453
0.09729605841064454
0.09729605841064454
6.252852058410644
0.013814941589355478
1.6528520584106445
1.6528520584106445
1.1528520584106445
0.31951905841064454
1.1528520584106445
0.013814941589355478
0.7705020584106446
0.6528520584106445
0.6528520584106445
0.6528520584106445
0.9028520584106445
2.6528520584106445
0.42208305841064453
2.6528520584106445
0.43250377332611084
0.5674929266738891
4.1528520584106445
0.019519058410644552
1.6528520584106445
1.6528520584106445
0.4528520584106446
0.40285205841064453
0.6528520584106445
3.1528520584106445
3.1528520584106445
2.0814220584106446
1.1528520584106445
0.9910270214080811
2.1528520584106445
2.1528520584106445
0.3671380584106445
0.31951905841064454
2.6528520584106445
0.09714794158935547
8.652852058410645
0.08613700197982788
1.3195220584106446
1.3195220584106446
0.6528520584106445
0.8195220584106446
0.0023199415893554454
0.0023199415893554454
0.10285205841064454
2.9861820584106447
3.9861820584106447
0.31951905841064454
1.3233257180023195
1.1766742819976808
0.9157130718231201
0.23618505841064452
0.2359908664779663
0.07390505841064454
0.5850550584106445
1.7153520584106445
1.7153520584106445
2.9385620584106444
2.9385620584106444
0.5099950584106445
1.6528520584106445
0.007111644744873136
0.102839970588684
3.1528520584106445
0.6528520584106445
0.6528520584106445
0.05285205841064455
0.2242810584106445
1.6528520584106445
1.2528520584106446
1.1528520584106445
0.6528520584106445
1.1528520584106445
0.27571934158935546
0.27571934158935546
0.27571934158935546
0.23603694158935545
0.4528520584106446
0.31951905841064454
0.4861850584106445
3.6528520584106445
3.6528520584106445
0.6528520584106445
0.9861820584106444
0.6528520584106445
2.6528520584106445
0.6528520584106445
2.6528520584106445
0.5099950584106445
0.5099950584106445
0.3671380584106445
0.9028520584106445
0.3671380584106445
0.3671380584106445
1.8750720584106446
0.2664880584106445
0.2664880584106445
2.0528520584106444
0.4528520584106446
2.6528520584106445
1.1528520584106445
2.6528520584106445
0.31951905841064454
2.1528520584106445
0.5195190584106445
0.15285205841064453
2.1528520584106445
2.1528520584106445
0.6528520584106445
2.1528520584106445
0.20840805841064458
0.8671420584106446
0.31138905841064457
0.31138905841064457
3.6528520584106445
3.6528520584106445
0.07257962226867676
0.07257962226867676
0.6528520584106445
6.6528520584106445
0.6528520584106445
0.6528520584106445
0.6528520584106445
0.3801250584106445
1.6528520584106445
0.14714794158935546
1.2528520584106446
0.8282867972717285
0.4574292027282716
0.2242810584106445
0.7957120584106445
3.6528520584106445
3.6528520584106445
0.9861820584106444
1.4028520584106445
1.0814220584106444
1.4028520584106445
0.6528520584106445
1.6065424418640137
1.7644637561035157
0.04821759925842284
0.04821759925842284
0.015258009567260755
0.9385620584106444
0.9385620584106444
0.9385620584106444
4.1528520584106445
0.9385620584106444
0.6528520584106445
1.6528520584106445
0.6528520584106445
0.5278520584106445
1.4028520584106445
0.40285205841064453
12.652852058410645
12.652852058410645
1.2639620584106446
0.41755805841064453
0.48449042671203624
0.6583685732879638
0.53725709815979
1.6023090017395019
1.6038023365097045
1.8750720584106446
19.652852058410645
0.6528520584106445
3.6528520584106445
1.8750720584106446
0.6528520584106445
1.8750720584106446
1.8750720584106446
0.38969405841064453
0.6528520584106445
0.6528520584106445
0.5417410584106446
2.0278520584106445
0.40285205841064453
0.31138905841064457
0.31138905841064457
0.06714794158935544
0.7728520584106446
1.3671420584106446
1.2242820584106446
1.2242820584106446
1.3671420584106446
0.1614987850189209
0.4306300584106445
0.9861820584106444
0.1614987850189209
0.9861820584106444
0.966598653793335
0.133401346206665
0.16659865379333494
0.20429094158935546
0.20429094158935546
0.20429094158935546
1.0374720584106445
0.9136898363189697
0.9136898363189697
0.18048094158935546
1.9861820584106447
1.3195220584106446
1.3195220584106446
1.9861820584106447
0.15285205841064453
0.013814941589355478
0.47248318837738035
0.47248318837738035
0.14714794158935546
2.2528520584106446
0.30669805841064457
2.2528520584106446
0.7195220584106445
12.652852058410645
12.652852058410645
0.08618505841064455
2.3801220584106444
2.4710320584106444
2.3801220584106444
0.40285205841064453
2.4028520584106445
1.6111820584106444
1.6111820584106444
1.6111820584106444
7.486182058410645
5.52137815952301
1.6111820584106444
1.3195220584106446
0.6528520584106445
0.6528520584106445
0.6528520584106445
0.6528520584106445
1.3195220584106446
0.2528520584106445
1.3195220584106446
0.13881494158935548
0.6173792362213135
0.4306300584106445
2.6528520584106445
2.6528520584106445
1.2528520584106446
1.2528520584106446
1.2528520584106446
1.2528520584106446
0.3293230584106446
0.3293230584106446
3.6528520584106445
3.6528520584106445
0.18048094158935546
0.24714794158935546
0.24714794158935546
0.24714794158935546
0.15285205841064453
0.15285205841064453
0.15285205841064453
0.8528520584106445
0.6528520584106445
0.6528520584106445
0.061433941589355445
0.06461705841064452
2.3195220584106444
0.08528405841064451
2.3195220584106444
0.5957090584106445
0.5957090584106445
1.6528520584106445
1.1528520584106445
2.6528520584106445
0.09714794158935547
0.09714794158935547
0.09714794158935547
0.09714794158935547
0.3528520584106445
1.6495133409881593
0.30999505841064456
2.3671420584106446
0.4861850584106445
0.4861850584106445
1.9028520584106445
0.15285205841064453
1.6528520584106445
0.31951905841064454
0.31951905841064454
0.9028520584106445
0.6873320584106446
0.6873320584106446
0.15285205841064453
0.15285205841064453
0.15285205841064453
0.15285205841064453
2.1528520584106445
0.1068882942199707
0.1068882942199707
0.1068882942199707
0.8702420584106445
2.2778520584106445
2.2778520584106445
0.5658950584106446
1.6500134468078613
0.01665355319213868
2.6528520584106445
2.6528520584106445
2.6528520584106445
2.6528520584106445
0.013814941589355478
0.2365249037742615
1.6528520584106445
1.6528520584106445
0.31951905841064454
0.31951905841064454
0.6528520584106445
0.013814941589355478
0.013814941589355478
0.013814941589355478
0.05285205841064455
0.05285205841064455
4.1528520584106445
0.15285205841064453
1.1528520584106445
3.3195220584106444
0.5417410584106446
0.5417410584106446
0.8195220584106446
0.8195220584106446
0.8195220584106446
13.652852058410645
0.8195220584106446
0.31951905841064454
0.31951905841064454
0.2180690584106445
0.8101143635559083
0.15285205841064453
0.6528520584106445
8.986182058410645
8.986182058410645
0.5013370584106446
0.6528520584106445
1.6528520584106445
0.6528520584106445
9.652852058410645
0.2528520584106445
1.2242820584106446
1.2242820584106446
1.2242820584106446
1.2242820584106446
1.2242820584106446
1.2242820584106446
0.4528520584106446
0.2528520584106445
0.40285205841064453
0.40285205841064453
0.40285205841064453
0.8587785757827759
2.6528520584106445
0.6921015796585084
2.6528520584106445
1.0528520584106444
1.2528520584106446
0.6528520584106445
0.31951905841064454
0.05285205841064455
0.31951905841064454
0.5972960584106445
0.5972960584106445
0.9255820584106444
13.652852058410645
6.6528520584106445
0.9255820584106444
0.9255820584106444
0.9255820584106444
0.013814941589355478
0.013814941589355478
5.6528520584106445
5.6528520584106445
1.1028520584106445
0.15285205841064453
0.6528520584106445
0.09714794158935547
1.8195220584106444
0.6945531368255615
1.8195220584106444
0.7020899057388306
0.31951905841064454
0.2334970584106445
0.2334970584106445
0.31951905841064454
0.15285205841064453
0.15285205841064453
1.2778520584106445
1.2778520584106445
1.2778520584106445
3.9861820584106447
3.3671420584106446
1.2778520584106445
1.1528520584106445
1.1528520584106445
0.6528520584106445
2.1514922380447388
1.9861820584106447
0.05285205841064455
0.6780578851699829
2.6528520584106445
2.6528520584106445
13.652852058410645
13.652852058410645
1.1528520584106445
0.6528520584106445
0.9028520584106445
0.9028520584106445
8.652852058410645
13.152852058410645
0.9385620584106444
0.9385620584106444
0.9385620584106444
0.9385620584106444
3.6528520584106445
0.6528520584106445
0.31951905841064454
2.5099920584106443
0.36252905841064453
2.5099920584106443
0.2980130584106445
0.3671380584106445
0.08142305841064451
0.9385620584106444
0.421455442905426
0.17854455709457395
0.9158240556716919
0.29174105841064457
0.29174105841064457
0.013814941589355478
2.0528520584106444
2.0528520584106444
2.0528520584106444
7.6528520584106445
2.0528520584106444
3.6528520584106445
0.4990060584106445
4.252852058410644
0.6528520584106445
4.252852058410644
0.2657550584106445
1.9385620584106444
0.15285205841064453
1.9385620584106444
0.16898105841064448
2.4028520584106445
0.40285205841064453
3.1528520584106445
0.15285205841064453
0.17473394158935546
0.17473394158935546
0.17473394158935546
0.013814941589355478
3.3195220584106444
0.6528520584106445
0.13722705841064453
0.13722705841064453
0.6528520584106445
0.6528520584106445
1.6528520584106445
2.1528520584106445
2.1528520584106445
2.1528520584106445
2.9861820584106447
2.9861820584106447
2.1528520584106445
1.4528520584106446
2.0528520584106444
0.2528520584106445
0.28921605841064457
6.986182058410645
0.8750720584106446
6.986182058410645
0.6528520584106445
0.5972960584106445
5.319522058410644
5.319522058410644
0.7639620584106446
0.15285205841064453
0.9028520584106445
0.6528520584106445
0.31951905841064454
3.7957120584106443
3.7957120584106443
3.9385620584106444
3.9385620584106444
28.652852058410645
0.40285205841064453
0.09714794158935547
0.6528520584106445
0.6528520584106445
0.5035980584106445
0.2724715827026367
7.1528520584106445
0.7242820584106446
7.1528520584106445
0.31951905841064454
1.6528520584106445
0.8528520584106445
0.36303218658447256
4.252852058410644
4.252852058410644
0.6528520584106445
0.44636918658447267
0.6528520584106445
0.7778520584106445
0.22214794158935547
0.08237528800964355
0.7778520584106445
0.9028520584106445
8.652852058410645
1.9028520584106445
0.9028520584106445
0.7778520584106445
0.31951905841064454
1.0695220584106446
1.0695220584106446
0.14714794158935546
0.14714794158935546
0.8662554502487183
0.4861850584106445
0.6528520584106445
0.7581120584106444
3.8528520584106447
0.7581120584106444
3.8528520584106447
0.15285205841064453
0.02785205841064453
0.7778520584106445
5.6528520584106445
5.6528520584106445
1.4028520584106445
1.4028520584106445
0.7778520584106445
0.05285205841064455
0.08430862426757812
0.05285205841064455
0.3528520584106445
0.08142305841064451
0.2242810584106445
0.20429094158935546
1.4861820584106444
0.5253987469329834
1.4861820584106444
0.6306627469329834
0.2528520584106445
4.081422058410644
4.081422058410644
0.5212730584106445
0.6528520584106445
0.09714794158935547
2.2084120584106444
7.319522058410644
2.7778520584106445
5.4028520584106445
2.2084120584106444
2.4306320584106444
0.33142305841064457
1.0610680438079834
0.013814941589355478
0.6528520584106445
0.6323979496955872
0.6323979496955872
0.6323979496955872
0.013814941589355478
1.3195220584106446
0.40285205841064453
0.6528520584106445
0.6528520584106445
0.6528520584106445
0.6528520584106445
14.652852058410645
14.652852058410645
0.6528520584106445
0.013814941589355478
0.013814941589355478
0.013814941589355478
0.6528520584106445
0.6528520584106445
7.4028520584106445
7.4028520584106445
9.652852058410645
4.6528520584106445
4.6528520584106445
4.6528520584106445
0.15285205841064453
0.15285205841064453
0.15285205841064453
0.15285205841064453
0.2704990584106445
0.2704990584106445
0.27785205841064453
0.40285205841064453
0.02785205841064453
0.6528520584106445
0.31951905841064454
2.2528520584106446
2.2528520584106446
0.33467005841064457
0.24376105841064455
1.0528520584106444
1.0528520584106444
1.0528520584106444
1.4028520584106445
6.6528520584106445
6.6528520584106445
0.6768605540313721
0.6768605540313721
0.6528520584106445
0.14714794158935546
0.6528520584106445
0.34714794158935547
0.8528520584106445
0.13286194158935546
0.8528520584106445
0.34714794158935547
0.34714794158935547
0.34714794158935547
0.34714794158935547
0.34714794158935547
0.31951905841064454
0.34714794158935547
0.31951905841064454
0.34714794158935547
0.34714794158935547
0.34714794158935547
0.15285205841064453
0.15285205841064453
0.15285205841064453
0.9981944116287231
0.9981944116287231
0.6528520584106445
0.11637894158935547
0.11637894158935547
0.11637894158935547
0.15285205841064453
0.013814941589355478
0.31951905841064454
0.013814941589355478
0.12492594158935547
0.31951905841064454
0.31951905841064454
0.12492594158935547
1.3195220584106446
1.3195220584106446
1.6528520584106445
0.6528520584106445
0.6528520584106445
0.3608728803100586
0.3608728803100586
0.18048094158935546
0.9861820584106444
0.09714794158935547
0.9861820584106444
0.15285205841064453
0.15285205841064453
0.6528520584106445
0.15285205841064453
0.15285205841064453
0.34714794158935547
0.34714794158935547
0.34714794158935547
0.34714794158935547
0.34714794158935547
1.2528520584106446
1.2528520584106446
1.2528520584106446
0.25623884158935545
0.25623884158935545
0.25623884158935545
3.6528520584106445
3.6528520584106445
1.6528520584106445
1.6528520584106445
1.6528520584106445
0.5857369506912231
0.08298563957214355
0.08298563957214355
0.5857369506912231
0.6528520584106445
0.6528520584106445
0.6528520584106445
0.6528520584106445
0.34714794158935547
0.6528520584106445
0.6528520584106445
0.6528520584106445
0.34714794158935547
0.34714794158935547
0.34714794158935547
0.34714794158935547
0.27307384158935544
0.6528520584106445
0.6528520584106445
2.6528520584106445
2.6528520584106445
0.34714794158935547
0.3126651415893555
0.9912886986801147
0.9912886986801147
0.013814941589355478
0.013814941589355478
0.31951905841064454
0.37742780685424804
0.37742780685424804
0.34714794158935547
0.061433941589355445
0.061433941589355445
0.061433941589355445
0.34714794158935547
0.26381464158935547
0.5619430584106445
0.5619430584106445
0.34714794158935547
0.9807250055007934
0.9807250055007934
0.14714794158935546
0.14714794158935546
0.14714794158935546
0.14714794158935546
0.8528520584106445
0.8528520584106445
0.8528520584106445
0.40285205841064453
0.34714794158935547
0.34714794158935547
0.34714794158935547
0.34714794158935547
0.34714794158935547
0.34714794158935547
0.34714794158935547
0.9485657215118408
0.9485657215118408
0.9485657215118408
0.5099950584106445
0.29952894158935545
0.6528520584106445
0.5099950584106445
0.013814941589355478
0.28832444158935544
0.013814941589355478
0.013814941589355478
0.013814941589355478
0.013814941589355478
0.023222058410644508
0.08338451385498047
0.023222058410644508
0.08338451385498047
0.08866071701049805
0.20429094158935546
0.20429094158935546
0.20429094158935546
0.6528520584106445
0.6528520584106445
0.27571934158935546
0.2804812415893555
0.34714794158935547
0.15285205841064453
0.15285205841064453
0.15285205841064453
0.15285205841064453
0.013814941589355478
2.6528520584106445
0.013814941589355478
2.6528520584106445
0.27571934158935546
0.27571934158935546
0.27571934158935546
0.15359994158935547
0.8461270332336426
0.15359994158935547
0.09714794158935547
0.061433941589355445
0.061433941589355445
0.34714794158935547
0.061433941589355445
0.31951905841064454
0.31951905841064454
0.31951905841064454
0.9940635367996216
1.6528520584106445
1.0149721127380371
1.6528520584106445
1.1059364080429077
0.5417410584106446
0.4306300584106445
0.40285205841064453
26.652852058410645
26.652852058410645
0.0841759443283081
0.0841759443283081
0.0841759443283081
0.0841759443283081
0.34714794158935547
0.34714794158935547
0.34714794158935547
0.013814941589355478
0.25623884158935545
0.25623884158935545
0.34714794158935547
0.34714794158935547
0.34714794158935547
0.25623884158935545
0.6528520584106445
0.6528520584106445
0.06336808204650879
1.0278520584106445
0.06336808204650879
0.5278520584106445
0.34714794158935547
0.34714794158935547
0.34714794158935547
0.34714794158935547
0.34714794158935547
0.34714794158935547
0.34714794158935547
1.0303900399856567
1.0303900399856567
0.8477802276611328
1.0964736938476562
0.08428692817687988
0.08428692817687988
0.08428692817687988
0.08428692817687988
0.34714794158935547
0.34714794158935547
0.34714794158935547
0.34714794158935547
0.34714794158935547
0.34714794158935547
0.34714794158935547
0.34714794158935547
0.18048094158935546
0.34714794158935547
0.34714794158935547
0.34714794158935547
0.12492594158935547
0.34714794158935547
0.30169344158935546
0.2819305415893555
0.6528520584106445
0.09035205841064453
0.2528520584106445
0.2528520584106445
0.15285205841064453
0.2528520584106445
0.05285205841064455
0.6528520584106445
0.6528520584106445
0.007691058410644547
0.007691058410644547
0.34714794158935547
0.34714794158935547
0.34714794158935547
0.34714794158935547
0.34714794158935547
0.7116720584106446
0.5107281923294067
0.7116720584106446
0.07014907329559317
0.34714794158935547
0.34714794158935547
0.34714794158935547
0.34714794158935547
0.34714794158935547
0.08415937423706055
0.08415937423706055
0.08415937423706055
0.14714794158935546
0.18925294158935546
0.12492594158935547
1.0921257734298706
0.09714794158935547
0.09714794158935547
0.6528520584106445
0.31951905841064454
0.31951905841064454
0.31951905841064454
0.31951905841064454
1.6528520584106445
1.6528520584106445
1.6528520584106445
1.6528520584106445
0.013814941589355478
0.31951905841064454
0.34714794158935547
0.34714794158935547
0.34714794158935547
0.34714794158935547
0.34714794158935547
0.9710320584106444
0.9710320584106444
1.2639620584106446
0.9710320584106444
0.09729605841064454
0.6808953143157959
0.5686814785003662
0.80094434375
0.80094434375
0.30548124158935547
0.34714794158935547
0.6528520584106445
0.6528520584106445
0.6528520584106445
0.6528520584106445
0.34714794158935547
0.15285205841064453
0.34714794158935547
0.6528520584106445
0.15285205841064453
0.34714794158935547
0.15285205841064453
0.34714794158935547
0.15285205841064453
0.34714794158935547
0.16532994158935546
0.6528520584106445
0.6528520584106445
0.24714794158935546
0.6619010724487304
0.08422565460205078
0.08422565460205078
0.6619010724487304
0.08422565460205078
0.25623884158935545
1.0842869281768799
0.34714794158935547
0.013814941589355478
0.18048094158935546
0.18048094158935546
0.6528520584106445
0.6528520584106445
0.013814941589355478
0.18048094158935546
0.6528520584106445
0.6528520584106445
