1.008888840675354
1.008888840675354
-0.29111115932464604
-0.657778159324646
0.008888840675354004
0.6755588406753541
-0.157778159324646
0.6755588406753541
0.508888840675354
8.008888840675354
8.008888840675354
-0.07444415932464599
10.008888840675354
10.008888840675354
-0.19111115932464595
1.008888840675354
0.008888840675354004
-0.06007615932464605
2.383888840675354
2.383888840675354
0.008888840675354004
-0.19111115932464595
0.09584884067535393
1.786668840675354
1.786668840675354
1.508888840675354
1.008888840675354
1.508888840675354
-0.491111159324646
2.645248840675354
2.645248840675354
0.14046884067535403
-0.276825159324646
0.258888840675354
-0.06518515932464597
1.8660288406753538
1.8660288406753538
-0.157778159324646
-0.428611159324646
2.294598840675354
0.008888840675354004
0.008888840675354004
-0.19111115932464595
1.008888840675354
0.866028840675354
3.008888840675354
3.008888840675354
0.008888840675354004
-0.053611159324645996
0.008888840675354004
-0.241111159324646
-0.241111159324646
0.008888840675354004
-0.741111159324646
0.008888840675354004
-0.741111159324646
0.7231788406753541
2.175558840675354
-0.07806815932464595
2.175558840675354
-0.116111159324646
0.008888840675354004
1.2088888406753542
1.2088888406753542
-0.285229159324646
-0.10222215932464596
0.9500688406753539
0.645248840675354
-0.491111159324646
-0.491111159324646
-0.491111159324646
-0.491111159324646
-0.491111159324646
1.008888840675354
3.008888840675354
1.008888840675354
0.508888840675354
3.008888840675354
-0.10222215932464596
2.758888840675354
-0.324444159324646
-0.324444159324646
-0.391111159324646
1.008888840675354
0.008888840675354004
0.008888840675354004
1.008888840675354
0.008888840675354004
1.008888840675354
1.008888840675354
-0.616111159324646
-0.502222159324646
2.808888840675354
2.808888840675354
1.508888840675354
-0.491111159324646
1.008888840675354
0.5922188406753539
-0.16968215932464603
0.5922188406753539
-0.657778159324646
-0.657778159324646
-0.491111159324646
0.008888840675354004
-0.324444159324646
-0.241111159324646
-0.491111159324646
0.008888840675354004
-0.391111159324646
-0.491111159324646
0.008888840675354004
5.758888840675354
5.758888840675354
-0.15327315932464602
-0.591111159324646
-0.591111159324646
-0.591111159324646
-0.591111159324646
0.008888840675354004
0.008888840675354004
0.645248840675354
0.008888840675354004
-0.741111159324646
-0.241111159324646
-0.049935159324645984
64.00888884067535
0.5560588406753539
64.00888884067535
0.008888840675354004
0.30888884067535405
7.008888840675354
7.008888840675354
0.008888840675354004
2.008888840675354
2.008888840675354
2.008888840675354
0.883888840675354
-0.741111159324646
1.008888840675354
14.508888840675354
3.008888840675354
1.008888840675354
0.008888840675354004
0.008888840675354004
0.008888840675354004
1.008888840675354
-0.221880159324646
-0.5466671593246459
-0.5466671593246459
5.608888840675354
-0.657778159324646
1.008888840675354
1.008888840675354
0.508888840675354
-0.324444159324646
0.508888840675354
-0.657778159324646
0.12653884067535404
0.008888840675354004
0.008888840675354004
0.008888840675354004
0.258888840675354
2.008888840675354
-0.221880159324646
2.008888840675354
-0.9077778593246459
0.09221884067535391
3.508888840675354
-0.6244441593246459
1.008888840675354
1.008888840675354
-0.19111115932464595
-0.241111159324646
0.008888840675354004
2.508888840675354
2.508888840675354
1.4374588406753541
0.508888840675354
-0.891111159324646
1.508888840675354
1.508888840675354
-0.276825159324646
-0.324444159324646
2.008888840675354
-0.741111159324646
8.008888840675354
-0.09637415932464599
0.6755588406753541
0.6755588406753541
0.008888840675354004
0.1755588406753541
-0.646283159324646
-0.646283159324646
-0.541111159324646
2.342218840675354
3.342218840675354
-0.324444159324646
2.842218840675354
0.3422188406753539
1.008888840675354
-0.407778159324646
-0.407778159324646
-0.570058159324646
-0.05890815932464599
1.071388840675354
1.071388840675354
2.294598840675354
2.294598840675354
-0.133968159324646
1.008888840675354
0.10888884067535409
0.10888884067535409
2.508888840675354
0.008888840675354004
0.008888840675354004
-0.591111159324646
-0.41968215932464603
1.008888840675354
0.6088888406753541
0.508888840675354
0.008888840675354004
0.508888840675354
-0.919682559324646
-0.919682559324646
-0.919682559324646
-0.880000159324646
-0.19111115932464595
-0.324444159324646
-0.157778159324646
3.008888840675354
3.008888840675354
0.008888840675354004
0.3422188406753539
0.008888840675354004
2.008888840675354
0.008888840675354004
2.008888840675354
-0.133968159324646
-0.133968159324646
-0.276825159324646
0.258888840675354
-0.276825159324646
-0.276825159324646
1.231108840675354
-0.37747515932464604
-0.37747515932464604
1.408888840675354
-0.19111115932464595
2.008888840675354
0.508888840675354
2.008888840675354
-0.324444159324646
1.508888840675354
-0.12444415932464603
-0.491111159324646
1.508888840675354
1.508888840675354
0.008888840675354004
1.508888840675354
-0.43555515932464595
0.2231788406753541
-0.33257415932464596
-0.33257415932464596
3.008888840675354
3.008888840675354
0.008888840675354004
0.008888840675354004
0.008888840675354004
6.008888840675354
0.008888840675354004
0.008888840675354004
0.008888840675354004
-0.26383815932464605
1.008888840675354
-0.791111159324646
0.6088888406753541
-0.705397159324646
0.5803188406753541
-0.41968215932464603
0.151748840675354
3.008888840675354
3.008888840675354
0.3422188406753539
0.758888840675354
0.4374588406753539
0.758888840675354
0.008888840675354004
-0.5421311593246461
-0.5421311593246461
0.151748840675354
0.151748840675354
0.151748840675354
0.2945988406753539
0.2945988406753539
0.2945988406753539
3.508888840675354
0.2945988406753539
0.008888840675354004
1.008888840675354
0.008888840675354004
-0.116111159324646
0.758888840675354
-0.241111159324646
12.008888840675354
12.008888840675354
0.619998840675354
-0.226405159324646
0.5803188406753541
-0.562540159324646
0.2945988406753539
-0.604444159324646
-0.604444159324646
1.231108840675354
19.008888840675354
0.008888840675354004
3.008888840675354
1.231108840675354
0.008888840675354004
1.231108840675354
1.231108840675354
-0.254269159324646
0.008888840675354004
0.008888840675354004
-0.10222215932464596
1.383888840675354
-0.241111159324646
-0.33257415932464596
-0.33257415932464596
-0.711111159324646
0.1288888406753541
0.7231788406753541
0.5803188406753541
0.5803188406753541
0.7231788406753541
0.008888840675354004
-0.21333315932464603
0.3422188406753539
0.008888840675354004
0.3422188406753539
-0.891111159324646
0.20888884067535396
-0.09111115932464597
0.4374588406753539
0.4374588406753539
0.4374588406753539
0.39350884067535397
-0.824444159324646
-0.824444159324646
-0.824444159324646
1.3422188406753541
0.6755588406753541
0.6755588406753541
1.3422188406753541
-0.491111159324646
-0.657778159324646
-0.20539715932464597
-0.20539715932464597
-0.791111159324646
1.608888840675354
-0.33726515932464596
1.608888840675354
0.07555884067535401
12.008888840675354
12.008888840675354
-0.557778159324646
1.7361588406753539
1.827068840675354
1.7361588406753539
-0.241111159324646
1.758888840675354
0.9672188406753539
0.9672188406753539
0.9672188406753539
6.842218840675354
4.883888840675354
0.9672188406753539
0.6755588406753541
0.008888840675354004
0.008888840675354004
0.008888840675354004
0.008888840675354004
0.6755588406753541
-0.391111159324646
0.6755588406753541
-0.782778159324646
-0.791111159324646
-0.21333315932464603
2.008888840675354
2.008888840675354
0.6088888406753541
0.6088888406753541
0.6088888406753541
0.6088888406753541
-0.31464015932464595
-0.31464015932464595
3.008888840675354
3.008888840675354
-0.824444159324646
-0.891111159324646
-0.891111159324646
-0.891111159324646
-0.491111159324646
-0.491111159324646
-0.491111159324646
0.20888884067535396
0.008888840675354004
0.008888840675354004
-0.705397159324646
-0.5793461593246461
1.6755588406753539
-0.5586791593246461
1.6755588406753539
-0.04825415932464605
-0.04825415932464605
1.008888840675354
0.508888840675354
2.008888840675354
-0.741111159324646
-0.741111159324646
-0.741111159324646
-0.741111159324646
-0.29111115932464604
1.723178840675354
-0.33396815932464596
1.723178840675354
-0.157778159324646
-0.157778159324646
1.258888840675354
-0.491111159324646
1.008888840675354
-0.324444159324646
-0.324444159324646
0.258888840675354
0.04336884067535407
0.04336884067535407
-0.491111159324646
-0.491111159324646
-0.491111159324646
-0.491111159324646
1.508888840675354
0.008888840675354004
0.008888840675354004
0.008888840675354004
0.22627884067535398
1.633888840675354
1.633888840675354
-0.07806815932464595
1.008888840675354
-0.657778159324646
2.008888840675354
2.008888840675354
2.008888840675354
2.008888840675354
-0.657778159324646
-0.391111159324646
1.008888840675354
1.008888840675354
-0.324444159324646
-0.324444159324646
0.008888840675354004
-0.657778159324646
-0.657778159324646
-0.657778159324646
-0.591111159324646
-0.591111159324646
3.508888840675354
-0.491111159324646
0.508888840675354
2.675558840675354
-0.10222215932464596
-0.10222215932464596
0.1755588406753541
0.1755588406753541
0.1755588406753541
13.008888840675354
0.1755588406753541
-0.324444159324646
-0.324444159324646
-0.425894159324646
-0.7302411593246461
-0.491111159324646
0.008888840675354004
8.342218840675354
8.342218840675354
-0.14262615932464595
0.008888840675354004
1.008888840675354
0.008888840675354004
9.008888840675354
-0.391111159324646
0.5803188406753541
0.5803188406753541
0.5803188406753541
0.5803188406753541
0.5803188406753541
0.5803188406753541
-0.19111115932464595
-0.391111159324646
-0.241111159324646
-0.241111159324646
-0.241111159324646
-0.7302411593246461
2.008888840675354
-0.5563281593246461
2.008888840675354
0.4088888406753539
0.6088888406753541
0.008888840675354004
-0.324444159324646
-0.591111159324646
-0.324444159324646
-0.046667159324646046
-0.046667159324646046
0.2816188406753539
13.008888840675354
6.008888840675354
0.2816188406753539
0.2816188406753539
0.2816188406753539
-0.657778159324646
-0.657778159324646
5.008888840675354
5.008888840675354
0.45888884067535396
-0.491111159324646
0.008888840675354004
-0.741111159324646
1.1755588406753539
-0.553611159324646
1.1755588406753539
-0.584861159324646
-0.324444159324646
-0.41046615932464603
-0.41046615932464603
-0.324444159324646
-0.491111159324646
-0.491111159324646
0.633888840675354
0.633888840675354
0.633888840675354
3.342218840675354
2.723178840675354
0.633888840675354
0.508888840675354
0.508888840675354
0.008888840675354004
1.508888840675354
1.3422188406753541
-0.591111159324646
-0.591111159324646
2.008888840675354
2.008888840675354
13.008888840675354
13.008888840675354
0.508888840675354
0.008888840675354004
0.258888840675354
0.258888840675354
8.008888840675354
12.508888840675354
0.2945988406753539
0.2945988406753539
0.2945988406753539
0.2945988406753539
3.008888840675354
0.008888840675354004
-0.324444159324646
1.8660288406753538
-0.281434159324646
1.8660288406753538
-0.345950159324646
-0.276825159324646
-0.562540159324646
0.2945988406753539
0.008888840675354004
-0.591111159324646
1.008888840675354
-0.35222215932464596
-0.35222215932464596
-0.657778159324646
1.408888840675354
1.408888840675354
1.408888840675354
7.008888840675354
1.408888840675354
3.008888840675354
-0.14495715932464603
3.6088888406753536
0.008888840675354004
3.6088888406753536
-0.378208159324646
1.294598840675354
-0.491111159324646
1.294598840675354
-0.47498215932464605
1.758888840675354
-0.241111159324646
2.508888840675354
-0.491111159324646
-0.8186971593246459
-0.8186971593246459
-0.8186971593246459
-0.657778159324646
2.675558840675354
0.008888840675354004
-0.506736159324646
-0.506736159324646
0.008888840675354004
0.008888840675354004
1.008888840675354
1.508888840675354
1.508888840675354
1.508888840675354
2.342218840675354
2.342218840675354
1.508888840675354
0.808888840675354
1.408888840675354
-0.391111159324646
-0.35474715932464596
6.342218840675354
0.2311088406753541
6.342218840675354
0.008888840675354004
-0.046667159324646046
4.675558840675354
4.675558840675354
0.11999884067535405
-0.491111159324646
0.258888840675354
0.008888840675354004
-0.324444159324646
3.1517488406753538
3.1517488406753538
3.294598840675354
3.294598840675354
28.008888840675354
-0.241111159324646
-0.741111159324646
0.008888840675354004
0.008888840675354004
-0.140365159324646
-0.140365159324646
6.508888840675354
0.08031884067535411
6.508888840675354
-0.324444159324646
1.008888840675354
0.20888884067535396
0.0505588406753541
3.6088888406753536
3.6088888406753536
0.008888840675354004
-0.032778159324646006
0.008888840675354004
0.133888840675354
-0.866111159324646
0.008888840675354004
0.133888840675354
0.258888840675354
8.008888840675354
1.258888840675354
0.258888840675354
0.133888840675354
-0.324444159324646
0.4255588406753541
0.4255588406753541
-0.791111159324646
-0.791111159324646
-0.791111159324646
-0.157778159324646
0.008888840675354004
0.11414884067535391
3.208888840675354
0.11414884067535391
3.208888840675354
-0.491111159324646
-0.616111159324646
0.133888840675354
5.008888840675354
5.008888840675354
0.758888840675354
0.758888840675354
0.133888840675354
-0.591111159324646
0.008888840675354004
-0.591111159324646
-0.29111115932464604
-0.562540159324646
-0.41968215932464603
-0.848254159324646
0.8422188406753539
-0.306900159324646
0.8422188406753539
-0.412164159324646
-0.391111159324646
3.4374588406753537
3.4374588406753537
-0.122690159324646
0.008888840675354004
-0.741111159324646
1.5644488406753538
6.675558840675354
2.133888840675354
4.758888840675354
1.5644488406753538
1.786668840675354
-0.31254015932464596
-0.31254015932464596
-0.657778159324646
0.008888840675354004
-0.741111159324646
-0.741111159324646
-0.741111159324646
-0.657778159324646
0.6755588406753541
-0.241111159324646
0.008888840675354004
0.008888840675354004
0.008888840675354004
0.008888840675354004
14.008888840675354
14.008888840675354
0.008888840675354004
-0.657778159324646
-0.657778159324646
-0.657778159324646
0.008888840675354004
0.008888840675354004
6.758888840675354
6.758888840675354
9.008888840675354
4.008888840675354
4.008888840675354
4.008888840675354
-0.491111159324646
-0.491111159324646
-0.491111159324646
-0.491111159324646
-0.37346415932464605
-0.37346415932464605
-0.366111159324646
-0.241111159324646
-0.616111159324646
0.008888840675354004
-0.324444159324646
1.608888840675354
1.608888840675354
-0.30929315932464596
-0.400202159324646
0.4088888406753539
0.4088888406753539
0.4088888406753539
0.758888840675354
6.008888840675354
6.008888840675354
-0.5072401593246461
-0.5072401593246461
0.008888840675354004
-0.791111159324646
0.008888840675354004
-0.491111159324646
3.208888840675354
-0.241111159324646
3.208888840675354
-0.19111115932464595
0.008888840675354004
1.294598840675354
1.294598840675354
-0.149006159324646
1.3422188406753541
0.6755588406753541
1.3422188406753541
4.008888840675354
4.008888840675354
0.6755588406753541
-0.491111159324646
-0.491111159324646
-0.491111159324646
-0.41968215932464603
-0.41968215932464603
1.008888840675354
0.38559221136093136
0.39350884067535397
0.38559221136093136
-0.025875568389892578
-0.5118754064483643
-0.17854140644836425
-0.5118754064483643
0.11999884067535405
2.342218840675354
2.342218840675354
0.11999884067535405
0.6755588406753541
0.6755588406753541
1.008888840675354
0.008888840675354004
0.008888840675354004
0.4206488406753539
0.4206488406753539
0.008888840675354004
7.008888840675354
0.508888840675354
7.008888840675354
-0.491111159324646
-0.491111159324646
0.008888840675354004
-0.491111159324646
-0.491111159324646
4.508888840675354
0.4755588406753539
4.508888840675354
0.571388840675354
-0.824444159324646
0.6088888406753541
0.6088888406753541
0.6088888406753541
0.14524884067535404
0.14524884067535404
0.14524884067535404
3.008888840675354
3.008888840675354
3.008888840675354
3.008888840675354
3.008888840675354
-0.024444159324645942
0.008888840675354004
0.008888840675354004
-0.024444159324645942
0.008888840675354004
0.008888840675354004
0.008888840675354004
0.008888840675354004
0.008888840675354004
0.008888840675354004
0.008888840675354004
0.008888840675354004
-0.29111115932464604
-0.768889159324646
1.008888840675354
1.008888840675354
0.41629884067535405
18.008888840675354
18.008888840675354
2.408888840675354
2.408888840675354
-0.591111159324646
0.1468188406753541
0.1468188406753541
0.1468188406753541
-0.657778159324646
-0.657778159324646
-0.324444159324646
0.04888884067535404
0.04888884067535404
-0.157778159324646
0.2945988406753539
0.2945988406753539
0.2945988406753539
0.10888884067535409
0.1755588406753541
0.09979884067535405
0.09979884067535405
-0.809293159324646
-0.22920615932464594
-0.22920615932464594
0.808888840675354
0.808888840675354
0.808888840675354
0.20888884067535396
0.20888884067535396
0.20888884067535396
0.20888884067535396
0.258888840675354
1.758888840675354
-0.257778159324646
1.758888840675354
0.3422188406753539
7.008888840675354
7.008888840675354
0.508888840675354
0.30300884067535394
0.30300884067535394
0.30300884067535394
0.104128840675354
-0.705397159324646
1.008888840675354
0.104128840675354
0.3422188406753539
-0.755817159324646
0.3422188406753539
-0.657778159324646
-0.657778159324646
-0.657778159324646
-0.21333315932464603
0.008888840675354004
-0.21333315932464603
0.008888840675354004
0.508888840675354
-0.133968159324646
-0.133968159324646
-0.276825159324646
11.008888840675354
11.008888840675354
-0.133968159324646
0.20888884067535396
-0.814640159324646
-0.491111159324646
-0.491111159324646
-0.491111159324646
-0.491111159324646
-0.657778159324646
12.008888840675354
0.45332884067535395
12.008888840675354
1.008888840675354
1.008888840675354
1.008888840675354
0.17017884067535394
-0.241111159324646
0.17017884067535394
0.258888840675354
1.008888840675354
1.008888840675354
0.008888840675354004
1.008888840675354
-0.324444159324646
-0.324444159324646
-0.324444159324646
-0.01968215932464601
24.008888840675354
-0.23353515932464597
24.008888840675354
-0.157778159324646
0.19407884067535397
-0.10222215932464596
0.03666884067535392
36.008888840675354
36.008888840675354
0.008888840675354004
0.008888840675354004
0.008888840675354004
0.008888840675354004
0.008888840675354004
0.008888840675354004
0.008888840675354004
-0.324444159324646
-0.08202015932464601
-0.08202015932464601
2.008888840675354
0.008888840675354004
2.008888840675354
-0.08202015932464601
0.008888840675354004
0.1755588406753541
0.1755588406753541
0.383888840675354
0.1755588406753541
4.008888840675354
5.008888840675354
5.008888840675354
3.008888840675354
5.008888840675354
7.008888840675354
7.008888840675354
7.008888840675354
0.13791884067535398
0.13791884067535398
-0.491111159324646
-0.491111159324646
0.008888840675354004
0.008888840675354004
0.008888840675354004
0.008888840675354004
0.008888840675354004
3.008888840675354
0.008888840675354004
3.008888840675354
-0.491111159324646
0.008888840675354004
-0.491111159324646
-0.491111159324646
-0.157778159324646
-0.324444159324646
-0.917037059324646
-0.324444159324646
0.08295884067535408
0.008888840675354004
-0.286566159324646
-0.208502159324646
0.008888840675354004
0.696388840675354
0.808888840675354
0.808888840675354
0.508888840675354
0.808888840675354
0.6088888406753541
3.008888840675354
3.008888840675354
-0.5717561593246461
-0.5717561593246461
1.008888840675354
1.008888840675354
1.008888840675354
1.008888840675354
-0.791111159324646
0.244178840675354
0.808888840675354
0.244178840675354
0.244178840675354
0.008888840675354004
5.508888840675354
5.508888840675354
0.2945988406753539
0.008888840675354004
0.008888840675354004
0.008888840675354004
0.008888840675354004
-0.391111159324646
0.008888840675354004
0.09221884067535391
-0.657778159324646
-0.669682159324646
-0.669682159324646
1.008888840675354
0.3422188406753539
0.3422188406753539
0.3422188406753539
0.3422188406753539
1.008888840675354
1.008888840675354
1.008888840675354
1.008888840675354
0.6755588406753541
-0.324444159324646
0.3422188406753539
0.258888840675354
0.6755588406753541
4.008888840675354
4.008888840675354
0.463438840675354
0.463438840675354
0.6755588406753541
0.463438840675354
0.5274088406753541
-0.41968215932464603
-0.491111159324646
-0.524444159324646
-0.524444159324646
-0.282778159324646
-0.741111159324646
0.008888840675354004
0.008888840675354004
0.008888840675354004
0.008888840675354004
0.008888840675354004
0.008888840675354004
0.008888840675354004
1.008888840675354
0.008888840675354004
0.008888840675354004
0.008888840675354004
0.008888840675354004
-0.491111159324646
-0.591111159324646
-0.536566159324646
2.008888840675354
2.008888840675354
-0.691111159324646
-0.17629615932464604
0.008888840675354004
0.008888840675354004
-0.17629615932464604
1.008888840675354
-0.35474715932464596
0.008888840675354004
0.008888840675354004
-0.324444159324646
-0.157778159324646
-0.157778159324646
3.008888840675354
3.008888840675354
0.3422188406753539
-0.157778159324646
3.008888840675354
3.008888840675354
