3.267569236764225
2.6867780728386674
2.05468237778749
3.1140003177735225
3.056539763420828
1.2756770222081164
7.480183217643486
4.282522428396202
1.8289368328663431
1.0646340469157969
5.35969167068621
7.243381927831468
5.501465047341487
0.9916145743751379
1.7027475380007266
0.3306991509607904
0.9837584438018135
0.4403123336713842
5.773070532757471
5.090400189514202
0.2736873735986929
0.6298585354181059
6.8745199138476245
0.7709129778734942
2.214882639278388
0.9247239973253294
0.48612771703208035
0.29861282079609475
1.7202597347868804
2.324457016640375
1.6065454304067202
0.02504184301009782
1.7557854413554774
0.7993000153356719
2.772442817557462
1.7794368505564808
2.66160705977914
1.316742265583487
1.6084696067812112
0.6548448856874227
2.7842800241196803
5.925332347977552
1.406056386509115
0.23219246568952012
1.866269982504749
4.1527023715397435
2.6380251712011518
3.7412005854440213
2.7139326090716436
0.04567172159683386
1.6042612447617264
0.9158584740426554
0.016662674657449417
2.410388507264363
1.0694079171657083
2.5219857194306137
1.787020087994447
0.6408841025372647
1.9708768515150772
0.2482638921511171
4.615907409551527
1.054186313256872
7.948316431224576
1.201717910856054
5.293754291351998
1.4752494819020332
4.298123835639479
1.1862268530951987
2.0138006735515956
2.9153627015728816
1.0049124245666137
3.02959675076751
5.418268443679749
8.484047600778661
2.094228398425967
0.9252639057363512
1.1738868182568127
6.428566499330827
2.162579407944931
4.143532539964983
3.060286709426987
2.9159017727077234
0.7457714004655527
3.415363402807764
4.610229908856644
3.1129490755796976
0.8215253487225729
0.4137711846733585
0.23389521776119726
4.341916408775588
4.883000698084299
4.763819860183207
0.5449934654618374
5.1115045819601335
2.9254215513956163
2.368852432130192
1.7073908853501498
3.5377148179569584
3.485915520063971
5.5066628725326145
1.3775237107974594
2.15104905170429
1.6081594108024995
2.2655630294213576
1.0810985001768216
3.1531645218463735
1.84392711910353
2.1339020748696917
2.9861676852586094
0.04601384428454236
1.853903918090652
3.6184798147270976
1.1293539447214669
0.6814789628558318
2.440482184673348
0.482488194558786
5.234982397209809
3.2772527766174164
4.527114633096553
2.352965071994806
0.27351022867578756
0.8152477102557512
3.20478527139589
0.4445634016002671
3.6158947245004374
1.008714602267578
3.3990201674584712
1.0648540332118868
1.3556555401986883
3.7446503757367666
0.2827260401428211
3.8493460808385223
11.826068475519513
11.772273363660037
13.20760539645182
8.561787921389175
0.009202079964708565
0.13931690356136484
5.842160311624907
3.455133647644073
2.261560473128137
4.772281054723958
2.7767773339702453
1.3058692070521838
3.02855300343163
6.117845802960526
1.0798210380543967
3.5945597775665106
1.4507706741100357
3.3466749648772995
4.066439823140425
9.22180239360198
4.677488970300256
9.570661476130288
1.5097327783372325
9.283882507516521
4.31052060709683
0.8831393028039407
9.19859872011068
8.201437685847164
8.915865415654554
4.737996049388378
5.516422941299675
0.5072464743228102
2.370293762340288
3.3376091265746055
10.491163268611452
1.2226648449388826
0.18072602167374874
2.322840934937375
0.11234191626948009
3.8067614028761696
3.281443780245174
3.2893919172214505
1.4328001025837027
2.1267898899851883
3.509788315386778
3.2706197313535315
0.7652637502049524
3.598917841742754
4.421014083050245
5.309980803278382
2.103066748832453
3.9925976492471005
2.4523690882592097
1.810563628726453
1.376978493638341
3.3773392024588524
0.9752087917810923
3.8272648257438338
4.165632035493447
3.5466125367047887
1.6420128267416043
2.7847060102150847
1.9674645371885227
1.9621741353501256
4.340306985450838
1.9928975744448945
0.2717634025330611
3.8292828323494223
1.863027444635284
3.22144377229435
5.762436410209523
3.336611430101016
3.816083317244072
1.5794654332832896
4.18813128352927
2.51982181407398
0.8069342584512773
4.841388632206825
2.5508398985409486
8.584582381329279
2.6045464243866308
0.5956031057317395
3.6636001972411494
1.514794834111349
12.500745739900172
2.033906519953178
9.619633900186278
5.522679896319026
1.1214579979599797
1.678761447671136
0.9536241387949509
7.496329475970403
4.697511884165496
5.373883229704063
0.3247805341727963
9.268138832229067
4.860876508809723
1.7734540429295784
0.7804775444576089
4.841495512406463
0.8730958654284731
6.305538673481064
0.8313426118292049
0.041231365866093994
4.80849862780329
7.299601650262219
1.9031708823778382
0.5461126469050386
4.943544094645056
2.9963203681982016
1.7576957430054656
2.363361179056395
0.1786891189668247
4.759504250612447
3.307171522820507
0.3678165317274984
1.386284518139846
1.5439966420900157
1.3717227263814078
2.11839223117534
1.2609319475208989
0.2133563961228906
0.40499632177687817
0.0386331568361844
4.819791862448391
2.857975273460061
1.7551629735419045
0.7938073303619682
0.20597222877845955
6.53338000725999
0.9181414385971018
3.1018203973953122
0.7560586469754265
2.646016956046484
2.8133625316372997
0.42826125075578036
2.817442849612237
0.15805353193253247
2.6516048503620193
5.796292539730599
2.3371200494012516
1.4285144178035813
0.9616339813094985
0.4984653966962629
0.9763268974469967
3.978213235456086
2.5820367353153464
2.167862173184501
4.596081706004661
2.933370696113329
2.4534812600493296
17.766614285356358
23.91424007334512
8.576473815208836
27.419201149238592
22.464430014888453
3.636348396325824
2.888842858211792
0.5529323040803528
3.1129166428099073
0.5251486373357563
3.1722925482058866
2.1352443142783226
1.6907389539048718
8.154502763081052
3.1498150981300723
4.9297758523969275
0.29163514009797864
6.072782023065397
4.125035577869738
2.6901925450488045
2.5542530675567767
1.0601502652994956
0.885363233133877
2.390473130533059
0.3878368877616465
0.05205458552641806
3.794010816047811
5.177428692405598
4.874729080207062
0.3265207405524788
5.108202092474668
5.792050340728324
1.135680427728821
3.5869266412991885
0.23096356138137775
1.0090124887961118
0.8469243806805665
3.1143708332475435
7.67681719111795
2.5809718672660393
0.357288838702
4.859362989669823
0.45230197877697
7.69232831936211
6.593820503335083
0.44041605291632724
7.0458759837344065
3.740894764060278
0.1372265987304695
4.0110982384663565
3.0880196750620845
4.015750923591364
4.028226857058904
2.8469966826688506
4.317687164554998
0.535031021706621
1.7741040086307507
4.905159246119586
3.6323931625590036
1.4114231717597223
0.3972864682664401
2.2124673901485923
0.09209021183797628
0.4405484839784435
1.3306580273683102
2.1634188918441684
0.060024510708281964
0.4426299005065918
0.5181652473073216
0.14251982929593277
1.6382850007421172
4.306559227739852
1.7643000528112844
2.0347263996942537
0.08578642243072321
2.791085729259115
0.9595276307696436
0.9935026235306816
0.8014185523273372
5.310293518394247
1.4142657813783432
1.3957541244275293
0.9858368539504241
0.3795983369618978
4.2403948781153575
2.9237189002114654
3.3160896217224813
3.2759721599868046
3.1087499368098896
0.6892776575504231
7.3742738586113585
1.4650787515593542
7.464460661804823
3.3406380319922775
4.992797799977013
2.4661547361126903
1.811725331297287
3.6854582821434763
0.7556180469127309
3.0610360408938657
0.5708061790395287
4.35432346155331
1.8773970327206055
0.3015715868668838
4.381854627840258
2.6588897589420695
0.3237200429854099
2.118572172518247
7.4905362196890515
8.58351840488681
8.325922700151793
4.193121064397762
0.8328699583960868
3.3157148401292025
1.492121154671011
4.397285967684483
3.785132206049727
2.6038558271757717
4.205080839566709
0.5077427575339071
5.187021037335489
2.6554489529887917
3.6292161218425374
7.635515577583895
5.560814447952042
0.720082782263403
2.9133017403753794
3.831842101879543
5.113518093023083
1.2615821107719711
2.688319705173689
6.04614899164941
0.9514867563714567
0.6463166827254891
2.48639816818742
0.7699947382212411
5.612619654383805
0.16087343640763563
1.705470391747295
1.6521539176443958
1.401987192342447
5.698182975071836
0.7738336826431399
4.361777760092219
0.6803002552806067
0.06437248166752152
1.6015966843353173
4.595123176272386
4.809219707884737
1.0777283511602804
2.561858275926898
3.4384835347652967
4.646047512378972
1.1031515526564615
2.7064748224137007
3.21211758081055
0.10930258973658136
0.7208848386719025
2.2244809582279252
1.5984590848581237
0.5862211157870396
0.05138228111670817
3.245035627632368
2.8680290593783067
3.1821808535773037
2.8980042300036155
2.5784484588634964
2.9210846019310193
1.8968199820832532
1.8750918518958422
4.802911456966083
5.342045913189689
4.901518265308161
0.7696509089311391
3.5860579261889303
0.677300730944659
6.395958899308334
2.5323841887614327
1.7206376547275932
1.801711475808221
2.3286492492256583
7.734552285989173
0.19745838168935326
4.909038460591157
0.7278620403191057
4.817185390068183
1.1622465714494254
2.7069387802588736
2.3927763040346006
0.7159132354549738
6.1793392116692445
2.108476593886736
0.7594550705583317
3.3961908940346
1.9487785550832375
3.2537475650770507
5.188682013550939
0.5463359310134646
3.807698356564222
1.14491848758788
3.5348960185173075
3.0174806056009853
4.751658730759059
4.905592889514628
2.1121866242954064
5.803225156203749
6.332180001823313
4.065907756006592
3.1728523676376987
2.631808550212958
1.3408780486700973
5.891796493734159
6.820262912711048
3.083285326736061
3.2635592579280197
3.392667627547537
11.241157074706146
5.996638222607875
