5.0986337261070105
1.3888616350393184
6.352226823022279
4.892617274971986
-0.7965394788717473
0.2480713115510026
1.268829621993342
2.2766839077476595
-2.236714005928508
0.09503012760046026
1.1727682806324555
-0.4925166886778193
-0.26746591386487784
-0.872042913164961
-1.6361376411443462
0.8157283377861531
-2.206217483395603
1.2127875968310264
-0.09833223849435757
-0.10517892355906244
-0.5345168894138412
0.5482461876757729
1.5771156953827923
-0.7868890500522383
-0.09691078263238628
0.4687308233883414
-1.4254039286414202
-0.892500888672848
-0.025994873762476667
-1.5296133783286872
3.5273124184084934
0.8300481522866279
2.1357813240812824
0.9426964819976408
0.32319615301075266
0.4071108698852378
-2.987033173139649
-2.0863866855765014
1.6248728618694033
-0.977502319450696
-1.2048788801699146
-1.2582401412669024
-1.6126188650431788
-0.36377512614031937
1.0417152313921714
1.0003259758544405
2.085991663168575
2.494018246348446
-0.8703219551194694
-1.144839114716249
2.793968704794489
-0.527090569052473
-1.2859942893996603
-1.0316498126707074
-0.07093043600722515
-1.0005235645163362
2.123630699578416
5.865331108643248
4.965577664513184
1.04683371045761
-0.29331121104620284
-2.238811314523098
-2.340815058729163
-0.924194803727683
1.3787979434755737
0.15544590094820154
1.310937668579351
2.710231633652392
2.045294808994594
0.6544304041873263
-0.383040669467376
-0.17309889067896433
1.460059395225489
0.17171235202953739
2.9120404745650745
-1.5538334083572523
0.6866129070121187
1.6583543796787517
2.2829863944753623
0.6347969953588359
-0.44734495981968614
0.7010875653284532
-1.0869264293823155
-2.1151352596537203
2.6383138660986107
1.7536436407450768
2.5797762473506385
3.4668180832195246
-3.2299150223363924
0.598723053694675
-1.9896497178644272
4.787083692647511
2.621656998445811
1.9092955650556602
7.089138217804354
1.4738189076665367
-0.08785569397187121
0.8939681506624382
-0.6386973070912145
2.0997762758634586
0.9537877861456026
1.7655582369272482
-0.13271792955284245
1.1089817185171191
6.302856844779816
-5.255500587550281
1.721410032336336
-0.6305455777229532
0.5110302123965256
0.6156555843403595
0.45324970739376524
1.858670517329057
-0.4122637488600418
-2.449021078101212
-3.113096241910239
-0.3120977953952504
0.4174035911797549
0.047095354533088774
3.69474938488586
4.70485562406514
6.786715429799532
0.922274772959724
-0.2998174555355706
-1.9297848202382915
-0.595154763166592
-3.0397453271034642
-2.2017676174646335
-2.868364720795249
2.314911753459724
-3.903781125286043
-1.644387654236016
0.07097751331822222
12.5201297832148
13.407594444937084
13.431203867236762
12.444863308228204
-1.8890244118628745
2.005234879651702
-2.3970857395195497
-1.144388331265942
-1.4424572834787006
-2.5199957669431448
0.412814244443529
-0.01638147020245173
-2.896035913962629
-0.36916051019872154
3.5603163900962076
1.5015597459450771
1.6206889099090973
-1.067924391810974
-2.0012833626339637
3.32740033725779
3.228049951018066
2.769679893273985
2.499300934864773
4.202279364650302
-0.1546441606764244
1.087034732745546
1.183687390842187
0.9565245775823943
3.988436825716323
-2.8257095371143697
0.4467393693957855
-2.174134919453758
-3.3807526175450553
-1.617827218449305
-1.7748257516771364
-1.9720255955939616
-2.2231136884210296
0.5568258614347007
-1.2835610289246637
1.06436780517169
-3.6479560156234987
-0.010438579060762121
-2.1685525634619633
1.5541948049309056
-1.5385299458486161
1.6907017087028373
2.8047548235613546
3.263062393486308
2.5661582825825144
0.919470566434208
-2.5215086597690055
0.366987061341049
-1.2694344257165968
-0.21239586953694745
-0.7554200311438557
-1.243959344503415
-3.647936271560427
0.16056092339645783
1.0038677905370657
5.181024998056518
4.90090933719941
1.1976939355376452
-1.1472106301288676
-1.0757294878148183
-1.287395506168465
-1.055879183123979
-0.5967440338455356
0.1432335662551789
-1.4857472065377437
-0.6646331629888155
2.2874091222853314
-0.8736800359183811
-2.78705238324517
0.2719733970203644
0.41116784362769354
1.0313707089989865
0.7834631303447072
0.8729762490035481
-2.7034695984776373
-1.7662416467839859
-1.337211613096526
-2.33110709317856
-0.4558734199476002
-2.2615313520576232
11.553665294076172
-0.8702201063716157
5.909713610182555
1.3326391379270335
-1.1937967107051721
1.753561513998516
1.6895177042643015
-1.837483418869929
0.7787407771381534
-0.1584969660033091
-0.3490992033307534
1.8421238969171694
-2.927031698418067
3.3590587407567973
0.28466924106982083
-2.895469226116992
-2.146620128533966
-4.676031894606903
-0.9942437650875074
-2.4677723362635398
-0.8011576558997984
-0.38248466527645153
0.021501628814867058
-2.0199204475238486
-3.456394478830583
-5.739212859312767
-4.09224546276473
-2.5002539863726523
-2.0503023099762085
-0.3098436643159707
-1.6864685117220204
-0.8268015493379387
-1.3150155542274062
-0.4733974121669383
3.549690933454693
0.183134172570647
-0.590816484559483
4.146427031164624
-0.8153267727116886
1.843549403120583
-1.962373056724254
-1.3581415598138715
-4.294704710244535
0.030809972054774093
-1.839275971083703
-1.985989064622106
-0.3641788651243091
0.14912405783782257
2.15459555934319
-0.6176577353193764
0.4369075481940372
-0.510550142459703
-2.2023482118500257
-1.081807334493552
0.6732276446062186
-6.460483577037788
-0.22345933865938322
-0.3383370853641299
-2.49543973359862
-0.2953466265233613
-1.3361525771963538
-2.8089664441898408
-0.5535320293795737
-1.0899517339018945
-0.7741775650545869
-1.4976393504414172
0.7278243231464655
7.844906338529853
4.1275188498300555
1.6923394653540362
6.504595276361263
6.550756859361148
2.240349664747389
-1.8743349971155858
-2.336455027688834
-0.7016049951024664
-0.6252064020264962
1.1711752131490412
-2.1147080955806468
2.506094163812989
-0.8296901946250028
-1.1644556959634678
1.223213589035986
0.5152831208885329
1.9719912027484319
1.0556299735431758
0.4308642693191952
-0.20985395764146153
0.7139393267326619
3.833885896425059
-2.73905734570158
2.748072238445763
2.1008082539659885
1.4034128945925828
-3.317635186769336
2.775645393632022
-0.4138673107582953
2.5899476637852326
1.3073213368685392
0.9438543317950564
3.257996388422365
-0.5187774689233852
2.9295968564348627
-1.5572265295849106
-0.2158047255990002
1.0226662596707898
-0.8626615290710924
-2.5253313210435833
3.1319042663057592
3.2043824527734475
0.8215035011004348
6.030131316971323
0.9482745116862445
1.428919082103731
0.3466409666080653
0.24171573507114852
0.6898197661044427
-0.9122606889737741
-0.11477902866455514
0.08132093959777609
0.28452023508823454
2.4603159316054968
-3.9136014166992084
1.53106060503372
-1.8611769187708411
-2.4107807098344187
0.7218068940453619
-0.5133217611491181
-0.7117429991081032
-0.21391920973142664
-1.3875677004814593
1.7979184419127883
-1.2868512986510687
0.344715004944144
-0.49403510843220355
1.0960128420963042
-1.8450157578295907
-2.373610623169793
-1.6862825051360566
-2.603355888246041
-2.4051268190740807
0.9056248204162929
0.6586749281980564
-2.291324186179452
-0.8449323400462944
-1.6877923446667333
-1.2783126864667638
1.0364712962116167
-0.8096137346524948
-1.5212817837185646
0.026384934124510206
-1.1558534087108758
-2.479084150774187
1.1426257840579006
0.5525491430269193
1.5185066709366648
-1.5668607494218803
-0.4309016047425459
-0.040254112270156406
-1.3091011219284576
3.279553349031814
1.8158783544924046
-0.823712680386854
4.2886881751095585
0.08419541044954881
0.5523191390058495
3.5123284510411805
2.0676144987899296
-0.34745115969485685
3.2714805741813238
-0.17044499967027
1.3766763844268923
-5.040234738593347
-1.091496235717988
-3.3123067346044457
3.24228335807287
-2.62292891036832
-0.8347930505263945
-3.1516593782068205
-3.307063543708946
-1.8474211866979122
-0.1648825274463773
0.20279854185703036
-3.1402497901287134
-0.9275668544577931
-0.181277413258788
-2.816199711760004
-0.9816497464104627
-2.155440560709256
-0.6156566878467118
-3.5635103275795004
-0.9904934770786834
1.4875302800000987
-2.2516739521019837
0.32164452637189234
-1.7761095523243056
-2.7859865689549688
-1.1605886210887775
-2.8384783151187674
-2.7641688587305566
-1.8311327028338584
-0.7417006994794233
0.7583799579846664
-0.8744535846421648
-1.0246808777942404
-0.09256368869290732
-0.4313548660376976
-1.0661655247602082
-1.573921801499279
-5.1037813940124686
-5.310489743402737
2.27787926090424
1.1829331129932128
-2.079570934508709
1.710544227187149
-1.9897171332956247
-0.7796909196981825
-5.080562579708755
-1.7348802472029654
-1.0966101326344075
-0.4171785689329772
1.5122017654669453
-1.5518374930178993
-0.20498937608444778
-0.5920757612458063
0.9939562053635997
-4.16866238605143
-2.7999085833545823
0.07787064745317535
-0.7536828816273801
-2.821555754888479
-1.7582129667173283
-0.4419500724492525
-3.144572087658506
1.583621614870305
-0.37336329101531807
-1.3476293651453022
-0.4716185583347441
-0.14575937976791048
1.1475781349302043
-0.5484852666488698
0.6122308237388037
-1.7154102423609066
-1.0816576167879117
-3.1480176301442473
-1.8999410239709547
-2.688193027602593
1.29380750227792
-2.0072489560322135
-2.3998234107263388
0.8045762580040523
-0.690668740794238
-3.390970374490304
-2.523368736656007
-1.5454131898018477
-0.1360360903046951
-4.550087690539318
0.6313803635385705
-2.8899468793949663
1.2101827303022619
-3.2653432339083874
-1.207084840355296
-0.6042033852161961
-0.5693644378871487
-0.5489378205264028
0.9411199925142562
-1.4086965265231242
0.30729397735211084
-1.1740590945462406
-1.0713506677605407
0.9552061576708921
2.4668062521322067
1.695213325140964
-2.097235258152372
-0.06396305331797261
-2.808648177429806
-0.85474353316222
-0.44479512917987335
0.37578505010453617
-2.643402160474025
-0.7503569741747718
1.17164271265457
1.0447324330549648
2.163804119741544
-0.025251843003424757
