3.6638641357421875
3.6638641357421875
3.6638641357421875
3.6638641357421875
0.0406764661483765
0.0406764661483765
0.0406764661483765
0.0406764661483765
0.025525466148376474
0.025525466148376474
0.025525466148376474
0.025525466148376474
0.47447153385162344
0.42685153385162344
0.42685153385162344
0.47447153385162344
0.04404346614837651
0.22922846614837644
0.04404346614837651
0.22922846614837644
0.35885846614837646
1.2522515338516236
1.2522515338516236
1.2522515338516236
1.2522515338516236
0.4411415338516236
0.4411415338516236
0.4411415338516236
0.4411415338516236
0.35167153385162364
0.14114153385162354
0.35167153385162364
0.14114153385162354
0.14918146614837646
0.18143946614837647
0.18143946614837647
0.14918146614837646
0.8620321750640869
0.8620321750640869
0.8620321750640869
0.8620321750640869
0.2623515338516236
0.05023253385162352
0.05023253385162352
0.2623515338516236
1.1411415338516235
1.1411415338516235
1.1411415338516235
1.8078115338516234
1.1411415338516235
1.8078115338516234
1.8078115338516234
0.1734015338516235
0.1734015338516235
0.1734015338516235
0.1734015338516235
2.4352615338516235
2.4352615338516235
2.4352615338516235
2.4352615338516235
0.5411415338516234
0.12408030033111572
0.8911415338516235
0.5411415338516234
0.5411415338516234
0.12408030033111572
1.0855815338516235
1.0855815338516235
1.0855815338516235
1.0213584619903564
1.0213584619903564
0.9102484619903564
0.9102484619903564
0.34947153385162344
0.34947153385162344
0.30781153385162363
0.30781153385162363
1.0744715338516235
1.1411415338516235
1.0744715338516235
1.1411415338516235
1.1411415338516235
1.1937715338516237
1.1411415338516235
1.1937715338516237
3.126868188381195
3.126868188381195
2.4371782541275024
0.6911068314743043
1.2562291622161865
0.6911068314743043
1.592294579963684
0.9766000509262085
2.4371782541275024
2.4371782541275024
0.016141533851623535
0.016141533851623535
0.20364153385162354
0.20364153385162354
0.9011415338516235
0.9011415338516235
0.9011415338516235
0.9011415338516235
0.6342544555664062
3.3275351524353027
0.07280428409576412
1.5553747094345094
0.6342544555664062
1.3233859539031982
1.0198413449668884
0.07280428409576412
1.5553747094345094
1.5553747094345094
0.30114153385162346
0.3411415338516235
0.3411415338516235
0.30114153385162346
3.1411415338516235
3.1411415338516235
3.1411415338516235
3.1411415338516235
0.10559124946594234
1.0870915338516236
0.6730515338516236
0.014171481132507324
0.014171481132507324
0.10559124946594234
0.3411415338516235
0.7158757096099855
1.4170953859901427
1.0870915338516236
1.0870915338516236
12.563008189201355
12.563008189201355
12.563008189201355
12.563008189201355
0.14114153385162354
1.1375019550323486
0.5161415338516235
1.8802715338516234
0.8911415338516235
0.7411415338516236
1.1375019550323486
1.1375019550323486
1.8802715338516234
1.8802715338516234
1.0358815338516236
1.0358815338516236
1.0358815338516236
1.0358815338516236
0.24196246807098398
5.4416351318359375
5.4416351318359375
13.125164151191711
4.864969085083008
5.4416351318359375
0.6411415338516235
0.6411415338516235
5.42998161315918
5.42998161315918
5.42998161315918
0.2522515338516236
0.6411415338516235
0.6411415338516235
0.6411415338516235
0.6411415338516235
2.1964946633148195
0.8538011312484741
0.7643567675781251
0.7643567675781251
0.8538011312484741
0.6390159130096436
1.2379115338516233
2.0935215338516233
1.0161415338516235
2.0935215338516233
2.0935215338516233
1.892627913208008
1.892627913208008
1.598507913208008
1.598507913208008
0.35885846614837646
0.41387153385162345
0.35885846614837646
0.995361328125
0.0017154661483764766
0.05885846614837642
0.35885846614837646
0.41387153385162345
0.41387153385162345
2.9731622582244874
2.9731622582244874
2.9731622582244874
2.9731622582244874
1.6411415338516235
0.030030533851623575
0.030030533851623575
3.5047815338516237
2.8562111854553223
0.9268515338516234
1.5455305576324463
3.5047815338516237
3.5047815338516237
0.21885846614837645
0.11885846614837647
0.21885846614837645
0.11885846614837647
0.39114153385162354
0.33232153385162344
0.33232153385162344
0.39114153385162354
5.319565582275391
2.267254436569214
3.8779815338516235
3.2292631512451173
1.1411415338516235
8.40656042098999
1.1411415338516235
5.319565582275391
5.319565582275391
0.5621915338516235
0.5621915338516235
0.5621915338516235
0.5621915338516235
0.08850953385162352
0.08850953385162352
0.08850953385162352
0.08850953385162352
1.0032115338516234
1.0032115338516234
1.1066615338516235
1.1066615338516235
1.2135841006469725
0.39114153385162354
1.2915887552642822
0.025525466148376474
0.025525466148376474
3.871018409729004
0.10885846614837646
1.2915887552642822
1.2915887552642822
1.1011415338516235
1.1011415338516235
0.5578115338516236
1.1411415338516235
1.1011415338516235
0.14114153385162354
0.14114153385162354
0.6156237602233887
0.6411415338516235
1.2482815338516233
1.2482815338516233
1.2482815338516233
1.2482815338516233
1.950903058052063
0.5411415338516234
0.3411415338516235
0.5411415338516234
0.7840015338516235
0.1445724661483765
0.14632833003997803
0.39604380130767824
0.7840015338516235
0.7840015338516235
0.6161415338516236
0.6161415338516236
0.6161415338516236
0.6161415338516236
0.5888336658477783
0.6366034746170044
0.6411415338516235
1.106228768825531
0.8581434160232544
0.8567811250686646
0.10885846614837646
0.6366034746170044
0.8581434160232544
0.8581434160232544
0.16655046614837643
0.16655046614837643
0.16655046614837643
0.16655046614837643
0.7822718620300293
12.84090196533203
16.42550277709961
0.7822718620300293
16.42550277709961
16.42550277709961
0.19219146614837646
0.19219146614837646
0.19219146614837646
0.19219146614837646
0.22447153385162344
0.22447153385162344
0.22447153385162344
0.22447153385162344
0.0374294661483765
0.0374294661483765
0.0374294661483765
0.0374294661483765
0.005917466148376516
0.005917466148376516
0.005917466148376516
0.005917466148376516
0.4467015338516236
0.4467015338516236
0.4467015338516236
0.4467015338516236
1.4352615338516235
1.6370543056488036
1.0766894817352295
0.6919058001327514
0.5313391447067262
0.5313391447067262
0.14114153385162354
1.6370543056488036
1.6370543056488036
0.2036864661483765
0.2036864661483765
0.2036864661483765
0.2036864661483765
2.6804025173187256
2.6536074555587765
0.08977331275177003
3.42136812210083
2.1963095789718627
2.6804025173187256
4.225828170776367
3.42136812210083
3.42136812210083
0.30781153385162363
0.30781153385162363
0.30781153385162363
0.30781153385162363
1.0411415338516234
1.0411415338516234
1.0411415338516234
1.0411415338516234
2.2609000205993652
2.2609000205993652
0.13101136684417725
0.0078085338516235
0.6992815338516236
1.6411415338516235
1.6411415338516235
1.6411415338516235
0.43281153385162363
0.43281153385162363
0.43281153385162363
0.4889715338516236
0.19219146614837646
0.19219146614837646
0.19219146614837646
0.19219146614837646
0.21257153385162364
0.21257153385162364
0.21257153385162364
0.5047815338516235
0.09236053385162357
0.10885846614837646
0.14114153385162354
0.14114153385162354
0.14114153385162354
0.746436595916748
0.6211415338516235
0.6211415338516235
0.6211415338516235
0.1937715338516235
0.1937715338516235
0.6796015338516235
0.1937715338516235
0.016141533851623535
0.016141533851623535
0.016141533851623535
0.19114153385162358
0.2588584661483765
1.3950929320526124
1.1411415338516235
1.1411415338516235
0.8810775279998779
0.8015215338516235
0.9872915338516235
2.7748053073883057
0.8810775279998779
1.3950929320526124
1.3950929320526124
0.17685153385162344
0.24828153385162355
0.24828153385162355
0.40201153385162347
0.14010846614837646
0.061141533851623575
0.14010846614837646
0.14010846614837646
1.0078115338516236
1.8911415338516235
1.0078115338516236
1.0078115338516236
0.31719146614837646
0.13317584991455078
0.4302874661483765
0.4302874661483765
0.13317584991455078
0.0016065338516235705
0.5957004661483765
0.20384180545806885
0.4796410799026489
0.0016065338516235705
0.0016065338516235705
1.1911415338516234
0.8494715338516234
0.8494715338516234
0.8494715338516234
0.27960153385162356
3.056940197944641
0.09415246614837647
2.133175849914551
0.7661415338516235
0.4043134661483765
0.2840015338516235
0.2840015338516235
2.133175849914551
0.7661415338516235
0.7661415338516235
0.054184533851623584
0.0810804661483765
0.0810804661483765
0.0810804661483765
0.03532946614837651
0.12201646614837647
0.12201646614837647
0.12201646614837647
0.19219146614837646
0.20364153385162354
0.0017154661483764766
2.088157296180725
1.8663136959075928
0.0017154661483764766
0.2268515338516235
0.8661415338516236
1.8663136959075928
0.8661415338516236
0.8661415338516236
0.22447153385162344
0.22447153385162344
0.3792415338516235
0.22447153385162344
0.2744715338516235
0.08558553385162349
0.08558553385162349
0.08558553385162349
0.3033024661483764
0.025525466148376474
1.9156674146652222
0.21257153385162364
0.38504153385162354
0.2755254661483765
0.3033024661483764
0.38024890422821045
0.38504153385162354
0.38504153385162354
0.05240646614837652
0.10128246614837644
0.10128246614837644
0.10128246614837644
0.2755254661483765
0.2755254661483765
0.2755254661483765
0.13472046614837652
0.1066585338516235
0.1066585338516235
0.8911415338516235
0.1066585338516235
0.5255254661483765
0.29739153385162354
0.13158546614837652
0.47447153385162344
0.13158546614837652
0.14976746614837644
0.6823874661483764
0.29739153385162354
0.29739153385162354
0.13472046614837652
0.13472046614837652
0.016141533851623535
0.13472046614837652
0.4338584661483765
0.3866364661483765
0.4338584661483765
0.4338584661483765
0.12912846614837648
0.2588584661483765
0.2588584661483765
0.2588584661483765
0.4043134661483765
0.39509046614837645
0.5588584661483764
0.4043134661483765
0.10885846614837646
0.025525466148376474
0.7588584661483765
