5.513874772004783
5.513874772004783
5.513874772004783
5.513874772004783
0.786810216534853
0.786810216534853
0.786810216534853
0.786810216534853
0.8258040718914866
0.8258040718914866
0.8258040718914866
0.8258040718914866
1.3939712664055823
1.3463512664055823
1.3463512664055823
1.3939712664055823
0.8132123235357552
0.6280273235357553
0.8132123235357552
0.6280273235357553
0.35935696959495544
2.095618856199682
2.095618856199682
2.095618856199682
2.095618856199682
1.284159465879202
1.284159465879202
1.284159465879202
1.284159465879202
1.2144265207058937
1.0038965076673776
1.2144265076673777
1.0038965207058936
0.7433856282670498
0.7111276282670498
0.7111276282670498
0.7433856282670498
1.9446297772228718
1.9446297772228718
1.9446297772228718
1.9446297772228718
1.1177121901298315
0.9055931901298314
0.9055931901298314
1.1177121901298315
1.9801480043679476
1.9801480043679476
1.9801480043679476
2.6574479609784483
1.985400433652103
2.6574479609784483
2.6574479609784483
1.0440129621347785
1.0440129621347785
1.0440129621347785
1.0440129621347785
3.2809478997018933
3.2809478997018933
3.2809478997018933
3.2809478997018933
1.355075792968273
1.0216190926730633
1.7167924977838993
1.355075841397047
1.3377480149269103
1.0216190926730633
1.8815144228363037
1.8815144228363037
1.8815144228363037
1.880369237563908
1.880369237563908
1.769259237563908
1.769259237563908
1.2241490429210662
1.2241490429210662
1.1824890429210664
1.1824890429210664
1.9282869748714566
1.9949569748714566
1.9282869748714566
1.9949569748714566
1.9541180618107319
2.006748061810732
1.9541180618107319
2.006748061810732
4.042642366141081
4.042642366141081
4.130372650921345
1.6778024405297638
2.939137790352106
1.6778024405297638
3.1421837235200405
2.006542465649545
4.130372650921345
4.13037259504199
0.9219483621418476
0.9219483844935894
1.1094483844935894
1.1094483844935894
1.7869694849848747
1.7869694849848747
1.7869694849848747
1.7869694849848747
1.4763000197708607
4.367368996143341
0.7721592031419278
2.2785957432460786
1.4763000197708607
2.4722478203475475
1.7422321456813812
0.7721592031419278
2.2785957432460786
2.2785957432460786
1.1211312709748744
1.1611312709748745
1.1611312709748745
1.1211312709748744
3.9646335393190384
3.9646335393190384
3.9646335393190384
3.9646335393190384
0.0227653868496418
0.24904705469727517
0.21506921590788664
0.22459206357598305
0.22459206357598305
0.022765379399061203
-0.029292535036802292
0.640392188523531
0.6730019156799316
0.24904705469727517
0.24904705469727517
14.418432898819447
14.418432898819447
14.418432898819447
14.418432898819447
0.99920344655402
0.4656735733151436
1.312603335827589
0.7492850379545689
0.5137984819951058
0.35701162815093995
0.4656735733151436
0.4656735733151436
0.7492850379545689
0.7492850379545689
1.8445403087937833
1.8445403087937833
1.8445403087937833
1.8445403087937833
1.131381081236601
4.932819724082947
4.932819724082947
3.0391670875251293
3.1959917484220863
4.932819724082947
-0.08755750954151154
-0.08755750954151154
3.507461133413017
3.507461133413017
3.507461185567081
1.0965278680106998
1.4686662778258324
1.4686662778258324
1.4686662778258324
1.4686662778258324
0.36519656648802756
0.02917901799082756
0.21606052348446847
0.21606052348446847
0.02917901799082756
0.22359710931777954
0.17804354016590118
0.2815695622344017
0.2844216860830784
0.2815695622344017
0.2815695622344017
3.1345370334398748
3.1345370334398748
2.840417033439875
2.840417033439875
0.5507887043058872
0.29150855265927317
0.11337975556211471
0.10026520490646362
0.16646133340072633
0.16600164473056794
0.11337975556211471
0.29150855265927317
0.29150855265927317
3.790414979861975
3.790414979861975
3.790414968686104
3.790414968686104
1.5664992928504944
0.08319577929234505
0.08319577929234505
0.9556487132999897
0.37511299550533295
0.4080708946577907
0.615334190428257
0.9556487132999897
0.9556487132999897
0.6172254824638367
0.7172254824638367
0.6172254824638367
0.7172254824638367
1.2097225449979305
1.1509025449979304
1.1509025449979304
1.2097225449979305
2.157954574376345
1.0496630519628525
1.3687162846774608
1.329721573222354
0.4880066616460681
9.902036592364311
0.4880066616460681
2.157954574376345
2.157954574376345
1.3808914115607738
1.3808914115607738
1.3808913817584514
1.3808913817584514
0.8849154490225315
0.8849154490225315
0.8849154490225315
0.8849154490225315
1.8373756839108466
1.8373756839108466
1.9408256839108466
1.9408256839108466
0.4593595080077648
0.3436287825987339
0.6824934227211475
0.07179299050998689
0.07179299050998689
1.0032932192552835
0.057469673454761505
0.6824934227211475
0.6824934227211475
0.032798862010240556
0.032798862010240556
-0.1334289447013855
0.3493405817257166
0.032798862010240556
-0.12934796458053588
-0.12934796458053588
0.02620675414800644
0.04160870239138603
2.060973024948835
2.060973024948835
2.060973024948835
2.060973024948835
2.4713280498981476
0.9296800345182419
0.3204439371824265
0.9296800345182419
0.600868567360878
0.008434849791228771
0.02923571690917015
0.06136949732899666
0.600868567360878
0.600868567360878
1.3397775501012803
1.3397775501012803
1.3397775501012803
1.3397775501012803
-0.04295208305120468
0.4763996805995703
0.09657473790073395
0.7012400148255825
0.19408265005558728
0.027712583541870117
-0.012431022711098194
0.4763996805995703
0.19408265005558728
0.19408265005558728
0.7581167432384491
0.7581167432384491
0.7581167432384491
0.7581167432384491
0.9505383037030697
5.651316334312856
7.0034902424085885
0.9505383037030697
7.003490193979815
7.003490193979815
0.6901702271593809
0.6901702271593809
0.6901702271593809
0.6901702271593809
1.15615318174839
1.15615318174839
1.15615318174839
1.15615318174839
0.7832281484701633
0.7832281484701633
0.7832281484701633
0.7832281484701633
0.8708175766322612
0.8708175766322612
0.8708175766322612
0.8708175766322612
1.2249589038467408
1.2249589038467408
1.2249589038467408
1.2249589038467408
1.110412285284698
1.5958218195185065
-0.07288441807031631
1.7740895739949494
1.5988510191906244
1.5988510191906244
0.4536861218512058
1.5958218195185065
1.5958218195185065
0.6418113422707915
0.6418113273696303
0.6418113273696303
0.6418113422707915
3.4629695303738117
2.429103710466698
-0.06096727401018143
3.001561435021162
1.8699795062244684
3.4629695303738117
6.776952251791954
3.001561435021162
3.001561435021162
1.1302958520185948
1.1302958520185948
1.1302958520185948
1.1302958520185948
0.0065633937175750764
0.0065633937175750764
0.0065633937175750764
0.0065633937175750764
0.4535263888537884
0.4535263888537884
0.4465402066707611
0.21884261891245843
0.3249826735432148
0.48701647486042976
0.48701647486042976
0.48701647486042976
0.24653366154003142
0.24653366154003142
0.24653366154003142
0.25703888839221
0.6259883461339474
0.6259883461339474
0.6259883647603989
0.6259883647603989
0.6397341908897907
0.6397341908897907
0.6397341908897907
0.7994243214316368
0.07500379929876327
0.07041155224846601
0.03829192742705345
0.03829192742705345
-0.06865117698907852
0.12836095690727234
0.135430184006691
0.135430184006691
0.135430184006691
0.3511295733413696
0.3511295733413696
0.6290221605772972
0.3511295733413696
0.42320970220547915
0.42320970220547915
0.42320970220547915
0.48741819616407156
0.5092350533232093
2.3017384016668796
1.968338392674923
1.968338392674923
1.9248810186982155
1.5918754339930414
1.73342794857502
5.94736398383975
1.9248808771371841
2.3017384016668796
2.3017384016668796
0.03768385131821632
0.03768385131821632
0.03768385131821632
0.061411521321773535
-0.10746924579143524
-0.17615902423858643
-0.10746924579143524
-0.10746924579143524
0.015641655826997752
-0.08237891793251037
0.015641655826997752
0.015641655826997752
0.08321493509554864
-0.062431301921606064
-0.0644150972366333
-0.0644150972366333
-0.062431301921606064
0.20469707459849118
-0.027608245611190796
-0.03727817162871361
0.08660485222935677
0.20469707459849118
0.20469707459849118
0.11762645989656448
0.11558803450316191
0.11558803450316191
0.11558803450316191
0.17701945625036955
-0.18752866983413696
0.05081377102440596
-0.062431301921606064
0.23857336193323136
0.07294217203948498
-0.07765308767557144
-0.07765308767557144
-0.062431301921606064
0.23857336193323136
0.23857336193323136
0.057978648828732965
0.004032157301425934
0.004032157301425934
0.004032157301425934
0.009747244589090348
0.005284590818023682
0.005284590818023682
0.005284590818023682
0.07779227061377764
-0.08364398032426834
0.061808384723186505
0.37963658571243286
0.00870435405522585
0.061808384723186505
0.09739082874512672
0.13676801975816488
0.00870435405522585
0.13676801975816488
0.13676801975816488
0.0447007022257328
0.0447007022257328
0.07526087687191964
0.04470073202805519
0.07667001953291894
0.07440990936613083
0.07440990936613083
0.07440990936613083
0.005527983419597149
0.010846994450187677
-0.0022929355036467314
0.08034992800072431
0.02308015347576141
0.024037303403019905
0.005527983419597149
-0.04538515582680702
0.02308015347576141
0.02308015347576141
0.1556150038020134
0.1518716726938248
0.1518716726938248
0.1518716726938248
0.08483181673913001
0.08483181673913001
0.08483181673913001
0.08189337753562928
0.0016722088387489328
0.0016722088387489328
-6.176531314849854e-05
0.0016722088387489328
0.21018388738197089
0.6542212069034576
0.6527697351648808
1.1786606207546593
0.6527697351648808
0.3277300683689117
0.006685443565368654
0.6542212814092636
0.6542212814092636
0.009777755476534367
0.009777755476534367
0.01399610098451376
0.009777755476534367
0.06037307698279619
0.05138495708065033
0.06037307698279619
0.06037307698279619
-0.006354666988134385
-0.005710503495025634
-0.005710503495025634
-0.005710503495025634
0.05007305261883736
0.056727285085439685
-0.060397230088710785
0.05007305261883736
0.11863446161150931
0.1766620758740306
0.004624991677701473
