2.218383279655512
2.218383279655512
2.218383279655512
2.218383279655512
1.5436063908345907
1.5436063908345907
1.5436063908345907
1.5436063908345907
1.0260585103006532
1.0260585103006532
1.0260585103006532
1.0260585103006532
0.16372005220682784
0.21134005220682783
0.21134005220682783
0.16372005220682784
0.7365295097556693
0.9217145097556693
0.7365295097556693
0.9217145097556693
2.6698853105713534
0.43465439458509336
0.43465439458509336
0.43465439458509336
0.43465439458509336
1.0759503971680793
1.0759503971680793
1.0759503971680793
1.0759503971680793
0.6626290531889723
0.8731590531889724
0.6626290531889723
0.8731590531889724
0.6895278659451137
0.6572698659451137
0.6572698659451137
0.6895278659451137
1.0030705163590374
1.0030705163590374
1.0030705163590374
1.0030705163590374
0.011532883330106714
0.22365188333010677
0.22365188333010677
0.011532883330106714
1.2942140857832043
1.2942140857832043
1.2942140857832043
0.34821556135036724
0.7914227418040971
0.34821556135036724
0.34821556135036724
0.17051059455016349
0.17051059455016349
0.17051059455016349
0.17051059455016349
2.4678462634341987
2.4678462634341987
2.4678462634341987
2.4678462634341987
2.3812787825340505
3.00474160208032
2.087144487420618
2.3812787825340505
1.2639646848027013
3.00474160208032
1.1105846190086732
1.1105846190086732
1.1105846190086732
0.7514445948200419
0.7514445948200419
0.8625545948200419
0.8625545948200419
0.3209531597806292
0.3209531597806292
0.362613159780629
0.362613159780629
0.3301066669475585
0.2634366669475585
0.3301066669475585
0.2634366669475585
0.5124886808164293
0.4598586808164291
0.5124886808164293
0.4598586808164291
0.49570278055662786
0.49570278055662786
1.5211883538551398
1.5582986950105344
0.3925658096702369
1.5582986950105344
0.8034968782879766
1.2808343998971021
1.5211883538551398
1.5211883538551398
1.1795303171799465
1.1795303171799465
0.9920303171799465
0.9920303171799465
0.4886653533782892
0.4886653533782892
0.4886653533782892
0.4886653533782892
3.0177833501559848
0.24124616970225432
3.7736490550425517
1.251227776857473
3.0177833501559848
2.129514759929119
1.4557135475380685
3.7736490550425517
1.251227776857473
1.251227776857473
0.4210518692202403
0.46105186922024033
0.46105186922024033
0.4210518692202403
0.5814571390049448
0.5814571390049448
0.5814571390049448
0.5814571390049448
2.314019605684786
0.6196329506853719
0.7642499995510474
2.071422491025084
2.071422491025084
2.314019605684786
1.6346910812519486
0.8924210154579209
0.7165781959116511
0.6196329506853719
0.6196329506853719
10.789704262344998
10.789704262344998
10.789704262344998
10.789704262344998
1.9338251255863677
1.0998575993512976
1.6131261895781623
0.588989383720349
0.3261135472457266
1.5557233042378646
1.0998575993512976
1.0998575993512976
0.588989383720349
0.588989383720349
0.3813006388292268
0.3813006388292268
0.3813006388292268
0.3813006388292268
1.7246691065859021
5.928195043890337
5.928195043890337
10.37232933900377
4.567346387869444
5.928195043890337
2.071804956109663
2.071804956109663
5.275120682982877
5.275120682982877
5.275120682982877
1.4440795436075056
1.1094906075993012
1.1094906075993012
1.1094906075993012
1.1094906075993012
0.27265612464801725
1.1724052851251177
1.2264067606922804
1.2264067606922804
1.1724052851251177
1.5048081704654157
0.6003358614719048
0.8972888126062308
0.9063453509191457
0.8972888126062308
0.8972888126062308
0.6494314558478655
0.6494314558478655
0.3553114558478656
0.3553114558478656
2.8650241174506466
0.9749800197192979
2.306367068584972
2.3650241174506466
2.2285525930178096
0.7214558561939204
2.306367068584972
0.9749800197192979
0.9749800197192979
1.5289719549467495
1.5289719549467495
1.5289719549467495
1.5289719549467495
0.6565056246852512
1.8765566904792788
1.8765566904792788
1.7099257192938562
0.8434943753147488
0.08171270236550199
0.3434943753147488
1.7099257192938562
1.7099257192938562
0.08164081276382784
0.18164081276382782
0.08164081276382784
0.18164081276382782
1.5166345571784547
1.4578145571784547
1.4578145571784547
1.5166345571784547
5.465308918748052
0.10757898454207915
2.404940262727158
2.107578984542079
0.9464224910250838
11.662517574768945
0.9464224910250838
5.465308918748052
5.465308918748052
0.5492905996264021
0.5492905996264021
0.5492905996264021
0.5492905996264021
1.134309545954368
1.134309545954368
1.134309545954368
1.134309545954368
0.11969118117256317
0.11969118117256317
0.016241181172563124
0.016241181172563124
0.6412617094797444
0.11803943711727993
0.2513467491590653
1.9745987094797441
1.9745987094797441
1.9127397660874186
2.1696631192528795
0.2513467491590653
0.2513467491590653
0.16181660361267358
0.16181660361267358
0.09062384986043126
1.350862111117158
0.16181660361267358
2.1832649964574555
2.1832649964574555
1.439130701344023
1.906727816003725
0.3059611559280724
0.3059611559280724
0.3059611559280724
0.3059611559280724
0.3851980738678278
1.54720481147247
0.20809485955739127
1.54720481147247
0.019433599081419395
2.121187401699335
2.1706676310187394
2.3472048114724697
0.019433599081419395
0.019433599081419395
0.8725835464256391
0.8725835464256391
0.8725835464256391
0.8725835464256391
2.588908510025549
1.5447742149121164
0.24292834145804254
1.1006399197986836
0.09198699747893535
1.2123713295718188
2.0713113953658464
1.5447742149121164
0.09198699747893535
0.09198699747893535
2.071967513029676
2.071967513029676
2.071967513029676
2.071967513029676
4.579110177662786
18.357541587435918
25.634975882549355
4.579110177662786
25.634975882549355
25.634975882549355
2.110988198915779
2.110988198915779
2.110988198915779
2.110988198915779
1.3894074801603395
1.3894074801603395
1.3894074801603395
1.3894074801603395
0.901682492804659
0.901682492804659
0.901682492804659
0.901682492804659
0.0689037124166072
0.0689037124166072
0.0689037124166072
0.0689037124166072
0.32515659493145477
0.32515659493145477
0.32515659493145477
0.32515659493145477
0.9253169316849075
1.321024177932665
1.0447742149121164
0.9876656904792789
1.109579985592711
1.109579985592711
1.9330428051389816
1.321024177932665
1.321024177932665
0.5545624238615815
0.5545624238615815
0.5545624238615815
0.5545624238615815
3.218383279655512
1.4262818040883487
2.2248209007982185
3.5563688529540234
1.9159530164793996
3.218383279655512
9.662517574768945
3.5563688529540234
3.5563688529540234
0.3757979760464438
0.3757979760464438
0.3757979760464438
0.3757979760464438
0.3986004597493271
0.3986004597493271
0.3986004597493271
0.3986004597493271
0.17667958110243287
0.17667958110243287
2.0998575993512976
1.7303992553721907
0.5253134814516986
0.517456498380052
0.517456498380052
0.517456498380052
0.07067128204855821
0.07067128204855821
0.07067128204855821
0.07037698693512584
1.5666752833682573
1.5666752833682573
1.5666752833682573
1.5666752833682573
0.49516553971085786
0.49516553971085786
0.49516553971085786
0.5381497690302623
0.15163522976835786
1.9729596714788138
2.225751015457921
2.225751015457921
2.002288195911651
0.33748242523105576
0.5167055079534371
0.5167055079534371
0.5167055079534371
1.016756883689965
1.016756883689965
0.8661211130093693
1.016756883689965
0.913320705150749
0.913320705150749
0.913320705150749
0.9617835246970186
2.3598021769111854
0.8654104452530011
1.1832649964574555
1.1832649964574555
1.4625935208902927
1.1028031332112134
0.9460550622514836
2.593272183996275
1.4625935208902927
0.8654104452530011
0.8654104452530011
0.8210737754760331
0.749643775476033
0.749643775476033
0.87524229990887
0.16178547730869774
0.35159541151466966
0.16178547730869774
0.16178547730869774
0.4187564864877904
0.7434294376221162
0.4187564864877904
0.4187564864877904
1.1706496217152336
0.33748242523105576
2.573717195911651
2.573717195911651
0.33748242523105576
0.13065781999522286
2.068741737272842
1.7816167203444881
2.571422491025084
0.13065781999522286
0.13065781999522286
0.04519092180317674
0.1633981022569071
0.1633981022569071
0.1633981022569071
1.37638268750926
0.7183832796555119
1.6789251470459767
1.6625175747689442
0.4662800653450754
2.3242803763653814
1.859428195911651
1.859428195911651
1.6625175747689442
0.4662800653450754
0.4662800653450754
0.8597725081560517
0.7715746886097815
0.7715746886097815
0.7715746886097815
1.1748814452538696
1.1498370354807348
1.1498370354807348
1.1498370354807348
2.056292671478814
1.4369968519325442
2.1451451959116508
0.28161672034448815
0.33748242523105576
2.1451451959116508
1.6029612119420984
0.5662800653450755
0.33748242523105576
0.5662800653450755
0.5662800653450755
0.6266691868439713
0.6266691868439713
0.6394963015036743
0.6266691868439713
1.0898864554613485
1.1111753408016458
1.1111753408016458
1.1111753408016458
2.8354451687754643
0.6266770097588806
0.837926807868004
2.0402426443426274
0.3593986124053057
2.640071054115762
2.8354451687754643
2.420329693208302
0.3593986124053057
0.3593986124053057
0.2116189251950451
0.1487635154219098
0.1487635154219098
0.1487635154219098
0.1571470548685855
0.1571470548685855
0.1571470548685855
0.4074019890745584
0.5138079773897268
0.5138079773897268
0.4555791409151033
0.5138079773897268
3.0576681687754643
0.9498399563844129
2.55199675900233
2.2252682834351667
2.55199675900233
0.11208774399336174
2.767604529682925
0.9498399563844129
0.9498399563844129
0.0179133022063116
0.0179133022063116
0.14637982663914828
0.0179133022063116
0.45051209642697615
0.2742712768807057
0.45051209642697615
0.45051209642697615
0.7424232807546951
1.0596189198472357
1.0596189198472357
1.0596189198472357
2.199169280706144
1.0502646027147673
1.8509229367270368
2.199169280706144
0.28360883899568723
2.0997098051389815
2.609579985592711
