3.841047074949242
3.841047074949242
3.841047074949242
3.841047074949242
-0.15150799381507185
-0.15150799381507185
-0.15150799381507185
-0.15150799381507185
0.06645979773813859
0.06645979773813859
0.06645979773813859
0.06645979773813859
0.76973599840183
0.72211599840183
0.72211599840183
0.76973599840183
0.1289181359778736
-0.05626686402212633
0.1289181359778736
-0.05626686402212633
-1.111577001900187
1.282391752860439
1.282391752860439
1.282391752860439
1.282391752860439
0.35422917231545437
0.35422917231545437
0.35422917231545437
0.35422917231545437
0.47795082649302445
0.26742082649302434
0.47795082649302445
0.26742082649302434
0.8906117435468245
0.8583537435468245
0.8583537435468245
0.8906117435468245
0.5788515089230595
0.5788515089230595
0.5788515089230595
0.5788515089230595
0.6726551608412101
0.4605361608412101
0.4605361608412101
0.6726551608412101
0.12623698888498813
0.12623698888498813
0.12623698888498813
0.911346796761416
0.33942864306255816
0.911346796761416
0.911346796761416
0.5839363653964511
0.5839363653964511
0.5839363653964511
0.5839363653964511
2.8850420485835073
2.8850420485835073
2.8850420485835073
2.8850420485835073
-0.9496030836178879
-1.4443549299190295
-0.6232910451931732
-0.9496030836178879
-0.4758438521121766
-1.4443549299190295
-0.09721958313917534
-0.09721958313917534
-0.09721958313917534
0.6813955722111105
0.6813955722111105
0.5702855722111104
0.5702855722111104
0.487682396204006
0.487682396204006
0.4460223962040062
0.4460223962040062
0.9155704693686355
0.9822404693686355
0.9155704693686355
0.9822404693686355
0.4474935883146265
0.5001235883146267
0.4474935883146265
0.5001235883146267
2.12693060255071
2.12693060255071
2.669750026179993
-0.08795958957286243
1.1743065257012808
-0.08795958957286243
1.791169834056421
0.22168244885185207
2.669750026179993
2.669750026179993
-0.034463380824055756
-0.034463380824055756
0.15303661917594424
0.15303661917594424
0.3582437946248642
0.3582437946248642
0.3582437946248642
0.3582437946248642
-1.7304505484530228
1.1747976052458347
-2.454138510028309
-0.44656112482373933
-1.7304505484530228
-0.7778264716035945
-0.844113355372027
-2.454138510028309
-0.44656112482373933
-0.44656112482373933
0.38942752485428955
0.4294275248542896
0.4294275248542896
0.38942752485428955
1.8640509796701634
1.8640509796701634
1.8640509796701634
1.8640509796701634
-1.5878890403249013
-0.5596042699157637
-0.3802286541629083
-1.2668251555990448
-1.2668251555990448
-1.5878890403249013
-1.4694492324484738
-0.9685979634754726
-0.8262271171743305
-0.5596042699157637
-0.5596042699157637
12.271513968245337
12.271513968245337
12.271513968245337
12.271513968245337
-0.3020150695347912
-1.1118082064554276
-0.1894322833048565
-0.5134608596755733
-0.456725359196861
-1.4354961680307132
-1.1118082064554276
-1.1118082064554276
-0.5134608596755733
-0.5134608596755733
0.522056031958273
0.522056031958273
0.522056031958273
0.522056031958273
-0.20710256792636916
3.009780811329636
3.009780811329636
0.9860928497543506
1.4047924655072062
3.009780811329636
-1.990219188670364
-1.990219188670364
1.6992845039319202
1.6992845039319202
1.6992845039319202
0.0008134579438094924
0.1272862441737439
0.1272862441737439
0.1272862441737439
0.1272862441737439
-1.1134870829733012
-1.4941960061238726
-1.2090891982474448
-1.2090891982474448
-1.4941960061238726
-1.173132121398016
-0.4932341588653061
-0.6394847746181613
-1.0783802750968738
-0.6394847746181613
-0.6394847746181613
1.7776222431669022
1.7776222431669022
1.4835022431669023
1.4835022431669023
-1.2541671804623813
-0.9622259489566702
-1.4339542647095258
-1.7541671804623813
-1.4928703725859538
-0.7724644484779581
-1.4339542647095258
-0.9622259489566702
-0.9622259489566702
2.6485987155654342
2.6485987155654342
2.6485987155654342
2.6485987155654342
-0.016131541933323224
-1.2392048109063243
-1.2392048109063243
-0.3938488877557532
-1.0161315419333232
-0.507387540975899
-1.0161315419333232
-0.3938488877557532
-0.3938488877557532
0.1656763582687597
0.2656763582687597
0.1656763582687597
0.2656763582687597
0.9058108332094298
0.8469908332094297
0.8469908332094297
0.9058108332094298
0.7305507675515264
-0.6352649634754726
0.11216242172909618
-0.30193496347547266
-1.0168251555990448
8.317359113373957
-1.0168251555990448
0.7305507675515264
0.7305507675515264
0.48743624849017764
0.48743624849017764
0.48743624849017764
0.48743624849017764
-0.023246812036033737
-0.023246812036033737
-0.023246812036033737
-0.023246812036033737
0.6046563989528935
0.6046563989528935
0.7081063989528935
0.7081063989528935
-0.7785583125147459
-0.20680846525617963
-0.32763577361131935
-1.111891312514746
-1.111891312514746
-0.3969981203911739
-1.3259342356653172
-0.32763577361131935
-0.32763577361131935
-1.1769511919366253
-1.1769511919366253
-0.9130503146084843
-1.4447533465929072
-1.1769511919366253
-1.5403554618670507
-1.5403554618670507
-1.7307104234423365
-1.8017743081681932
1.005860881021254
1.005860881021254
1.005860881021254
1.005860881021254
1.0314755857724884
-0.3974605295016549
-0.16838187436666097
-0.3974605295016549
-0.31692341327008755
-1.3500846063510838
-1.4922123758027972
-1.397460529501655
-0.31692341327008755
-0.31692341327008755
1.1710487575090087
1.1710487575090087
1.1710487575090087
1.1710487575090087
-1.4450676572074665
-0.968755618782752
-0.5162968483736143
-0.8257765803580376
-0.7387475025511845
-1.5398195035086086
-1.3740037724816099
-0.968755618782752
-0.7387475025511845
-0.7387475025511845
-0.9071119257254635
-0.9071119257254635
-0.9071119257254635
-0.9071119257254635
-0.7778551420376667
3.936190781112904
5.245832819537618
-0.7778551420376667
5.245832819537618
5.245832819537618
-1.0281983856923276
-1.0281983856923276
-1.0281983856923276
-1.0281983856923276
-0.05310054306303269
-0.05310054306303269
-0.05310054306303269
-0.05310054306303269
-0.10063547450772936
-0.10063547450772936
-0.10063547450772936
-0.10063547450772936
0.33476338092435554
0.33476338092435554
0.33476338092435554
0.33476338092435554
0.6403625326095295
0.6403625326095295
0.6403625326095295
0.6403625326095295
0.3595332284758145
0.5900156511476733
-1.468755618782752
0.4274641890936757
0.27337215066896126
0.27337215066896126
-0.9213796956321809
0.5900156511476733
0.5900156511476733
-0.08131485858006948
-0.08131485858006948
-0.08131485858006948
-0.08131485858006948
1.841047074949242
0.8880568828256696
-1.564201078749616
1.755186498578525
0.8709799990572374
1.841047074949242
5.317359113373956
1.755186498578525
1.755186498578525
0.6277369575841374
0.6277369575841374
0.6277369575841374
0.6277369575841374
-1.076191661219881
-1.076191661219881
-1.076191661219881
-1.076191661219881
-1.2065600527565699
-1.2065600527565699
-1.1118082064554276
-1.1986165522778576
-0.3865166281698625
-0.5995869749497165
-0.5995869749497165
-0.5995869749497165
-0.41183737299536716
-0.41183737299536716
-0.41183737299536716
-0.426467334570653
-0.3465117727250845
-0.3465117727250845
-0.3465117727250845
-0.3465117727250845
-0.1906320256335554
-0.1906320256335554
-0.1906320256335554
-0.15743479508526836
-0.5887814236146214
-1.3387400092979025
-1.6352649634754726
-1.6352649634754726
-1.5405131171743305
-1.6826408866260436
-0.9141298088191905
-0.9141298088191905
-0.9141298088191905
-0.6782596798111248
-0.6782596798111248
-0.6503464492628384
-0.6782596798111248
-0.5095902416136215
-0.5095902416136215
-0.5095902416136215
-0.5210090879147642
-1.1122706155659086
1.3227884238162297
0.29297753813294936
0.29297753813294936
0.17453773025652142
1.0100817321713695
0.2280232691599482
4.198225691831807
0.17453773025652142
1.3227884238162297
1.3227884238162297
-1.0933266892531615
-1.0933266892531615
-1.0933266892531615
-1.1962385971295888
-0.48094535399419236
-0.6467610850211913
-0.48094535399419236
-0.48094535399419236
-0.7115118811986823
-0.9150581969515378
-0.7115118811986823
-0.7115118811986823
0.13809338521923073
-1.6826408866260436
-1.5405131171743305
-1.5405131171743305
-1.6826408866260436
-0.4784445004640506
-1.2562575782709038
-1.658952925050758
-1.3918251555990448
-0.4784445004640506
-0.4784445004640506
-0.9662233433263875
-0.896471497025245
-0.896471497025245
-0.896471497025245
0.01800365419223196
-1.658952925050758
-1.244810001421475
-1.6826408866260436
-0.5588103851899071
-1.354852170873188
-1.5405131171743305
-1.5405131171743305
-1.6826408866260436
-0.5588103851899071
-0.5588103851899071
-0.9150893400474321
-0.8267787937462898
-0.8267787937462898
-0.8267787937462898
-1.0068544792940095
-0.9656704561434382
-0.9656704561434382
-0.9656704561434382
-1.3387400092979025
-1.3273214629967605
-1.3976561171743305
-1.158952925050758
-1.6826408866260436
-1.3976561171743305
0.06611446206865923
-0.6338103851899072
-1.6826408866260436
-0.6338103851899072
-0.6338103851899072
-0.8436118571878444
-0.8436118571878444
-0.902770941913701
-0.8436118571878444
-1.0187055932918674
-0.9698637085660107
-0.9698637085660107
-0.9698637085660107
-2.0644227264934987
-0.6384513167022231
-2.2539264190957833
-1.8745543186170712
-1.2088469560843613
-1.9933588417676422
-2.0644227264934987
-2.1828625343699266
-1.2088469560843613
-1.2088469560843613
-0.5010897406600257
-0.45957891750945495
-0.45957891750945495
-0.45957891750945495
-0.45362996310467335
-0.45362996310467335
-0.45362996310467335
-0.6127406941316723
-0.8295641983015304
-0.8295641983015304
-1.1094904987802425
-0.8295641983015304
-1.8422007264934988
-0.7695996102619314
-1.380682803342928
-0.9688166112193553
-1.380682803342928
-0.5202314940303635
-1.7572720338912144
-0.7695996102619314
-0.7695996102619314
-0.38279286225600273
-0.38279286225600273
-0.5012326701324304
-0.38279286225600273
0.037382903304161316
-0.049035642996980655
0.037382903304161316
0.037382903304161316
0.004937837131403364
0.18963672973368798
0.18963672973368798
0.18963672973368798
-1.2120307877557532
0.18690388361080945
-1.0897482335781834
-1.2120307877557532
-0.44098900207247244
-1.2547126956321808
-1.3266278493310388
