5.382264211773872
5.382264211773872
5.382264211773872
5.382264211773872
0.6768024051971435
0.6768024051971435
0.6768024051971435
0.6768024051971435
0.700472533162117
0.700472533162117
0.700472533162117
0.700472533162117
1.2106053998637198
1.1629853998637198
1.1629853998637198
1.2106053998637198
0.7373075637245178
0.5521225637245178
0.7373075637245178
0.5521225637245178
0.3891962021589279
2.0348082464790345
2.0348082464790345
2.0348082464790345
2.0348082464790345
1.1510581105947495
1.1510581105947495
1.1510581105947495
1.1510581105947495
1.0734986385393144
0.8629686534404755
1.0734986534404756
0.8629686385393143
0.6207377951879501
0.5884797951879501
0.5884797951879501
0.6207377951879501
1.8862383291125298
1.8862383291125298
1.8862383291125298
1.8862383291125298
1.0279317856645585
0.8158127856645584
0.8158127856645584
1.0279317856645585
1.875821053981781
1.875821053981781
1.875821053981781
2.5625311786365508
1.9106308072805405
2.5625311786365508
2.5625311786365508
0.9433468945717811
0.9433468945717811
0.9433468945717811
0.9433468945717811
3.2034559261751174
3.2034559261751174
3.2034559261751174
3.2034559261751174
1.2465728163719176
0.8212171047925949
1.5884137749671936
1.2465728014707564
1.204729714989662
0.8212171047925949
1.7699453162574768
1.7699453162574768
1.7699453162574768
1.7768816369915008
1.7768816369915008
1.6657716369915008
1.6657716369915008
1.1368197670149802
1.1368197670149802
1.0951597670149804
1.0951597670149804
1.813242406206131
1.879912406206131
1.813242406206131
1.879912406206131
1.88717682659626
1.9398068265962602
1.88717682659626
1.9398068265962602
3.8673378825187683
3.8673378825187683
4.111447207629681
1.548023922188282
2.8728885650634766
1.548023922188282
3.1084029363799095
1.8782647401094437
4.111447207629681
4.111447207629681
0.7540860995650291
0.7540861070156097
0.9415861070156097
0.9415861070156097
1.6646555906534195
1.6646555906534195
1.6646555906534195
1.6646555906534195
1.2337374091148376
4.251097843050957
0.5379109263420105
2.084059265918732
1.2337374091148376
2.242184340953827
1.5235604959869384
0.5379109263420105
2.084059265918732
2.084059265918732
1.0486175528168677
1.0886175528168678
1.0886175528168678
1.0486175528168677
3.877053052186966
3.877053052186966
3.877053052186966
3.877053052186966
-0.10735131800174713
0.19056207944869996
0.11711213823890687
0.15302515029907227
0.15302515029907227
-0.10735131055116653
-0.09001404047012329
0.5523961862368584
0.6138434042201042
0.19056207944869996
0.19056207944869996
14.34357088804245
14.34357088804245
14.34357088804245
14.34357088804245
0.8719530552625656
0.39470380544662476
1.2765300050377846
0.6367398047347069
0.36344834345006943
0.09128319919109346
0.39470380544662476
0.39470380544662476
0.6367398047347069
0.6367398047347069
1.7993272315764428
1.7993272315764428
1.7993272315764428
1.7993272315764428
1.0575888061952592
4.8549469113349915
4.8549469113349915
2.8509557843208313
3.0734284319353105
4.8549469113349915
-0.14505308866500854
-0.14505308866500854
3.386937290430069
3.386937290430069
3.386937290430069
0.9876408484435082
1.4237786084413528
1.4237786084413528
1.4237786084413528
1.4237786084413528
0.21739005988407134
-0.12092913687229156
0.05774620229434968
0.05774620229434968
-0.12092913687229156
0.13642752915620804
0.21042584960269928
0.30767311093997957
0.14621540904045105
0.30767311093997957
0.30767311093997957
3.1076231484127046
3.1076231484127046
2.8135031484127047
2.8135031484127047
0.37848343700170517
0.2562567452378273
-0.005239455455970765
-0.12151656299829483
0.03764975792837144
0.11844465583562852
-0.005239455455970765
0.2562567452378273
0.2562567452378273
3.7548558657932283
3.7548558657932283
3.7548558657932283
3.7548558657932283
1.3843414038419724
0.013522460876464845
0.013522460876464845
0.8163359058294296
0.38434140384197235
0.31927710748386384
0.38434140384197235
0.8163359058294296
0.8163359058294296
0.541734285056591
0.641734285056591
0.541734285056591
0.641734285056591
1.104561299085617
1.045741299085617
1.045741299085617
1.104561299085617
2.109985959529877
0.8857291862368584
1.3096260119211673
1.2190591862368583
0.40302515029907227
9.878799192607403
0.40302515029907227
2.109985959529877
2.109985959529877
1.3216819791078567
1.3216819791078567
1.3216819791078567
1.3216819791078567
0.8451255451135635
0.8451255451135635
0.8451255451135635
0.8451255451135635
1.7798181457591056
1.7798181457591056
1.8832681457591056
1.8832681457591056
0.3825455829501152
0.26912005227661134
0.5579477703018189
0.04921258295011521
0.04921258295011521
0.8704994916915894
-0.12163881957530975
0.5579477703018189
0.5579477703018189
0.011357681751251222
0.011357681751251222
-0.0002570212428092966
0.21130739098358153
0.011357681751251222
0.05431665534210206
0.05431665534210206
-0.11559618264436722
-0.1252891570329666
2.0363640813374517
2.0363640813374517
2.0363640813374517
2.0363640813374517
2.3815099969506264
0.888494037091732
0.31263172775506975
0.8884940445423126
0.4584471280708313
-0.106504425406456
-0.12104885280132294
-0.11150595545768738
0.4584471280708313
0.4584471280708313
1.3754230350255967
1.3754230350255967
1.3754230350255967
1.3754230350255967
-0.10724018514156342
0.38992372900247574
0.1142266385498047
0.5537760412139893
0.11257861524581908
-0.11843043565750122
-0.10002857446670532
0.38992372900247574
0.11257861524581908
0.11257861524581908
0.5904070797281266
0.5904070797281266
0.5904070797281266
0.5904070797281266
0.8751856684684753
5.548467082722187
6.878483437001705
0.8751856684684753
6.878483429551125
6.878483429551125
0.5635193442745209
0.5635193442745209
0.5635193442745209
0.5635193442745209
0.9749566486048697
0.9749566486048697
0.9749566486048697
0.9749566486048697
0.749367625216484
0.749367625216484
0.749367625216484
0.749367625216484
0.772131689921379
0.772131689921379
0.772131689921379
0.772131689921379
1.2205510435080529
1.2205510435080529
1.2205510435080529
1.2205510435080529
1.0392493583202362
1.5430278259038925
-0.11007627099752426
1.6801914608764648
1.5049800634384156
1.5049800634384156
0.39528441429138184
1.5430278259038925
1.5430278259038925
0.5860857836098671
0.5860857761592865
0.5860857761592865
0.5860857836098671
3.3822642117738724
2.3281274042201043
-0.10389959067106247
2.9929961767864226
1.797864804608822
3.3822642117738724
6.878799192607403
2.9929961767864226
2.9929961767864226
1.086092060251236
1.086092060251236
1.086092060251236
1.086092060251236
-0.09415695225639342
-0.09415695225639342
-0.09415695225639342
-0.09415695225639342
0.3809894621372223
0.3809894621372223
0.39470380544662476
0.12557293921709062
0.2563118009443283
0.4743792433614731
0.4743792433614731
0.4743792433614731
0.13232570832538604
0.13232570832538604
0.13232570832538604
0.13689856311416626
0.5634137918992043
0.5634137918992043
0.5634138068003655
0.5634138068003655
0.5673893166251183
0.5673893166251183
0.5673893166251183
0.7547964761443138
0.06026382396554947
0.0002160086687088003
-0.11427081376314163
-0.11427081376314163
-0.10044259577989578
-0.1212008073925972
0.13840167671442033
0.13840167671442033
0.13840167671442033
0.2858740804157257
0.2858740804157257
0.45284744541597366
0.2858740804157257
0.3487496977491379
0.3487496977491379
0.3487496977491379
0.4246543422341347
0.399546280503273
2.2611388506150245
1.887649655342102
1.887649655342102
1.8713622689247131
1.4886525097084045
1.6805287965345383
5.874710842967033
1.871362254023552
2.2611388506150245
2.2611388506150245
-0.005893659545326238
-0.005893659545326238
-0.005893659545326238
0.0040505592885017455
-0.07851254194974899
-0.06867881119251251
-0.07851254194974899
-0.07851254194974899
-0.010953530615139012
0.023785664141178137
-0.010953530615139012
-0.010953530615139012
0.0028043838157653933
-0.1212008073925972
-0.10044259577989578
-0.10044259577989578
-0.1212008073925972
0.12002509017181395
-0.058793988078832626
-0.11773578822612762
0.028025150299072266
0.12002509017181395
0.12002509017181395
0.08825813382863998
0.06102311611175537
0.06102311611175537
0.06102311611175537
0.05989299606323242
-0.11773580312728882
-0.00700032321357727
-0.1212008073925972
0.11552263498306276
0.00434569162521363
-0.10044259577989578
-0.10044259577989578
-0.1212008073925972
0.11552263498306276
0.11552263498306276
-0.020146573757362368
-0.02940296387720108
-0.02940296387720108
-0.02940296387720108
-0.006720904089450835
-0.010109344325923919
-0.010109344325923919
-0.010109344325923919
0.0002160086687088003
-0.06921673566102982
0.04241440422010423
0.3822642117738724
-0.1212008073925972
0.04241440422010423
-0.018547331823349
0.040522634983062744
-0.1212008073925972
0.040522634983062744
0.040522634983062744
0.01801802361564636
0.01801802361564636
0.03355196789679528
0.01801802361564636
0.06022612994480134
0.045509263692855836
0.045509263692855836
0.045509263692855836
-0.12493640929460526
-0.0707253444885254
-0.16592897474765778
-0.04840503330364228
-0.03127274094963074
-0.11330704391002655
-0.12493640929460526
-0.15313668549060822
-0.03127274094963074
-0.03127274094963074
0.02617850343151093
0.017616323057746894
0.017616323057746894
0.017616323057746894
-0.0496075212594986
-0.0496075212594986
-0.0496075212594986
-0.03364773786754608
-0.03426286525220871
-0.03426286525220871
-0.005596578121185303
-0.03426286525220871
0.09728559070539475
0.6070186197757721
0.5232257340922356
1.0215735787582398
0.5232257340922356
0.31770468632698057
-0.016259513452529906
0.6070186197757721
0.6070186197757721
-0.07356083393096924
-0.07356083393096924
-0.07183702290058136
-0.07356083393096924
-0.01022971719503403
0.0024899556692123404
-0.01022971719503403
-0.01022971719503403
-0.055085729549407964
-0.06837016943721771
-0.06837016943721771
-0.06837016943721771
-0.001845994170570367
-0.009019391091346737
-0.0724944919347763
-0.001845994170570367
0.09055367410182952
0.06195142174196244
-0.09501992166042328
