3.8126639127731323
3.8126639127731323
3.8126639127731323
3.8126639127731323
-0.1919206296615601
-0.1919206296615601
-0.1919206296615601
-0.1919206296615601
0.38645501380729674
0.38645501380729674
0.38645501380729674
0.38645501380729674
0.18179556186676016
0.13417556186676016
0.13417556186676016
0.18179556186676016
0.39886580437660213
0.2136808043766022
0.39886580437660213
0.2136808043766022
-2.2279720306396484
1.5902661961174012
1.5902661961174012
1.5902661961174012
1.5902661961174012
0.2460164308547974
0.2460164308547974
0.2460164308547974
0.2460164308547974
0.38698275592803966
0.17645275592803955
0.38698275592803966
0.17645275592803955
0.2740105282802582
0.24175252828025817
0.24175252828025817
0.2740105282802582
0.2950094938278198
0.2950094938278198
0.2950094938278198
0.2950094938278198
0.4748339862442017
0.26271498624420164
0.26271498624420164
0.4748339862442017
1.1143277883529663
1.1143277883529663
1.1143277883529663
1.7317798489761351
1.1382202506065369
1.7317798489761351
1.7317798489761351
-0.09584289859771733
-0.09584289859771733
-0.09584289859771733
-0.09584289859771733
2.9476272922706603
2.9476272922706603
2.9476272922706603
2.9476272922706603
0.4543338656425475
-1.5735104084014893
1.0104557871818542
0.45433380603790274
0.6962044477462768
-1.5735104084014893
1.386000685634613
1.386000685634613
1.386000685634613
1.5210673529052734
1.5210673529052734
1.4099573529052734
1.4099573529052734
1.0894223174023627
1.0894223174023627
1.047762317402363
1.047762317402363
0.9889929300117493
1.0556629300117493
0.9889929300117493
1.0556629300117493
1.8705390095710754
1.9231690095710756
1.8705390095710754
1.9231690095710756
2.005219578742981
2.005219578742981
3.731094568967819
1.0634899491500855
1.9963603019714355
1.0634899491500855
2.811486578207016
0.9433674812316895
3.731094568967819
3.7310946881771088
0.47438785433769226
0.47438761591911316
0.6618876159191132
0.6618876159191132
1.613900283575058
1.613900283575058
1.613900283575058
1.613900283575058
0.946077287197113
2.7864431142807007
-0.3123791933059692
1.8156171119880677
0.946077287197113
1.7344138622283936
1.3422175961875915
-0.3123791933059692
1.8156171119880677
1.8156171119880677
0.9019980764389037
0.9419980764389038
0.9419980764389038
0.9019980764389037
3.817760020494461
3.817760020494461
3.817760020494461
3.817760020494461
-0.3712846755981445
1.7129203662395478
1.329839733991623
-0.2432948350906372
-0.2432948350906372
-0.3712846755981445
-0.011285948753356978
0.1519604569244386
1.61983766456604
1.7129203662395478
1.7129203662395478
13.289896607398987
13.289896607398987
13.289896607398987
13.289896607398987
-0.5500136613845825
1.3759398460388184
0.38169795274734497
1.9527658022689818
1.0860129594802856
0.8401129603385926
1.3759398460388184
1.3759398460388184
1.9527658022689818
1.9527658022689818
1.6904966529512406
1.6904966529512406
1.6904966529512406
1.6904966529512406
-0.13035889919280996
7.900037407875061
7.640415072441101
11.650990724563599
6.222181032524109
7.640415072441101
-0.23083090782165527
-0.23083090782165527
7.0718566417694095
7.0718566417694095
7.07185652256012
-0.2608047443771362
1.5662223771214485
1.5662223771214485
1.5662223771214485
1.5662223771214485
1.8295440321731569
0.030623316764831543
0.33738712017059336
0.33738712017059336
0.030623316764831543
0.12169551849365234
1.3138654942703245
2.3127051576423643
1.2522610425949097
2.3127051576423643
2.3127051576423643
2.939493912906647
2.939493912906647
2.645373912906647
2.645373912906647
-0.8691915273666382
1.1106070649433135
0.1362324059009552
-0.6276813745498657
0.555028662317276
0.36059774756431584
0.1362324059009552
1.1106070649433135
1.1106070649433135
3.6215255206394197
3.6215255206394197
3.6215255206394197
3.6215255206394197
1.3584345579147339
0.16221265512847904
0.16221265512847904
3.9605194822692873
2.4029321670532227
1.3674346437072753
1.8284412622451782
3.9605194822692873
3.9605194822692873
0.5454452851414681
0.645445285141468
0.5454452851414681
0.645445285141468
1.5017078518867493
1.4428878518867492
1.4428878518867492
1.5017078518867493
7.4041499376297
2.4532968645858766
4.328676869716644
4.492936337547302
1.6177482604980469
13.549802541732788
1.6177482604980469
7.4041499376297
7.4041499376297
1.385283674108982
1.385283674108982
1.385283674108982
1.385283674108982
1.3237755636863708
1.3237755636863708
1.3237755636863708
1.3237755636863708
1.6609209237766265
1.6609209237766265
1.7643709237766265
1.7643709237766265
1.0073869580459593
0.6598029136657715
2.074043394937515
0.24317769652175902
0.24317769652175902
2.8744397163391113
0.4732203781604767
2.074043394937515
2.074043394937515
1.8266062653064727
1.8266062653064727
0.9569945687484742
1.1703696250915527
1.8266062653064727
0.09924095869064331
0.09924095869064331
0.7450781345367432
0.33176374435424805
1.8497125162029264
1.8497125162029264
1.8497125162029264
1.8497125162029264
1.9013503789901733
0.29539706707000724
0.7670055150985717
0.29539706707000724
1.2394544230556488
0.3165205423698425
-0.9756704568862915
-0.5654736995697022
1.2394544230556488
1.2394544230556488
1.2000487804412843
1.2000487804412843
1.2000487804412843
1.2000487804412843
-0.8520350217819214
0.2693464756011963
1.018674224615097
0.7105554342269897
1.0975774198532104
0.07661008834838867
0.2521483600139618
0.2693464756011963
1.0975774198532104
1.0975774198532104
0.9705752047615052
0.9705752047615052
0.9705752047615052
0.9705752047615052
6.717909932136536
20.81832521600723
27.019941210746765
6.717909932136536
27.019941091537476
27.019941091537476
0.3211946641845703
0.3211946641845703
0.3211946641845703
0.3211946641845703
0.5735343342590331
0.5735343342590331
0.5735343342590331
0.5735343342590331
1.2633463002243042
1.2633463002243042
1.2633463002243042
1.2633463002243042
0.8033178756985664
0.8033178756985664
0.8033178756985664
0.8033178756985664
1.0005880368328095
1.0005880368328095
1.0005880368328095
1.0005880368328095
2.113106654281616
2.979497145986557
1.0349146723747253
1.1007611191558837
0.9384594917297364
0.9384594917297364
-0.1933192014694214
2.979497145986557
2.979497145986557
0.10255492694091795
0.10255486733627317
0.10255486733627317
0.10255492694091795
4.918657064437866
3.323119965858459
0.06727085953521728
5.611432194709778
3.4385441666412353
4.918657064437866
10.72545599937439
5.611432194709778
5.611432194709778
0.5911931151580812
0.5911931151580812
0.5911931151580812
0.5911931151580812
1.7035184741020202
1.7035184741020202
1.7035184741020202
1.7035184741020202
2.462826371192932
2.462826371192932
0.1754644513130188
0.314139870349884
0.9900238119506837
1.9147691130638123
1.9147691130638123
1.9147691130638123
1.4492565149497987
1.4492565149497987
1.4492565149497987
1.5037845695781709
-0.5175325716094971
-0.5175325716094971
-0.5175325716094971
-0.5175325716094971
1.113068232767582
1.113068232767582
1.113068232767582
1.3891742870950698
0.13690493263626102
0.019761204719543457
-0.19838035106658936
-0.19838035106658936
-0.15414321422576904
0.5974140167236328
0.7091374206542969
0.7091374206542969
0.7091374206542969
0.3683056162643432
0.3683056162643432
0.8763925866699218
0.3683056162643432
0.7840137258172035
0.7840137258172035
0.7840137258172035
0.9630339100956917
-0.22978379726409914
1.5188872492980958
1.1009005308151245
1.1009005308151245
0.5033985376358032
0.8136279524612426
1.2497504543304443
4.155454635620117
0.5033987760543823
1.5188872492980958
1.5188872492980958
1.0520690237498282
1.1234990237498284
1.1234990237498284
1.2922020979475974
0.4063138961791992
0.568642897605896
0.4063138961791992
0.4063138961791992
0.6390230530929566
1.4430795907974243
0.6390230530929566
0.6390230530929566
0.08272688144874574
1.683235764503479
-0.0986657596626282
-0.0986657596626282
1.683235764503479
0.4581533172988892
-0.08538171004486084
-0.3285592794418335
-0.6726363897323608
0.4581533172988892
0.4581533172988892
1.6499500155448912
1.3199311440753936
1.3199311440753936
1.3199311440753936
0.24470682903289798
2.6024608612060547
0.44176302781677246
3.7226532697677612
0.9410865902900696
-0.7362338515090943
0.705747966632843
0.705747966632843
3.7226532697677612
0.9410865902900696
0.9410865902900696
0.6823760645561219
0.44338318741607663
0.44338318741607663
0.44338318741607663
0.20990269871139522
0.15379818629455566
0.15379818629455566
0.15379818629455566
-0.2868450129585266
0.7539236843585968
0.3966586741142273
1.6300578117370605
0.8396551609039307
0.3966586741142273
0.2161470760917663
1.0507973194122315
0.8396551609039307
1.0507973194122315
1.0507973194122315
1.3492401486206054
1.3492401486206054
1.1246909650921821
1.349240267829895
0.8898439532089233
0.7415477626266479
0.7415477626266479
0.7415477626266479
0.012297273403167774
-0.0019372260017395115
0.7950494289398193
0.5100168310928346
0.6258577693939209
-0.06596542948913575
0.012297273403167774
0.27139490842819214
0.6258577693939209
0.6258577693939209
0.3901102481861114
0.33604071667289737
0.33604071667289737
0.33604071667289737
0.37300138121414184
0.37300138121414184
0.37300138121414184
0.44997165440368647
0.5667700028820037
0.5667700028820037
1.2593506276607513
0.5667700028820037
-0.7074426567001343
0.35955357551574707
0.0742730028610229
0.41666754539489737
0.0742730028610229
-0.26100153501892087
-0.6554555842437744
0.35955357551574707
0.35955357551574707
0.46276507614898676
0.46276507614898676
0.5905477702617645
0.46276507614898676
-0.050809484720230114
-0.005067766073226954
-0.050809484720230114
-0.050809484720230114
0.5824782897043228
0.40369794368743894
0.40369794368743894
0.40369794368743894
-0.25180365760803225
-0.3840103203125
-0.6205281734466552
-0.25180365760803225
0.1999015212059021
-0.2291031038208008
-0.8067684412002564
