5.3687824010849
5.3687824010849
5.3687824010849
5.3687824010849
0.7553479010648727
0.7553479010648727
0.7553479010648727
0.7553479010648727
0.7908656703488827
0.7908656703488827
0.7908656703488827
0.7908656703488827
1.2325258871483802
1.1849058871483802
1.1849058871483802
1.2325258871483802
0.7473454999947547
0.5621604999947548
0.7473454999947547
0.5621604999947548
0.3784928247332573
2.0782479923820496
2.0782479923820496
2.0782479923820496
2.0782479923820496
1.2684691093862057
1.2684691093862057
1.2684691093862057
1.2684691093862057
1.1953501703280212
0.9848201740533113
1.1953501740533115
0.984820170328021
0.652171835704565
0.619913835704565
0.619913835704565
0.652171835704565
1.8499592989683151
1.8499592989683151
1.8499592989683151
1.8499592989683151
1.0602954947268963
0.8481764947268963
0.8481764947268963
1.0602954947268963
1.8194826394319534
1.8194826394319534
1.8194826394319534
2.487511699838638
1.8519302755594254
2.487511699838638
2.487511699838638
0.9810409613347053
0.9810409613347053
0.9810409613347053
0.9810409613347053
3.2369745124828815
3.2369745124828815
3.2369745124828815
3.2369745124828815
1.0529701650142669
0.7038451135158539
1.497138261795044
1.0529701650142669
1.2883686140179633
0.7038451135158539
1.832328602912426
1.832328602912426
1.832328602912426
1.827664961978197
1.827664961978197
1.716554961978197
1.716554961978197
1.1373672729301452
1.1373672729301452
1.0957072729301454
1.0957072729301454
1.884854455100298
1.951524455100298
1.884854455100298
1.951524455100298
1.9525108225643635
2.0051408225643637
1.9525108225643635
2.0051408225643637
3.7086444199085236
3.7086444199085236
4.051651835441589
1.5399300808143617
2.9738255999982357
1.5399300808143617
3.0699110465455055
1.8716571778059006
4.051651835441589
4.051651790738106
0.8370741866528988
0.8370741866528988
1.0245741866528988
1.0245741866528988
1.705815309882164
1.705815309882164
1.705815309882164
1.705815309882164
1.3513856828212738
4.404231734573841
0.5969778925180436
2.2340498245429994
1.3513856828212738
2.380027897655964
1.6959417778396606
0.5969778925180436
2.2340498245429994
2.2340498245429994
1.0774411073327064
1.1174411073327064
1.1174411073327064
1.0774411073327064
3.839442014694214
3.839442014694214
3.839442014694214
3.839442014694214
0.2226382941007614
0.14626027901887895
0.06488702532386781
0.07867942750453949
0.07867942750453949
0.2226383090019226
0.12280579656362534
0.5383986389083862
0.5446391259298324
0.14626027901887895
0.14626027901887895
14.433315128087997
14.433315128087997
14.433315128087997
14.433315128087997
0.7805582731962204
0.35351330041885376
1.2834436148405075
0.5391142436761857
0.3184653215351105
0.1304957315325737
0.35351330041885376
0.35351330041885376
0.5391142436761857
0.5391142436761857
1.8169985260868073
1.8169985260868073
1.8169985260868073
1.8169985260868073
1.1022373864483834
4.873880445957184
4.80924329161644
2.7049826085567474
2.963022241778374
4.80924329161644
0.16549301147460938
0.16549301147460938
3.3139339685440063
3.3139339685440063
3.3139339834451675
1.0646042284226418
1.4079311341047287
1.4079311341047287
1.4079311341047287
1.4079311341047287
0.29082887938189506
0.16692042350769043
0.10487334856820107
0.10487334856820107
0.16692042350769043
0.10964903235435486
0.2720521125655174
0.42755344820809366
0.33567405492067337
0.42755344820809366
0.42755344820809366
3.106327335984707
3.106327335984707
2.812207335984707
2.812207335984707
0.400131031870842
0.3776982995159626
0.008862914090919494
0.04611724242568016
0.12159692659151555
0.19373333575204016
0.008862914090919494
0.3776982995159626
0.3776982995159626
3.7772914526927472
3.7772914526927472
3.7772914564180375
3.7772914564180375
1.4401422776281834
0.03887802344417572
0.03887802344417572
0.9387453035656214
0.46494048088788986
0.3976895159586966
0.43217919021844864
0.9387453035656214
0.9387453035656214
0.5471315005421639
0.6471315005421638
0.5471315005421639
0.6471315005421638
1.0842169374227524
1.0253969374227523
1.0253969374227523
1.0842169374227524
2.169598786905408
0.9889746978878975
1.2749857034516334
1.379170300619602
0.43539075553417206
10.000696534756571
0.43539075553417206
2.169598786905408
2.169598786905408
1.3805686673104762
1.3805686673104762
1.380568689662218
1.380568689662218
0.9148624765865803
0.9148624765865803
0.9148624765865803
0.9148624765865803
1.7607009692263602
1.7607009692263602
1.8641509692263603
1.8641509692263603
0.4265633746981621
0.2715625984654427
0.6515793544991016
0.013194158132553091
0.013194158132553091
0.9536497481167316
0.028752630576491356
0.6515793544991016
0.6515793544991016
0.08429581990465522
0.08429581990465522
0.025659082030820846
0.2788772018806934
0.08429581990465522
0.06018258577156066
0.06018258577156066
0.03779493272304535
0.029732154682278633
2.0600429838740824
2.0600429838740824
2.0600429838740824
2.0600429838740824
2.412899911403656
0.9063906520605087
0.3314323365688324
0.9063906446099281
0.5075773312731982
0.015749963000416756
0.17916397750377655
0.1256854087114334
0.5075773312731982
0.5075773312731982
1.4421411812305451
1.4421411812305451
1.4421411812305451
1.4421411812305451
0.10699368268251419
0.37410973012447357
0.12767556237602234
0.5536269103927612
0.13275102123379706
0.22609952092170715
0.021797772496938705
0.37410973012447357
0.13275102123379706
0.13275102123379706
0.607050611348629
0.607050611348629
0.607050611348629
0.607050611348629
0.923649288713932
5.533306350750923
6.88988221436739
0.923649288713932
6.889882192015648
6.889882192015648
0.5772795459074974
0.5772795459074974
0.5772795459074974
0.5772795459074974
0.9955619146990775
0.9955619146990775
0.9955619146990775
0.9955619146990775
0.745412909189701
0.745412909189701
0.745412909189701
0.745412909189701
0.7364500920329093
0.7364500920329093
0.7364500920329093
0.7364500920329093
1.1852806357121468
1.1852806357121468
1.1852806357121468
1.1852806357121468
1.0206113807797432
1.5109126868367195
0.0550973005592823
1.6982656380820274
1.5256404340267182
1.5256404340267182
0.4025687053799629
1.5109126868367195
1.5109126868367195
0.5485839641780853
0.5485839492769241
0.5485839492769241
0.5485839641780853
3.3211662620306015
2.2940123356056215
0.05071583762764931
2.984178571112156
1.7504180023503304
3.3211662620306015
6.648939222097397
2.984178571112156
2.984178571112156
1.0939580032658578
1.0939580032658578
1.0939580032658578
1.0939580032658578
0.020746687108707425
0.020746687108707425
0.020746687108707425
0.020746687108707425
0.41040828078985214
0.41040828078985214
0.2619280070066452
0.1016590788960457
0.25232796804857255
0.43173323016119003
0.43173323016119003
0.43173323016119003
0.1751211205677986
0.1751211205677986
0.1751211205677986
0.1852644764456749
0.6424954408599138
0.6424954408599138
0.6424954650743008
0.6424954650743008
0.5906178390152454
0.5906178390152454
0.5906178390152454
0.7728926735408306
0.03537216434812546
0.055259658450317384
0.1932353973388672
0.1932353973388672
0.11279600113630295
0.0229897890239954
0.05234482586383821
0.05234482586383821
0.05234482586383821
0.2617235971055031
0.2617235971055031
0.45034406523656845
0.2617235971055031
0.37425475994181634
0.37425475994181634
0.37425475994181634
0.46442459896206856
0.4090139791369438
2.2380115927910804
1.8643750548362732
1.8643750548362732
1.865446150302887
1.491864775378704
1.6395062871980668
5.878542333841324
1.8654461205005646
2.2380115927910804
2.2380115927910804
0.034164215670680995
0.034164215670680995
0.034164215670680995
0.05001084033274651
0.0015972675755620003
0.0037455749697983265
0.0015972675755620003
0.0015972675755620003
0.029579535072612767
0.009532825648784632
0.029579535072612767
0.029579535072612767
0.024074211536407458
0.08533404767513275
0.13857197761535645
0.13857197761535645
0.08533404767513275
0.1111295812268257
0.06737571209669113
0.16359490156173706
0.0164201557636261
0.1111295812268257
0.1111295812268257
0.09147494062781333
0.0712587758898735
0.0712587758898735
0.0712587758898735
0.06296170394659042
0.09383217990398407
0.059011149980068206
0.08155588060617447
0.11897235065698625
0.019426881198024756
0.07656876742839813
0.07656876742839813
0.08155588060617447
0.11897235065698625
0.11897235065698625
0.012388411114382741
0.0009740888471603398
0.0009740888471603398
0.0009740888471603398
0.032371653415322305
0.026231344960665703
0.026231344960665703
0.026231344960665703
0.001700697893333436
0.11507929116487503
0.009676992661476147
0.31309670209884644
0.1916193813085556
0.009676992661476147
0.00973981423521042
0.013545408844947815
0.1916193813085556
0.013545408844947815
0.013545408844947815
0.019848464483451844
0.019848464483451844
0.014581222824478143
0.019848419779968263
0.00663897639083863
0.015883013786315917
0.015883013786315917
0.015883013786315917
0.1937657594680786
0.020883798966312414
0.2885673940181732
0.06061881477966309
0.010625438679695134
0.13611584901809692
0.1937657594680786
0.18307244777679443
0.010625438679695134
0.010625438679695134
0.06311440283818245
0.057578409884309775
0.057578409884309775
0.057578409884309775
0.018507736140203478
0.018507736140203478
0.018507736140203478
0.006843864388179778
0.014243762410593032
0.014243762410593032
0.01813453435897827
0.014243762410593032
0.11797923558664322
0.6379059925675392
0.42569728390121464
0.9856258237791062
0.42569728390121464
0.3577574429941177
0.032860450103759764
0.6379059925675392
0.6379059925675392
0.02840198017656803
0.02840198017656803
0.03048638626933098
0.02840198017656803
0.030551680177450177
0.04220441872434616
0.030551680177450177
0.030551680177450177
0.009212106208086015
0.0270724021258831
0.0270724021258831
0.0270724021258831
0.10768007593955993
0.02639296785163879
0.12636925280094147
0.10768007593955993
0.029838907718658436
0.03710468059349059
0.11070716381072998
