3.958155393600464
3.958155393600464
3.958155393600464
3.958155393600464
0.09904790766906735
0.09904790766906735
0.09904790766906735
0.09904790766906735
0.3110253060417175
0.3110253060417175
0.3110253060417175
0.3110253060417175
0.8413442021179198
0.7937242021179198
0.7937242021179198
0.8413442021179198
0.4280081841373443
0.24282318413734438
0.4280081841373443
0.24282318413734438
0.861879825592041
1.7367598098373414
1.7367598098373414
1.7367598098373414
1.7367598098373414
0.5331756353378296
0.5331756353378296
0.5331756353378296
0.5331756353378296
0.6908181479263307
0.48028814792633057
0.6908181479263307
0.48028814792633057
0.3007984053630829
0.2685404053630829
0.2685404053630829
0.3007984053630829
0.7592654228210449
0.7592654228210449
0.7592654228210449
0.7592654228210449
0.7146928519821167
0.5025738519821167
0.5025738519821167
0.7146928519821167
0.9481112957000732
0.9481112957000732
0.9481112957000732
2.0487267727088927
1.5496138334274292
2.0487267727088927
2.0487267727088927
0.6347691409683227
0.6347691409683227
0.6347691409683227
0.6347691409683227
2.899095402355194
2.899095402355194
2.899095402355194
2.899095402355194
0.1864668369293212
0.5922276973724365
0.44209814071655273
0.1864670753479003
0.9722150802612304
0.5922276973724365
1.4600629734420776
1.4600629734420776
1.4600629734420776
1.1150450426483154
1.1150450426483154
1.0039350426483153
1.0039350426483153
0.7559694593715667
0.7559694593715667
0.7143094593715669
0.7143094593715669
1.345806897239685
1.412476897239685
1.345806897239685
1.412476897239685
1.568211555480957
1.6208415554809572
1.568211555480957
1.6208415554809572
2.3149123191833496
2.3149123191833496
3.606556713581085
0.44883028213500986
1.5136957168579102
0.44883028213500986
2.620195394973755
0.6974866390228271
3.606556713581085
3.606556713581085
0.30495530366897583
0.30495530366897583
0.49245530366897583
0.49245530366897583
1.3486791050434113
1.3486791050434113
1.3486791050434113
1.3486791050434113
0.19037747383117676
2.964311122894287
0.564194631576538
1.6832606471252443
0.19037747383117676
1.0791540145874023
1.1945017296218872
0.564194631576538
1.6832606471252443
1.6832606471252443
0.5580093598365783
0.5980093598365783
0.5980093598365783
0.5580093598365783
3.2065125107765198
3.2065125107765198
3.2065125107765198
3.2065125107765198
0.47731251716613765
1.5165582582473756
0.9882197953796388
0.16390728950500488
0.16390728950500488
0.47731251716613765
0.30783386230468746
0.8830839043426515
1.170677565536499
1.5165582582473756
1.5165582582473756
13.196990370750427
13.196990370750427
13.196990370750427
13.196990370750427
0.25196945667266846
0.7835578918457031
0.31410694122314453
2.1300260819244383
1.3276382088661194
0.29814229011535653
0.7835578918457031
0.7835578918457031
2.1300260819244383
2.1300260819244383
1.4192436184787751
1.4192436184787751
1.4192436184787751
1.4192436184787751
0.1017896289062501
7.961721181869507
7.961721181869507
12.357481002807617
6.95074672542572
7.961721181869507
0.038278818130493164
0.038278818130493164
7.625965857505799
7.625965857505799
7.625965857505799
0.33183607278823857
0.7966396808624268
0.7966396808624268
0.7966396808624268
0.7966396808624268
2.0010527020263673
0.48807477951049805
0.5999493951034547
0.5999493951034547
0.48807477951049805
0.2579033374786377
1.7039910669517515
2.3920404299545286
0.9877585768699646
2.3920404299545286
2.3920404299545286
2.4909599606704713
2.4909599606704713
2.1968399606704714
2.1968399606704714
1.0864508152008057
0.6505880427169799
0.26518380641937256
0.5864508152008057
0.29110650695037843
0.381826388835907
0.26518380641937256
0.6505880427169799
0.6505880427169799
3.148252094345093
3.148252094345093
3.148252094345093
3.148252094345093
1.0479488372802734
0.03832243400955204
0.03832243400955204
3.6397690073394777
2.5479488372802734
1.3974971105670928
2.0479488372802734
3.6397690073394777
3.6397690073394777
0.05754466295242311
0.1575446629524231
0.05754466295242311
0.1575446629524231
0.48581284284591675
0.42699284284591665
0.42699284284591665
0.48581284284591675
7.407833921909333
1.8830839043426515
4.000730564441681
3.8830839043426515
0.9610927104949951
13.363559007644653
0.9610927104949951
7.407833921909333
7.407833921909333
0.8844833848953246
0.8844833848953246
0.8844834444999694
0.8844834444999694
0.4474968056373596
0.4474968056373596
0.4474968056373596
0.4474968056373596
1.4624157903861998
1.4624157903861998
1.5658657903861999
1.5658657903861999
1.1621550673675536
0.8358626067638397
1.876110525741577
0.1711819326324463
0.1711819326324463
3.5468602180480957
0.42939281463623047
1.876110525741577
1.876110525741577
1.5051332926750183
1.5051332926750183
0.9886885041427613
0.5046191215515137
1.5051332926750183
0.22673320770263672
0.22673320770263672
0.4881802082061768
0.09163331985473633
1.6857207967185972
1.6857207967185972
1.6857207967185972
1.6857207967185972
2.0788416862487793
0.24857463836669913
0.7420174896717071
0.24857487678527823
1.2651125238990784
0.26118871523284914
0.5107095241546631
0.5514251232147217
1.2651125238990784
1.2651125238990784
1.045823609828949
1.045823609828949
1.045823609828949
1.045823609828949
0.7845264434814453
0.2269902229309082
1.0813232064247131
0.637559175491333
1.445298907136917
0.45998430252075195
0.1797763705253601
0.2269902229309082
1.445298907136917
1.445298907136917
0.08124213543701175
0.08124213543701175
0.08124213543701175
0.08124213543701175
6.3166327476501465
20.177667969894408
27.413549184799194
6.3166327476501465
27.413549184799194
27.413549184799194
0.1814324712200165
0.1814324712200165
0.1814324712200165
0.1814324712200165
0.41209765727996817
0.41209765727996817
0.41209765727996817
0.41209765727996817
0.4299448288478851
0.4299448288478851
0.4299448288478851
0.4299448288478851
0.44179099155998225
0.44179099155998225
0.44179099155998225
0.44179099155998225
0.8959163499450684
0.8959163499450684
0.8959163499450684
0.8959163499450684
1.880039201374054
2.7540188842773436
0.7269902229309082
0.9272134340095519
0.8240005135536195
0.8240005135536195
0.0984032154083252
2.7540188842773436
2.7540188842773436
0.23308826453399656
0.23308820492935178
0.23308820492935178
0.23308826453399656
4.958155393600464
3.3135375655364987
0.3605737840576172
5.281470835208893
3.221589607553482
4.958155393600464
11.363559007644653
5.281470835208893
5.281470835208893
0.7623306268882752
0.7623306268882752
0.7623306268882752
0.7623306268882752
1.5119059026241302
1.5119059026241302
1.5119059026241302
1.5119059026241302
1.9301300048828125
1.9301300048828125
0.21644210815429688
0.15994629019927975
1.066456218852997
2.044076442718506
2.044076442718506
2.044076442718506
0.8408256525230409
0.8408256525230409
0.8408256525230409
0.8781210804748536
0.24745754843521117
0.24745754843521117
0.24745754843521117
0.24745754843521117
0.6770015382099153
0.6770015382099153
0.6770015382099153
0.7475425497436523
0.4884182886066437
0.01762998104095459
0.45024609565734863
0.45024609565734863
0.11503243446350098
1.3635590076446533
0.9499165821075439
0.9499165821075439
0.9499165821075439
0.39970832336425777
0.39970832336425777
0.8696214394187927
0.39970832336425777
0.3333233594894409
0.3333233594894409
0.3333233594894409
0.39597486257553105
0.3021924138069153
2.0072683966827394
0.7732667922973633
0.7732667922973633
0.3116600513458252
1.0460560263442993
1.1695420335769653
4.408366918563843
0.3116600513458252
2.0072683966827394
2.0072683966827394
0.6230072607612609
0.694437260761261
0.694437260761261
0.7493686877441406
0.322932630777359
0.3790631723403931
0.322932630777359
0.322932630777359
1.4781668657493592
2.103034257888794
1.4781668657493592
1.4781668657493592
0.2695655072288513
1.3635590076446533
0.6864614344635009
0.6864614344635009
1.3635590076446533
0.37349713834762577
0.4729514355583191
0.04184460639953613
0.6639072895050049
0.37349713834762577
0.37349713834762577
1.3246026515960692
1.0988019948768615
1.0988019948768615
1.0988019948768615
0.3957172231292725
2.458155393600464
0.04617683520889282
3.3635590076446533
1.171241283416748
0.3687291951942444
0.02782756553649901
0.02782756553649901
3.3635590076446533
1.171241283416748
1.171241283416748
0.24946401287841802
0.3031731251506805
0.3031731251506805
0.3031731251506805
0.12993365021133418
0.026405059806823727
0.026405059806823727
0.026405059806823727
0.10096298104095458
0.3547460436820984
0.257889434463501
1.4581553936004639
1.3635590076446533
0.257889434463501
0.29299898048400874
1.2712412834167481
1.3635590076446533
1.2712412834167481
1.2712412834167481
0.4639747982788085
0.4639747982788085
0.5249766784667969
0.4639748578834533
0.4544597988891601
0.2392885081710815
0.2392885081710815
0.2392885081710815
0.30235534834289546
0.05238537436294555
1.4066803455352783
0.5211850129890443
0.6990377296447754
0.05429102534484864
0.30235534834289546
0.05121660232543945
0.6990377296447754
0.6990377296447754
0.3986260531921386
0.3483021967658997
0.3483021967658997
0.3483021967658997
0.17385624295043944
0.17385624295043944
0.17385624295043944
0.30134508847045893
0.5431540763778686
0.5431540763778686
1.053476870059967
0.5431540763778686
0.5245783483428955
0.689391702413559
0.020931256530761666
0.216994846420288
0.020931256530761666
0.019657127300262478
0.2788035819091797
0.689391702413559
0.689391702413559
0.31238199113655085
0.31238199113655085
0.2768286466598511
0.31238199113655085
0.002546119689941395
0.06214934551429746
0.002546119689941395
0.002546119689941395
0.3195485968399048
0.13419691324234007
0.13419691324234007
0.13419691324234007
0.2693259926605225
0.32152301610183714
0.332851243019104
0.2693259926605225
0.28862014412879944
0.2650702154083252
0.6759994864463806
