3.55556
4.833333
4.4375
3.79167
-0.10181800000000008
-0.18181800000000004
-1.127768
-0.581818
-1.2738069999999997
-0.42753699999999994
-1.132187
-1.1266669999999999
0.1666599999999998
-1.21429
0.4252449999999999
-0.1666700000000001
-1.851855
-0.87037
-0.47089499999999995
0.07407399999999997
-0.27777799999999997
0.32540000000000013
0.6900600000000001
0.3333300000000001
1.39236
0.58125
-4.2
0.22856999999999994
-0.5620699999999998
0.2105300000000001
-0.5384599999999999
-0.4977999999999998
-3.0
-0.14326399999999995
-0.046718999999999955
-0.35484099999999996
-0.09677499999999994
0.5
0.6666700000000001
1.166667
0.7142900000000001
-0.045460000000000056
-0.942759
0.09090900000000002
-0.03503999999999996
1.4444439999999998
1.111111
1.333333
1.8666699999999998
1.7
-12.33333
1.7916699999999999
-0.25344999999999995
-0.46774000000000004
-0.12773999999999996
0.11225999999999992
2.346752
2.13787
1.1869800000000001
-18.37258
-2.6
-1.9523799999999998
-2.25
0.10832999999999982
-1.0285700000000002
-0.26086999999999994
1.111107
1.472218
0.049699999999999855
0.73264
1.0555569999999999
-2.95906
0.954251
0.24281299999999995
-27.79167
0.20115300000000014
-4.83333
-0.7333399999999999
1.125
-2.49524
0.94737
-1.0
-7.447369999999999
1.0
0.3922500000000002
2.0
2.75
2.6490400000000003
0.9166700000000001
1.52
0.46667000000000014
3.014009
1.536232
-10.8125
3.473214
-0.03804300000000005
0.291667
-1.4375
0.0
-7.74
-0.9791299999999998
0.9070590000000001
1.01
0.944444
3.1
-0.26249999999999996
1.2723200000000001
-0.14286
-1.8636400000000002
1.035949
-2.2
1.79894
0.46857000000000015
0.2849999999999999
-0.46038
0.3395349999999999
0.41999999999999993
0.6666699999999999
3.0
2.33333
3.5
0.10769200000000001
1.3903940000000001
0.7819100000000001
-0.99167
-1.625
-1.2
-2.63333
1.21212
1.338342
-1.55405
0.9459500000000001
13.46774
13.958333
12.5
13.025
0.263158
-2.36364
0.10227000000000008
0.63199
1.15
0.2666700000000002
-0.38888999999999996
-0.11111000000000004
1.2391299999999998
1.7391299999999998
1.037597
0.8947400000000001
1.0417990000000001
1.0733110000000001
-3.1969700000000003
8.33333
5.3125
10.0
6.2363599999999995
8.34
0.681818
-0.36667000000000005
6.640000000000001
6.548150000000001
6.65
-1.88889
0.807692
-2.5
0.25
-0.14286
0.38095000000000034
1.527778
0.6041700000000001
0.5833400000000002
-0.8823500000000002
0.666667
1.5134369999999997
0.9523799999999998
-0.02499999999999991
2.2600719999999996
1.1745999999999999
2.44674
2.30147
-2.61765
1.9934610000000001
0.07142900000000002
0.18701999999999996
-0.64286
0.575
-2.1428570000000002
-0.35624999999999996
-1.5
-0.37013000000000007
-2.72727
1.8888900000000002
2.35833
3.2916630000000002
-25.16667
1.7
-7.411111000000001
0.46388900000000005
3.0636400000000004
3.0
0.5476099999999999
2.7
3.6969730000000003
-17.30306
-1.12
-0.41625
-1.00286
-7.5600000000000005
-0.55
-3.80882
-0.08155000000000001
-2.08333
5.123530000000001
-2.16667
3.23684
3.4814800000000004
1.3448280000000001
12.0
0.3999999999999999
6.633330000000001
5.911110000000001
0.11548999999999987
0.13534000000000002
-0.28728
-2.57895
-2.685962
-0.7193020000000001
0.25505999999999995
0.12593900000000002
-0.1379300000000001
-1.13793
-0.034480000000000066
1.105055
-5.83333
0.38953499999999996
-0.61111
0.378788
-0.4999969999999999
3.05405
-0.06481499999999996
1.652048
1.664752
-0.54
1.2503229999999999
0.5075790000000001
0.9166700000000001
1.1266669999999999
-0.9655199999999999
0.18181800000000004
0.7642900000000001
0.4642900000000001
0.10713999999999979
0.9071399999999998
0.10713999999999979
-1.1869800000000001
2.639535
0.7448279999999999
-2.9875
-1.5523799999999999
-0.2518800000000001
0.03686699999999998
-3.0
-1.4
-0.3030900000000001
0.14286
1.0027780000000002
-2.525
-0.4249999999999998
-1.2641299999999998
-0.7666700000000001
0.020000000000000018
0.3333299999999999
-0.16666999999999987
1.10185
0.5
-2.75
-0.45999999999999996
-1.44227
0.5185200000000001
-7.707692000000001
-3.671332
-2.2600719999999996
-1.3076919999999999
7.139535
20.7917
14.5
6.96774
26.71429
27.7561
-0.208333
0.06666700000000003
0.566667
-0.833333
0.6287849999999999
-0.9166700000000001
-0.33772
0.6287849999999999
-0.011904000000000026
-0.011904000000000026
-0.378571
-0.011904000000000026
0.21294099999999994
-0.35538899999999995
0.03812599999999999
-0.199689
0.7055600000000001
-0.7470700000000001
-0.5565099999999998
0.30556000000000005
1.579834
2.0126799999999996
-6.300000000000001
1.0854719999999998
0.8222220000000001
-0.82857
0.9
2.471017
-1.1242199999999998
-0.20529300000000006
-0.41625800000000013
-0.8198280000000001
-1.3103479999999998
5.3
4.028569999999999
-0.3333370000000001
4.66667
-0.7303100000000002
4.0
11.91667
4.29167
4.5
-0.7333299999999998
0.3333370000000001
-7.133330000000001
0.1666700000000001
-0.10000000000000009
-7.6
0.5
1.436232
1.0
2.555556
-1.11111
-0.633333
0.8484630000000001
0.7749999999999999
0.5
-5.9
0.32615300000000014
0.1354200000000001
-8.20833
-0.3125499999999999
-1.333333
-4.070173
0.0
-1.619043
-0.8730099999999998
0.25324800000000014
-27.92857
0.419196
-2.048781
0.12036999999999998
0.14705900000000005
-0.14286
-1.4285700000000001
2.4
0.673548
0.813333
0.646667
-3.1348700000000003
-0.57237
0.45513000000000003
-0.18547000000000002
0.125
-2.125
-0.125
0.39482800000000007
-0.4
1.79894
-1.8333300000000001
0.24
-1.1764700000000001
-1.00629
1.04615
4.91667
-0.5
1.1846700000000001
1.0075200000000002
0.18276899999999996
-0.65286
-0.9999999999999998
0.22860999999999998
-0.4375
-0.07999999999999996
-1.06696
-8.78125
0.22381000000000006
1.35
1.033337
-1.46666
-1.0583330000000002
1.91667
-0.21142900000000003
-0.815329
0.26087000000000016
0.027132000000000045
-1.736842
-0.26
-1.35
-1.139535
0.09575900000000004
1.383333
1.2797589999999999
-0.18056000000000005
-1.2440499999999999
-7.1615400000000005
2.11111
-0.235294
2.5
-0.375
-0.368984
-1.35714
0.41558700000000004
4.307692
-1.3273799999999998
0.900862
0.357487
-0.045750999999999986
0.11111099999999996
-1.222222
-0.9764710000000001
0.018091999999999997
-1.115008
-3.263158
-0.04300999999999999
0.1875
0.357143
2.090909
1.05556
-3.1428570000000002
-2.9142900000000003
1.141667
1.5
-0.16388999999999987
-0.2749999999999999
-0.02381000000000011
-0.9166700000000001
-0.06746000000000008
0.3690439999999999
0.39648799999999995
-1.001506
-0.32828599999999997
-2.007936
-1.3194439999999998
-2.460787
1.10526
-2.9285699999999997
0.1605700000000001
-0.14080499999999996
-2.7487939999999997
-1.75
0.8189
-0.23609999999999998
-0.26497800000000016
-1.3495639999999998
-1.131314
-0.06385299999999994
-7.416667
-1.283337
-0.44892699999999996
-0.775862
0.46551699999999996
-0.22566299999999995
-0.25
-1.534483
-0.7499969999999999
0.29578499999999996
-0.43939700000000015
0.42028699999999986
-0.672727
-1.165909
-3.117649
0.15625
0.30330900000000005
0.29556699999999997
-0.43211200000000005
-2.95833
-1.275862
-0.6583299999999999
-0.22008600000000006
-0.7749999999999999
-0.24166700000000002
-0.39148000000000005
0.127778
-0.4
-0.20000000000000007
-0.128788
-9.036232
-0.366667
-1.545455
0.416667
-2.460787
-2.28889
