3.55556
4.833333
5.5
5.375
0.818182
0.18181800000000004
0.547912
0.581818
1.2738069999999997
0.7463765
1.132187
0.753333
0.1666599999999998
0.2142900000000001
1.0764079999999998
0.1666700000000001
1.851855
0.62963
0.47089499999999995
0.62963
0.462963
1.718253
0.6900600000000001
0.3333300000000001
2.11111
1.3
4.2
0.657143
0.5620699999999998
0.2105300000000001
0.461538
1.08553
3.0
0.14326399999999995
0.677419
0.35484099999999996
0.6129028
0.5
0.6666700000000001
1.166667
0.7142900000000001
0.045460000000000056
0.7239059999999999
0.09090900000000002
0.37121000000000004
2.0
1.888889
1.333333
1.8666699999999998
2.0
7.33333
2.250003
0.25344999999999995
0.8378159999999999
0.12773999999999996
1.03226
2.346752
2.54412
1.1869800000000001
2.37255
2.6
0.619048
2.25
1.1916669999999998
1.0285700000000002
0.9130435
1.7777729999999998
1.8611067
0.049699999999999855
1.13889
1.0555569999999999
0.40935999999999995
1.7189565
1.1738472
5.79167
1.1321872000000002
1.8921499999999998
0.7333399999999999
1.125
0.4952400000000001
1.631579
2.0
2.94737
1.0
0.44886000000000026
4.0
4.0
3.649038
1.49167
2.8
1.26667
3.072833
1.884058
5.8125
4.1875
0.8315217
0.8472222
0.524038
0.0
3.24
1.0643479999999998
0.9070590000000001
1.585
1.5
3.5
0.8
1.6785700000000001
0.964286
1.590909
1.035949
0.8
1.79894
2.34857
0.9099999999999999
0.40376999999999996
0.990698
0.41999999999999993
3.0
3.5
2.33333
3.9166667
0.692308
0.27027
0.1294327
0.1833333
0.288462
2.0
3.83333
0.45454300000000003
0.233082
0.22973
0.27027
13.46774
14.361111
12.5
13.025
0.9473684
0.409091
1.056818
1.4114879999999999
0.055555999999999994
1.13333
0.166667
1.61111
0.695652
0.695652
1.751883
1.39474
1.0417990000000001
1.0733110000000001
0.2575790000000001
3.83333
0.8125
1.0
2.18182
3.84
0.818182
0.0666667
1.74
3.314815
3.4375
1.11111
0.807692
2.5
0.25
0.964286
0.04761900000000002
0.0833333
0.166667
0.9166629999999999
2.88235
0.08333299999999999
0.2625452
0.11904799999999999
0.2166667
0.311356
1.396828
3.149443
2.7598030000000002
2.61765
2.771239
0.5
0.20389600000000002
0.0833333
0.075
0.142857
0.55
1.9166667
0.217532
0.318182
1.8888900000000002
2.35833
3.6944410000000003
3.16667
0.7
2.088889
0.036111000000000004
0.39090900000000006
0.333333
0.2976189
0.3
0.24242399999999997
4.757579
1.12
0.010000000000000009
0.10428599999999999
1.4600000000000002
1.25
1.19118
0.8729979999999999
0.25
0.97647
4.5
0.86842
1.148145
0.15517199999999998
10.0
1.1
2.0333330000000003
1.5333330000000003
0.11548999999999987
0.13534000000000002
1.29605
2.57895
0.9193020000000001
0.7193020000000001
0.25505999999999995
0.12593900000000002
0.1379300000000001
1.86207
0.034480000000000066
1.756218
0.5
0.15180900000000003
0.166667
0.0757579
1.000003
0.72973
0.814815
0.6140354
0.666667
0.458462
0.629677
0.8257577
0.2499997
0.753333
1.7988529999999998
0.651515
0.0714286
0.0714286
1.6071399999999998
2.10714
1.6071399999999998
1.1869800000000001
2.290698
0.344828
3.7875
0.619048
1.359026
0.677419
4.0
2.0
0.265444
0.34127
1.3916667
2.525
1.4416667
0.779348
1.16667
0.3
0.972226
0.166667
0.10185169999999999
1.5
2.5
0.42
3.108935
1.148145
2.807692
0.21678299999999995
0.311356
0.19230800000000003
0.790698
4.79167
7.5
0.032259999999999955
6.2857140000000005
6.902439
0.25
0.666667
0.666667
0.833333
0.9924208999999999
1.08333
0.33772
0.9924208999999999
0.654762
0.011904000000000026
0.378571
0.011904000000000026
0.21294099999999994
0.35538899999999995
0.03812599999999999
0.48451999999999995
1.2833378
0.7470700000000001
0.5565099999999998
1.30556
1.11765
1.4003670000000001
2.2
1.0854719999999998
1.562963
0.82857
0.5
1.442033
0.8198700000000001
0.44587
0.012314999999999965
0.8198280000000001
1.3103479999999998
2.3
2.42857
1.16667
1.72549
0.9575790000000001
2.961538
5.91667
2.93382
1.5588199999999999
1.1333367
1.16667
1.03333
0.1666700000000001
1.9666667
4.9666667
1.3666667
0.08260870000000001
2.0
0.388889
1.61111
0.2
0.36084
0.413462
1.461538
2.961538
0.17385019999999998
0.541667
4.791667
1.3863789999999998
1.333333
0.701753
0.0
0.04761899999999997
1.301583
0.17532499999999995
6.357143
0.707071
0.353659
0.5462967000000001
0.852941
0.0
2.42857
0.0222222
0.1032258
0.466667
0.033333
3.819079
0.168421
0.4551287
0.2731829
0.24166700000000002
0.416667
0.416667
0.15517199999999998
0.5
1.7132299999999998
1.8333300000000001
0.24
1.1764700000000001
1.0629
0.96923
4.91667
1.461538
2.245299
0.92181
0.7815124
1.6885714
2.0357114
0.9453035
0.75
0.5
0.392857
5.0
0.46904730000000006
0.9
0.7666663
0.2666663
1.461111
0.0833333
0.64
0.097561
0.695652
0.624031
2.0
1.76
0.0
0.209302
0.1504785
0.516667
0.125
1.76389
0.255952
2.015385
1.88889
0.9411765
0.538462
1.8
0.032085600000000006
1.5
0.636364
0.692308
0.180952
0.1655172
0.0434783
0.0217865
0.62963
0.037037
0.0588235
0.0526316
0.1325534
3.9473684
0.6263437000000001
0.416667
0.357143
0.409091
1.94444
3.8571429999999998
3.885714
0.09722220000000001
0.5
1.76389
0.375
0.011904700000000004
0.0833333
1.2103219
0.0833333
0.0807014
0.159159
0.207071
0.269841
0.25
3.2183623999999997
1.89474
3.9285714
0.014227699999999996
0.0
1.6087
0.0
0.022560999999999998
0.10243900000000002
0.02534560000000001
2.0162308999999996
1.7979809
0.7305199
0.9722222
0.0388889
1.0044822
1.4655172
0.4655172
1.1566972
1.9375
1.4655172
0.1388887
0.540698
0.530306
1.1231917
0.7636359999999999
0.20454499999999998
3.176473
0.25
0.10294099999999995
0.0
0.75
3.83333
2.0
1.00833
0.6089747000000001
1.125
0.591667
1.0941830000000001
0.0611111
0.9777778
0.1777778
0.0909091
4.884058
0.666667
0.0909091
0.047222000000000014
3.127453
0.666667
