4.318134307861328
4.318134307861328
4.318134307861328
4.318134307861328
0.4063007747344971
0.4063007747344971
0.4063007747344971
0.4063007747344971
0.1435961877746582
0.1435961877746582
0.1435961877746582
0.1435961877746582
0.5636306649017333
0.5160106649017333
0.5160106649017333
0.5636306649017333
0.5623515400314331
0.37716654003143313
0.5623515400314331
0.37716654003143313
1.00026273727417
1.8668495547628403
1.8668495547628403
1.8668495547628403
1.8668495547628403
0.3967584848403931
0.3967584848403931
0.3967584848403931
0.3967584848403931
0.4018474390792848
0.19131743907928467
0.4018474390792848
0.19131743907928467
0.15422501082611084
0.12196701082611083
0.12196701082611083
0.15422501082611084
0.75046706199646
0.75046706199646
0.75046706199646
0.75046706199646
0.41726197906494145
0.2051429790649414
0.2051429790649414
0.41726197906494145
0.7584034204483032
0.7584034204483032
0.7584034204483032
1.6531823033523558
1.1780365705490112
1.6531823033523558
1.6531823033523558
0.5538340501880645
0.5538340501880645
0.5538340501880645
0.5538340501880645
2.854253397579193
2.854253397579193
2.854253397579193
2.854253397579193
0.488576853275299
1.1771795749664307
0.7859064936637878
0.488576853275299
1.0113480627536773
1.1771795749664307
1.468407146873474
1.468407146873474
1.468407146873474
1.1852231937789917
1.1852231937789917
1.0741131937789916
1.0741131937789916
1.0042780583667754
1.0042780583667754
0.9626180583667756
0.9626180583667756
1.3193550115394592
1.3860250115394592
1.3193550115394592
1.3860250115394592
1.390065610408783
1.4426956104087831
1.390065610408783
1.4426956104087831
2.4230302572250366
2.4230302572250366
3.7348372638225555
1.2962959462833405
1.517324447631836
1.2962959462833405
2.714563197116852
1.5672603249549866
3.7348372638225555
3.7348371744155884
0.22707515954971313
0.2270752191543579
0.4145752191543579
0.4145752191543579
1.4554288482666016
1.4554288482666016
1.4554288482666016
1.4554288482666016
0.808743953704834
3.0401554107666016
0.3597208976745605
1.8773944056701661
0.808743953704834
1.218061923980713
1.3664378839874267
0.3597208976745605
1.8773944056701661
1.8773944056701661
0.8624783194065093
0.9024783194065094
0.9024783194065094
0.8624783194065093
3.1566128730773926
3.1566128730773926
3.1566128730773926
3.1566128730773926
0.2671504735946655
1.3296373769760133
0.9548637248611451
0.4416419267654419
0.4416419267654419
0.26715035438537593
0.23899234533309932
1.1907966976928712
1.7107551922416686
1.3296373769760133
1.3296373769760133
13.54916787147522
13.54916787147522
13.54916787147522
13.54916787147522
0.7954084873199463
1.268715500831604
0.6316083669662476
2.3681008614349364
1.3509621024131775
1.0638163447380067
1.268715500831604
1.268715500831604
2.3681008614349364
2.3681008614349364
1.39978469871521
1.39978469871521
1.39978469871521
1.39978469871521
0.777165537519455
8.108481884002686
8.108481884002686
11.876683235168457
7.235907833204269
8.108481884002686
0.0910959243774414
0.0910959243774414
7.904235446453095
7.904235446453095
7.90423538684845
0.5101520699119568
0.8063456416130066
0.8063456416130066
0.8063456416130066
0.8063456416130066
2.696255410270691
0.15764546394348145
1.207325553340912
1.207325553340912
0.15764546394348145
0.5898884534835815
1.5352476353836058
2.591086088066101
0.8536906242370605
2.591086088066101
2.591086088066101
2.728415149898529
2.728415149898529
2.4342951498985292
2.4342951498985292
0.9913275241851807
0.7799807262229919
0.05666109919548035
0.7440999746322632
0.2617557200126648
0.2580631852149964
0.05666109919548035
0.7799807262229919
0.7799807262229919
3.277119005279541
3.277119005279541
3.2771191244888307
3.2771191244888307
1.0110799074172974
0.376052782119751
0.376052782119751
3.9222538963699343
2.853928327560425
1.396310173473358
1.7457423210144043
3.9222538963699343
3.9222538963699343
0.3312682056427002
0.4312682056427002
0.3312682056427002
0.4312682056427002
0.8930598497390747
0.8342398497390746
0.8342398497390746
0.8930598497390747
7.892035531997681
2.0667310601043702
4.41328339799881
4.325678551750183
1.4461938738822937
12.725663900375366
1.4461938738822937
7.892035531997681
7.892035531997681
1.0593629954338073
1.0593629954338073
1.0593629954338073
1.0593629954338073
0.39874515339660643
0.39874515339660643
0.39874515339660643
0.39874515339660643
1.1892679093551635
1.1892679093551635
1.2927179093551635
1.2927179093551635
1.1113845462036132
0.7391557693481445
1.9292062240982055
0.2177883232192993
0.2177883232192993
2.117915391921997
0.6439812183380127
1.9292062240982055
1.9292062240982055
1.4959741449356079
1.4959741449356079
0.9942695552539826
1.1692058444023132
1.4959741449356079
0.4686652421951294
0.4686652421951294
0.7508295059204102
0.3962376117706299
1.8196580363655088
1.8196580363655088
1.8196580363655088
1.8196580363655088
1.9084043502807617
0.7341652154922484
0.7843559801578521
0.7341652154922484
1.261153821811676
0.39252743078613284
1.9292182922363281
0.5018445491790772
1.261153821811676
1.261153821811676
1.1980850458145142
1.1980850458145142
1.1980850458145142
1.1980850458145142
0.8103508710861206
0.32504379749298096
1.1076193451881409
0.6562199592590332
1.5219354897499084
0.9288234710693359
0.33959054946899414
0.32504379749298096
1.5219354897499084
1.5219354897499084
0.33554198470878605
0.33554198470878605
0.33554198470878605
0.33554198470878605
5.847094535827637
19.729378694725035
26.59866762161255
5.847094535827637
26.598668575286865
26.598668575286865
0.15520156974029542
0.15520156974029542
0.15520156974029542
0.15520156974029542
0.621193254547119
0.621193254547119
0.621193254547119
0.621193254547119
0.2965345836677551
0.2965345836677551
0.2965345836677551
0.2965345836677551
0.6002093191299438
0.6002093191299438
0.6002093191299438
0.6002093191299438
0.9136529040908814
0.9136529040908814
0.9136529040908814
0.9136529040908814
1.5391296011161804
2.631030243015289
0.07455062866210938
1.1463536656188964
1.0084230661392213
1.0084230661392213
0.2135406732559204
2.631030243015289
2.631030243015289
0.30709196097564695
0.3070918417663574
0.3070918417663574
0.30709196097564695
5.06799852848053
3.630572882957458
0.4132595216674805
5.709419935941696
3.0632057314682006
5.06799852848053
9.231885194778442
5.709419935941696
5.709419935941696
0.6452978009414674
0.6452978009414674
0.6452978009414674
0.6452978009414674
1.5672243475914
1.5672243475914
1.5672243475914
1.5672243475914
1.6332447528839111
1.6332447528839111
0.2609395980834961
0.26680823916625973
1.054308851852417
2.1576841175556183
2.1576841175556183
2.1576841175556183
1.0769421810340882
1.0769421810340882
1.0769421810340882
1.1219432229566575
0.08401612883377074
0.08401612883377074
0.08401595001983642
0.08401595001983642
0.8219716870117189
0.8219716870117189
0.8219716870117189
1.1563351497793197
0.4533258155765534
0.2295411229133606
0.6426277160644531
0.6426277160644531
0.008082389831542969
0.7248432636260986
1.1172196078300476
1.1172196078300476
1.1172196078300476
0.6571023689556121
0.6571023689556121
1.0349650220489501
0.6571023689556121
0.13379240036010742
0.13379240036010742
0.13379240036010742
0.42600874900817876
0.16117659807205198
1.9986188686561586
1.2529364824295044
1.2529364824295044
0.3704383373260498
1.130823606376648
1.2819367240905761
4.762792587280273
0.3704385757446289
1.9986188686561586
1.9986188686561586
0.7833453645324706
0.8547753645324707
0.8547753645324707
1.038036873216629
0.3364824652671814
0.5700418782234192
0.3364824652671814
0.3364824652671814
1.5642059618663788
2.55339615046978
1.5642059618663788
1.5642059618663788
0.17948697453308105
1.3747739791870117
0.09063051710510256
0.09063051710510256
1.3747739791870117
0.3202596405410767
0.1708845729751587
0.27837467193603516
0.3555615544319153
0.3202596405410767
0.3202596405410767
1.622933495044708
1.3355785256195067
1.3355785256195067
1.3355785256195067
0.5469829635238648
2.8413760662078857
0.2044732414779663
3.3747739791870117
1.2103387117385864
0.12002156059265134
0.6376121090507507
0.6376121090507507
3.3747739791870117
1.2103387117385864
1.2103387117385864
0.48640725781250005
0.5061290565757751
0.5061290565757751
0.5061290565757751
0.5232236334838867
0.4595178003234863
0.4595178003234863
0.4595178003234863
0.3250597273750305
0.4775683283805847
0.3518951090507507
1.8413758277893066
0.8206593990325928
0.3518951090507507
0.6003789414978027
1.404597169160843
0.8206593990325928
1.404597169160843
1.404597169160843
0.7570293491649627
0.7570293491649627
0.9272279518604278
0.7570292299556731
0.5596054917144775
0.596863626712799
0.596863626712799
0.596863626712799
0.025448024993896534
0.3490858519630432
0.45044445991516113
0.4104558550643922
0.7461054314613342
0.2222787583427429
0.025448024993896534
0.35703372955322266
0.7461054314613342
0.7461054314613342
0.49132337556076044
0.4087993316898346
0.4087993316898346
0.4087993316898346
0.27983777170944213
0.27983777170944213
0.27983777170944213
0.44740144251632685
0.39170952204895015
0.39170952204895015
1.1851890087127686
0.39170952204895015
0.1537583028717041
0.6262041330337524
0.15721453499603266
0.42805310543060293
0.15721453499603266
0.06118857089614871
0.39767819137954713
0.6262041330337524
0.6262041330337524
0.357051589477539
0.357051589477539
0.503491997718811
0.357051589477539
0.17471702694892882
0.1439329680175781
0.17471702694892882
0.17471702694892882
0.39975001404762267
0.23313615322113035
0.23313615322113035
0.23313615322113035
0.025870463447570824
0.06721449435424803
0.23551006317138673
0.025870463447570824
0.332133412361145
0.24746106510925292
0.36897545456886294
