5.086199730634689
5.086199730634689
5.086199730634689
5.086199730634689
0.603364923078537
0.603364923078537
0.603364923078537
0.603364923078537
0.6971607053833008
0.6971607053833008
0.6971607053833008
0.6971607053833008
1.0233554786014556
0.9757354786014556
0.9757354786014556
1.0233554786014556
0.6963437500619888
0.5111587500619889
0.6963437500619888
0.5111587500619889
0.39533593505620956
1.8728833478546143
1.8728833478546143
1.8728833478546143
1.8728833478546143
1.1110432624816895
1.1110432624816895
1.1110432624816895
1.1110432624816895
0.5616046359825135
0.35107433795928955
0.5616043379592897
0.3510746359825134
0.48600440139961243
0.4537464013996124
0.4537464013996124
0.48600440139961243
1.8735076785087585
1.8735076785087585
1.8735076785087585
1.8735076785087585
0.34611096092224125
0.1339919609222412
0.1339919609222412
0.34611096092224125
1.8333486467599869
1.8333486467599869
1.8333486467599869
2.2216572815608977
1.6204637289047241
2.2216572815608977
2.2216572815608977
0.3258421413993835
0.3258421413993835
0.3258421413993835
0.3258421413993835
2.5899423819732665
2.5899423819732665
2.5899423819732665
2.5899423819732665
1.0526911258697509
1.0121708065271378
1.4203426241874695
1.0526911556720733
0.835451328754425
1.0121708065271378
1.3516800331497192
1.3516800331497192
1.3516800331497192
1.53944313706398
1.53944313706398
1.42833313706398
1.42833313706398
0.656841242866516
0.656841242866516
0.6151812428665162
0.6151812428665162
1.6417917018699646
1.7084617018699646
1.6417917018699646
1.7084617018699646
1.7544948160648346
1.8071248160648348
1.7544948160648346
1.8071248160648348
4.025199554860592
4.025199554860592
3.716956615447998
1.178690915746689
2.9250758811831474
1.178690915746689
2.7845737399864197
1.4993509650230408
3.716956615447998
3.716956526041031
0.6507313400506973
0.6507313251495361
0.8382313251495361
0.8382313251495361
1.4493225014209747
1.4493225014209747
1.4493225014209747
1.4493225014209747
1.2431449592113495
4.37290395796299
0.3812633931636811
2.1405932582092286
1.2431449592113495
2.4083408787846565
1.6243153232479095
0.3812633931636811
2.1405932582092286
2.1405932582092286
0.3124615287780761
0.3524615287780761
0.3524615287780761
0.3124615287780761
1.9450249671936035
1.9450249671936035
1.9450249671936035
1.9450249671936035
-0.2729525864124298
0.14821898450374604
0.08806109514570237
0.1418144628405571
0.1418144628405571
-0.2729525566101074
-0.2008075714111328
0.5510742669744492
0.6060014744267463
0.14821898450374604
0.14821898450374604
13.889272451400757
13.889272451400757
13.889272451400757
13.889272451400757
0.9451332204043865
0.2579061686992645
1.2569636926054955
0.46292034475994115
0.25980043339157105
0.1021669775247574
0.2579061686992645
0.2579061686992645
0.46292034475994115
0.46292034475994115
0.7542692568206788
0.7542692568206788
0.7542692568206788
0.7542692568206788
1.0162633264493943
4.9458213448524475
4.9458213448524475
3.001074969768524
2.769326026029587
4.9458213448524475
-0.04861339181661606
-0.04861339181661606
3.244522303342819
3.244522303342819
3.2445222437381744
0.7994918805217743
1.2350399792194366
1.2350399792194366
1.2350399792194366
1.2350399792194366
0.2495530093269348
-0.016795679926872253
-0.07284240370559691
-0.07284240370559691
-0.016795679926872253
0.19691810011863708
0.15592498664665222
0.23683628378105165
0.027292519807815552
0.23683628378105165
0.23683628378105165
2.119298893661499
2.119298893661499
1.8251788936614992
1.8251788936614992
0.4152142405509949
0.1477486575431824
-0.059556289071273805
-0.07195723801851273
0.006615325576782238
0.02780081033706666
-0.059556289071273805
0.1477486575431824
0.1477486575431824
3.293471956806183
3.293471956806183
3.2934720164108278
3.2934720164108278
1.418341502547264
0.005050621746540071
0.005050621746540071
0.7787089986000061
0.41540753841400146
0.16878697252941133
0.42999158799648285
0.7787089986000061
0.7787089986000061
0.07407434225082399
0.17407434225082397
0.07407434225082399
0.17407434225082397
0.9055639207363129
0.8467439207363128
0.8467439207363128
0.9055639207363129
2.0240120112895967
0.9110335633158684
1.1258129727077484
1.235802510933876
0.35432082414627075
10.007882475852966
0.35432082414627075
2.0240120112895967
2.0240120112895967
0.9171088216781615
0.9171088216781615
0.9171088812828063
0.9171088812828063
0.7432800571613312
0.7432800571613312
0.7432800571613312
0.7432800571613312
1.3031799553108214
1.3031799553108214
1.4066299553108215
1.4066299553108215
0.3564363718032837
0.23208735865211488
0.5233850931568146
0.04775292480421067
0.04775292480421067
1.010158009827137
-0.08147159963846207
0.5233850931568146
0.5233850931568146
-0.04313510477542877
-0.04313510477542877
-0.05067020511074066
0.2258454704837799
-0.04313510477542877
0.037922651116371164
0.037922651116371164
-0.08847358822822571
-0.03979592025279999
1.4065517736816404
1.4065517736816404
1.4065517736816404
1.4065517736816404
2.4230776876211166
0.8772784546017647
0.2881061375141144
0.8772784769535065
0.40686844242954257
-0.136524960398674
-0.07775108516216278
-0.09549340605735779
0.40686844242954257
0.40686844242954257
1.3136049270629884
1.3136049270629884
1.3136049270629884
1.3136049270629884
-0.08886030316352844
0.35843561589717865
0.06556552576446534
0.533716589753151
0.052504196462631214
-0.07785621285438538
-0.11265432834625244
0.35843561589717865
0.052504196462631214
0.052504196462631214
0.5569497409181595
0.5569497409181595
0.5569497409181595
0.5569497409181595
0.9500994123518467
5.562271265132427
6.894551977515221
0.9500994123518467
6.8945519626140594
6.8945519626140594
0.5328480904741287
0.5328480904741287
0.5328480904741287
0.5328480904741287
0.48519935663223257
0.48519935663223257
0.48519935663223257
0.48519935663223257
0.6916925169029235
0.6916925169029235
0.6916925169029235
0.6916925169029235
0.6751636798534393
0.6751636798534393
0.6751636798534393
0.6751636798534393
1.1428677511787415
1.1428677511787415
1.1428677511787415
1.1428677511787415
0.651250926399231
1.1370909440040589
-0.09501159936189651
1.3503468668746947
1.1570454597473145
1.1570454597473145
0.38731780648231506
1.1370909440040589
1.1370909440040589
0.5176544583530426
0.5176544732542038
0.5176544732542038
0.5176544583530426
3.3021731078624725
2.166026500530243
-0.09474116563796997
2.4977968242835997
1.47255476061821
3.3021731078624725
6.973902255296707
2.4977968242835997
2.4977968242835997
1.0332194769811631
1.0332194769811631
1.0332194769811631
1.0332194769811631
-0.10297086989326476
-0.10297086989326476
-0.10297086989326476
-0.10297086989326476
0.4075961485505104
0.4075961485505104
0.4127558022737503
0.06567947268486024
0.23142422424507142
0.41019676815223693
0.41019676815223693
0.41019676815223693
0.024043842609405508
0.024043842609405508
0.024043842609405508
0.0798242845211029
0.5353545700950623
0.5353545700950623
0.5353545700950623
0.5353545700950623
0.5113053170509338
0.5113053170509338
0.5113053170509338
0.6739663416929245
0.024870317677021025
-0.04497633730812073
-0.10374780744314194
-0.10374780744314194
-0.09602022916078568
-0.03323376178741455
0.06745925247669221
0.06745925247669221
0.06745925247669221
0.23851751958942413
0.23851751958942413
0.4204485509867668
0.23851751958942413
0.2882332658214569
0.2882332658214569
0.2882332658214569
0.36071206629276276
0.3188229203224182
2.1834120617961883
1.775831401348114
1.775831401348114
1.9568020924925804
1.4599473300170898
1.6202729114103318
5.873613998293877
1.956802099943161
2.1834120617961883
2.1834120617961883
-0.0704246133102417
-0.0704246133102417
-0.0704246133102417
-0.05555471878623962
-0.13116392493247986
-0.13773253560066223
-0.13116392493247986
-0.13116392493247986
-0.07198641443805695
-0.03391458988189697
-0.07198641443805695
-0.07198641443805695
0.004568487586021436
-0.041773632168769836
-0.14642617106437683
-0.14642617106437683
-0.041773632168769836
0.08852020580959319
-0.1358865201473236
-0.07386252284049988
0.001251615583896637
0.08852020580959319
0.08852020580959319
0.012945184111595148
0.004401154816150665
0.004401154816150665
0.004401154816150665
0.06417371224403381
-0.08064676821231842
-0.08726498094940185
-0.041773632168769836
0.09218749850988389
-0.09875186639633178
-0.14934594929218292
-0.14934594929218292
-0.041773632168769836
0.09218749850988389
0.09218749850988389
-0.08426859495563507
-0.0823167786602974
-0.0823167786602974
-0.0823167786602974
-0.07154845801734924
-0.07814717461910248
-0.07814717461910248
-0.07814717461910248
-0.08569346224708557
-0.14566472172737122
-0.0054652544193267705
0.4215953126549721
-0.00655268132686615
-0.0054652544193267705
-0.008863164021015169
0.002082139253616333
-0.00655268132686615
0.002082139253616333
0.002082139253616333
-0.04758404051704407
-0.04758404051704407
-0.028163482241058344
-0.04758404051704407
0.0009218925790786814
-0.03579171019935608
-0.03579171019935608
-0.03579171019935608
-0.14457589387893677
-0.04701117462863923
-0.011697493493556976
-0.09432440693511963
-0.0181139576330185
-0.16165639460086823
-0.14457589387893677
-0.1424197554588318
-0.0181139576330185
-0.0181139576330185
-0.03309248944358825
-0.03830970185604095
-0.03830970185604095
-0.03830970185604095
-0.09958497282238007
-0.09958497282238007
-0.09958497282238007
-0.0895195374557495
-0.1126526067325592
-0.1126526067325592
-0.29989105463027954
-0.1126526067325592
0.0326707955570221
0.6244446337223053
0.4839404095783234
1.0087685639095307
0.4839404095783234
0.3373974723649025
-0.02231576259422302
0.6244446337223053
0.6244446337223053
-0.12576915323734283
-0.12576915323734283
-0.12804357707500458
-0.12576915323734283
-0.057656976580619815
-0.05163235818786621
-0.057656976580619815
-0.057656976580619815
-0.10458968181419373
-0.10843343142299652
-0.10843343142299652
-0.10843343142299652
-0.0439202125629425
-0.006266125889301297
-0.12590742111206055
-0.0439202125629425
0.04450969696044921
0.026190430466651926
-0.14473366737365723
