2.630082368850708
2.630082368850708
2.630082368850708
2.630082368850708
0.17202217229080197
0.17202217229080197
0.17202217229080197
0.17202217229080197
0.18616251593399047
0.18616251593399047
0.18616251593399047
0.18616251593399047
0.5594045167732238
0.5117845167732238
0.5117845167732238
0.5594045167732238
0.16481097072601314
0.020374029273986793
0.16481097072601314
0.020374029273986793
0.5524258613586426
0.7382760327911377
0.7382760327911377
0.7382760327911377
0.7382760327911377
0.584883737564087
0.584883737564087
0.584883737564087
0.584883737564087
0.53361167219162
0.3350762724876404
0.5456062724876405
0.3350762724876404
0.06415261740875244
0.031894617408752435
0.031894617408752435
0.06415261740875244
0.815650224685669
0.815650224685669
0.815650224685669
0.815650224685669
0.37962140747070316
0.1675024074707031
0.1675024074707031
0.37962140747070316
0.6411991119384766
0.6411991119384766
0.6411991119384766
0.9019192809295653
0.44196581840515137
0.9019192809295653
0.9019192809295653
0.30485856462478633
0.30485856462478633
0.30485856462478633
0.2867052548027038
1.6084336501312255
1.6084336501312255
1.6084336501312255
1.6084336501312255
0.45845540761947623
0.1545124650001526
0.6152219772338867
0.45845540761947623
0.5105762720108031
0.1545124650001526
0.8229528593444824
0.8229528593444824
0.8229528593444824
0.8901323992156982
0.8901323992156982
0.7790223992156982
0.7790223992156982
0.3658542280960082
0.4151571040916442
0.3241942280960084
0.3241942280960084
0.9096145039367676
0.9762845039367676
0.9096145039367676
0.9762845039367676
0.8154538869857788
0.868083886985779
0.8154538869857788
0.868083886985779
2.2790067195892334
2.2790067195892334
2.3212039470672607
0.8548443669509889
2.159942924976349
0.8594478124809266
1.370888477783203
1.1616522669792175
2.3212039470672607
2.3212039470672607
0.15568047761917114
0.15568047761917114
0.34318047761917114
0.34318047761917114
0.3137090301513672
0.3137090301513672
0.3137090301513672
0.3137090301513672
0.6659632325172424
2.3544623851776123
0.21082646846771236
0.7911790288162233
0.6659632325172424
1.3781297206878662
0.3305737692260742
0.21082646846771236
0.7911790288162233
0.7911790288162233
0.28746995687484733
0.32746995687484737
0.32746995687484737
0.35154131412506096
0.9982788562774658
0.9982788562774658
0.9982788562774658
0.9982788562774658
0.1432226419448852
0.5384453222274781
0.2133222200012208
0.09046721458435059
0.09046721458435059
0.14322258234024043
0.44286645650863643
0.5008866434860231
1.2574893464660644
0.5384453222274781
0.5384453222274781
4.897017478942871
4.897017478942871
4.897017478942871
4.897017478942871
0.30232173204421997
1.185986578464508
0.708689272403717
1.1770102776336668
0.46234583854675293
0.4184354305267335
1.185986578464508
1.185986578464508
1.1770102776336668
1.1770102776336668
0.8895795490646363
0.8895795490646363
0.8895795490646363
0.8895795490646363
0.32343212310791025
5.686798810958862
5.907243490219116
9.691446781158447
4.119657109603882
5.907243490219116
0.11595010757446289
0.11595010757446289
2.609384918212891
2.609384918212891
2.6093844413757328
0.1234707552337646
0.38042688369750977
0.38042688369750977
0.38042688369750977
0.38042688369750977
1.6356104260253908
1.102707326412201
0.8329800123405458
0.8329800123405458
1.102707326412201
0.8109779953956604
0.8720793242645262
0.754359064941406
0.27675390243530273
0.8996029480743406
0.8996029480743406
0.4666909758758546
0.4666909758758546
0.17257097587585468
0.17257097587585468
0.17243140935897827
0.32466406343460075
0.14785927534103394
0.17900526523590088
0.15497864805984496
0.3702586412429809
0.14785927534103394
0.32466406343460075
0.32466406343460075
0.9372788315582277
0.9354117756652833
0.9372788315582277
0.9372788315582277
0.694564938545227
0.21770571190261845
0.21770571190261845
2.659895707740784
2.7172991037368774
0.5470015039062499
2.7744351029396057
2.659895707740784
2.659895707740784
0.2325670576095581
0.13256705760955811
0.2325670576095581
0.13256705760955811
0.4895935654640198
0.4307735654640197
0.3836419674682616
0.4895935654640198
3.165498065948487
1.8328169232177736
2.331897725906372
3.763461196975708
1.3370096683502197
8.506892681121826
1.3370096683502197
3.165498065948487
3.165498065948487
0.4634407041549682
0.4634407041549682
0.4634407041549682
0.4634407041549682
0.10686120793151854
0.10686120793151854
0.10686120793151854
0.10686120793151854
0.23516622764587392
0.23516622764587392
0.33861622764587396
0.39753041221618646
1.2630228156280516
0.34985780715942383
1.0637882667922973
0.16300217753219604
0.16300217753219604
1.7951569557189941
0.07615387439727783
1.0637882667922973
1.0637882667922973
0.8422485208511352
0.8422485208511352
0.5820449346733094
0.8746278285980225
0.8422485208511352
0.33841633796691895
0.33841633796691895
0.8871201157569886
0.646307110786438
0.2358505083465574
0.2358505083465574
0.2358505083465574
0.2358505083465574
1.7622172832489014
0.6281770706176757
0.18147368431091304
0.6281770110130309
0.5097442315673828
0.3729676897659302
0.24909019470214844
0.2525629043579102
0.5097442315673828
0.5097442315673828
0.6999403595924378
0.6999403595924378
0.6999403595924378
0.6999403595924378
0.3454116940498352
0.6043192744255066
0.07350456714630127
0.9500195980072021
0.6442722946166992
0.8116525411605835
0.14852207899093628
0.6043192744255066
0.6442722946166992
0.6442722946166992
0.2686437455101013
0.2686437455101013
0.2686437455101013
0.2686437455101013
2.6804957389831543
5.075732821655272
6.152078628540039
2.6804957389831543
6.152078628540039
6.152078628540039
0.015743895824432363
0.015743895824432363
0.015743895824432363
0.015743895824432363
0.4334141259956359
0.4334141259956359
0.4334141259956359
0.4334141259956359
0.08957164059066769
0.08957164059066769
0.08957164059066769
0.08957164059066769
0.05862584067916865
0.05862584067916865
0.1309693093452453
0.05862584067916865
0.07945073371887212
0.07945073371887212
0.07945073371887212
0.07945073371887212
0.11223800361633307
0.26383338508605947
0.7718410491943359
0.2274606859970092
0.061713552474975675
0.061713552474975675
0.07104963064193726
0.26383338508605947
0.26383338508605947
0.18170129292297366
0.18170129292297366
0.18170129292297366
0.18170129292297366
0.7525467872619629
2.884995905227661
0.502179638092041
1.261828899383545
0.027091133041381887
0.7525467872619629
2.3340187072753906
1.261828899383545
0.961449146270752
0.4560686105918885
0.4560686105918885
0.4560686105918885
0.4560686105918885
0.6328039407730102
0.6328039407730102
0.6328039407730102
0.6328039407730102
0.24016737937927246
1.7338265180587769
0.07792782783508301
0.39153853302764896
0.04758735527038582
0.5270309448242188
0.5270309448242188
0.5270309448242188
0.28288391773223887
0.28288391773223887
0.28288391773223887
0.3328639889526368
0.02910812253189088
0.02910812253189088
0.029108062927246103
0.029108062927246103
0.1616159998703004
0.1616159998703004
0.15734550588607799
0.433468987121582
0.16598685823059078
0.4653588533401489
0.1971597671508789
0.1971597671508789
0.26566267013549805
1.180043339729309
0.14985702514648436
0.14985702514648436
0.14985702514648436
0.12736033666610713
0.12736033666610713
0.6238709525680541
0.12736033666610713
0.026964843273162842
0.026964843273162842
0.026964843273162842
0.12994830608367924
0.08520241975784304
0.34042164451599133
0.7729051113128662
0.7729051113128662
0.5211479663848877
0.29942905319213864
0.830282170677185
1.649585247039795
0.5211479663848877
0.34042164451599133
0.34042164451599133
0.04454908470153818
0.05398518310546874
0.05398518310546874
0.040139576072692806
0.014462172985076904
0.1986830067634583
0.014462172985076904
0.014462172985076904
0.13372229282379156
0.9038089513778687
0.13372229282379156
0.13372229282379156
0.15817062502670287
0.0903937816619873
0.22685585985565188
0.22685585985565188
0.0903937816619873
0.04305671659469601
0.706147157661438
0.29877448081970215
0.26685911417007446
0.04305671659469601
0.04305671659469601
0.33353846073150617
0.08609768207550039
0.08609768207550039
0.08609768207550039
0.24244811101913455
0.003920316696166992
0.20919950374984742
1.166701316833496
0.5293322801589966
0.17689677198410036
0.004000480308532728
0.004000480308532728
1.166701316833496
0.5293322801589966
0.5293322801589966
0.11367622782516484
0.0718919929237366
0.0718919929237366
0.07375976407241824
0.12466918917083736
0.0434332127494812
0.0434332127494812
0.0434332127494812
0.04089142436218263
0.039153099060058594
0.1140350850753784
0.8636248111724854
1.0069425106048584
0.1140350850753784
0.18573809762954707
0.6268785953521729
1.0069425106048584
0.6268785953521729
0.6268785953521729
0.23617961462020864
0.23617961462020864
0.4846553879737854
0.23617961462020864
0.4337599402236938
0.2527566544952392
0.2527566544952392
0.2527566544952392
0.0895053141059875
0.017701371963500967
1.0947285890579224
0.31256231897354136
0.3069207061767578
0.06658287400436402
0.0895053141059875
0.37588346004486084
0.3069207061767578
0.3069207061767578
0.11976935849380488
0.0728764050254822
0.0728764050254822
0.0728764050254822
0.06658287400436402
0.06658287400436402
0.06658287400436402
0.0729799651985168
0.3149792111320495
0.3149792111320495
1.0974032282829285
0.3149792111320495
0.2526193415565491
0.2862547039985657
0.08367831778335566
0.04808291252136221
0.08367831778335566
0.02133704002761838
0.45012884827041627
0.2935417890548706
0.2862547039985657
0.05431906222152705
0.05431906222152705
0.20282316207885742
0.05431906222152705
0.2273159146308899
0.1780715290336609
0.2273159146308899
0.2273159146308899
0.03698449323654174
0.09833236932754519
0.09833225011825564
0.09833225011825564
0.1919425936508179
0.20507681906890868
0.3062745451927185
0.1919425936508179
0.08769029378890991
0.08833710795211791
0.5240640878677368
