5.497113521210849
5.497113521210849
5.497113521210849
5.497113521210849
0.7980681350864172
0.7980681350864172
0.7980681350864172
0.7980681350864172
0.8014359915809631
0.8014359915809631
0.8014359915809631
0.8014359915809631
1.233128922240734
1.185508922240734
1.185508922240734
1.233128922240734
0.7407535764598846
0.5555685764598847
0.7407535764598846
0.5555685764598847
0.31609080731868744
2.0740126763141156
2.0740126763141156
2.0740126763141156
2.0740126763141156
1.2869413925334812
1.2869413925334812
1.2869413925334812
1.2869413925334812
1.1443755945253373
0.9359083399176598
1.1464383399176599
0.9359083399176598
0.6693078283507824
0.6370498283507824
0.6370498283507824
0.6693078283507824
1.9803585596382618
1.9803585596382618
1.9803585596382618
1.9803585596382618
1.076964827708006
0.8648458277080059
0.8648458277080059
1.076964827708006
1.9865746544674039
1.9865746544674039
1.9865746544674039
2.604756837530136
1.9335562586784363
2.604756837530136
2.604756837530136
0.9683787145113945
0.9683787145113945
0.9683787145113945
0.9613963060474395
3.2805909516987204
3.2805909516987204
3.2805909516987204
3.2805909516987204
1.359243845194578
0.9501737244427204
1.7046190612018108
1.3592438600957393
1.3681219197809695
0.9501737244427204
1.9154462779486179
1.9154462779486179
1.9154462779486179
1.8648408557617664
1.8648408557617664
1.7537308557617663
1.7537308557617663
1.1785497350561618
1.169017395185232
1.136889735056162
1.136889735056162
1.9085088228750229
1.9751788228750229
1.9085088228750229
1.9751788228750229
1.9929969948716462
2.0456269948716463
1.9929969948716462
2.0456269948716463
3.8572883754968643
3.8572883754968643
4.058267325162888
1.5588038990330697
2.915736310184002
1.558504557056427
3.061897820453644
1.8838079646229744
4.058267325162888
4.058267384767532
0.8267363384366035
0.8267363421618938
1.0142363421618938
1.0142363421618938
1.6669879353046417
1.6669879353046417
1.6669879353046417
1.6669879353046417
1.382559947669506
4.37468159198761
0.6802955076098443
2.330948685772419
1.382559947669506
2.4119275361299515
1.7968014124178886
0.6802955076098443
2.330948685772419
2.330948685772419
1.0728787294030189
1.112878729403019
1.112878729403019
1.0802137067914008
3.929962530732155
3.929962530732155
3.929962530732155
3.929962530732155
0.056971464306116104
0.21102492769479753
0.13546002742385865
0.19835683703422546
0.19835683703422546
0.0569714717566967
0.0516548752784729
0.6155367126507759
0.6476189424262047
0.21102492769479753
0.21102492769479753
14.442584108561277
14.442584108561277
14.442584108561277
14.442584108561277
0.8830068856477737
0.4620891623198986
1.3127289898693562
0.6170908206601143
0.35840835350179673
0.15682019367814065
0.4620891623198986
0.4620891623198986
0.6170908206601143
0.6170908206601143
1.834014098724127
1.834014098724127
1.834014098724127
1.834014098724127
1.0488413998913766
4.9405807591974735
4.964279066771269
2.9391695372760296
3.152023058794141
4.964279066771269
0.07541723549365997
0.07541723549365997
3.442839205265045
3.442839205265045
3.4428392238914967
0.9081655424690247
1.427724190056324
1.427724190056324
1.427724190056324
1.427724190056324
0.2541516715841293
0.0813823863863945
0.12887332269978524
0.12887332269978524
0.0813823863863945
0.19201790913939476
0.14841775183486938
0.2943361395378113
0.205083429813385
0.2321686440486908
0.2321686440486908
3.120710853190422
3.120710853190422
2.8265908531904222
2.8265908531904222
0.4315542131662369
0.15677539356422426
0.018689030354785918
0.060416556894779205
0.0653680411643982
0.05016205906867982
0.018689030354785918
0.15677539356422426
0.15677539356422426
3.776065988646746
3.7738414091932775
3.776065988646746
3.776065988646746
1.3818611726164818
0.0346136091337204
0.0346136091337204
0.7540022325906753
0.3961830511689186
0.21043226099681855
0.42051253467798233
0.7540022325906753
0.7540022325906753
0.5482272872328758
0.6482272872328758
0.5482272872328758
0.6482272872328758
1.0702392309904099
1.0114192309904098
1.049020284705162
1.0702392309904099
2.0472164869308473
0.8676468878984451
1.243287856502533
1.1993211602735518
0.3929012194275856
9.931964449584484
0.3929012194275856
2.0472164869308473
2.0472164869308473
1.3626098325431346
1.3626098325431346
1.3626098437190055
1.3626098437190055
0.9256599958233833
0.9256599958233833
0.9256599958233833
0.9256599958233833
1.7999903803837298
1.7999903803837298
1.9034403803837299
1.9033820348870754
0.4105735868215561
0.27562605571603777
0.5602359926147461
0.11492095569205285
0.11492095569205285
0.946046058088541
0.05566209554672241
0.5602359926147461
0.5602359926147461
0.03807361990213394
0.03807361990213394
0.003015703016948701
0.2624964038090706
0.03807361990213394
0.083658226375103
0.083658226375103
0.09033551067113876
0.11654450744390488
2.078884354814291
2.078884354814291
2.078884354814291
2.078884354814291
2.4370610266923904
0.950864527374506
0.2972698375582695
0.9508645422756672
0.4361885185375214
0.06528929620981216
0.06262125819921494
0.05684381350874901
0.4361885185375214
0.4361885185375214
1.3967983633279801
1.3967983633279801
1.3967983633279801
1.3967983633279801
0.03981544449925423
0.45321662351489067
0.10803141372823716
0.6158155022008419
0.12242066830158232
0.07464741915464401
0.06152510643005371
0.45321662351489067
0.12242066830158232
0.12242066830158232
0.6788490206839443
0.6788490206839443
0.6788490206839443
0.6788490206839443
0.9303730130195618
5.62269485910058
6.9498101361095905
0.9303730130195618
6.949810151010752
6.949810151010752
0.6529795225529075
0.6529795225529075
0.6529795225529075
0.6529795225529075
1.0299268646109103
1.0299268646109103
1.0299268646109103
1.0299268646109103
0.7540769285955429
0.7540769285955429
0.7540769285955429
0.7540769285955429
0.7483359436545372
0.7483359436545372
0.7131422395858764
0.7483359436545372
1.1844595668292046
1.1844595668292046
1.1844595668292046
1.1844595668292046
1.1040533749327064
1.5901920257776976
0.07534956187009811
1.7517784199404716
1.5739013016223908
1.5739013016223908
0.45654239133000374
1.5901920257776976
1.5901920257776976
0.561452018389225
0.5614519960374832
0.5614519960374832
0.561452018389225
3.450609251856804
2.3417763388824464
0.05708255618810654
3.0236865711283683
1.828634350193739
3.450609251856804
6.947317089885473
3.0236865711283683
3.01498715028882
1.1137742267978192
1.1137742267978192
1.1137742267978192
1.1137742267978192
0.07070575808925628
0.07070575808925628
0.07070575808925628
0.07070575808925628
0.4494231753051281
0.439898956567049
0.4151138439774513
0.1253990650177002
0.22273899303627015
0.4256327394719124
0.4256327394719124
0.4256327394719124
0.14691548367905616
0.14691548367905616
0.14691548367905616
0.15574253803229332
0.6211369788093567
0.6211369788093567
0.6211370048863888
0.6211370048863888
0.5893533860809803
0.5893533860809803
0.5900739242799282
0.7708591567761898
0.06372861216402054
0.02497584229154587
0.07653231173753738
0.07653231173753738
0.08105633407831192
0.07995258271694183
0.1482511766254902
0.1482511766254902
0.1482511766254902
0.2805082691273689
0.2805082691273689
0.4578784052605629
0.2805082691273689
0.34248814040851594
0.34248814040851594
0.34248814040851594
0.4283338859677315
0.47981972619891167
2.260422797665596
1.95931626111269
1.95931626111269
1.8958849981427193
1.5158608603072166
1.6708030544924737
5.949422758072615
1.8958849683403969
2.260422797665596
2.260422797665596
0.0232224382923603
0.010216607944822306
0.010216607944822306
0.02747787807011605
0.0862291008234024
0.08284986764192581
0.0862291008234024
0.0862291008234024
0.021535560434627538
0.024663670361042028
0.021535560434627538
0.021535560434627538
0.05861197393989562
0.02340332791209221
0.026346169412136078
0.026346169412136078
0.02340332791209221
0.05839807470035552
0.05256560817360878
0.06991951167583466
0.05515153706073761
0.05839807470035552
0.05839807470035552
0.09368163496255874
0.0692448727786541
0.0692448727786541
0.0692448727786541
0.12191392373085022
0.07027020305395126
0.015942424707174302
0.030148040503263474
0.14524151459336282
0.016971229437923438
0.028900742530822754
0.028900742530822754
0.030148040503263474
0.14524151459336282
0.14524151459336282
0.014158298397827146
0.009961843550682067
0.009961843550682067
0.006560016483545303
0.03572203422343731
0.02684843557331562
0.02684843557331562
0.02684843557331562
0.030828049833011628
0.061333734542131424
0.1359511751226783
0.46663491055369377
0.06476730108261108
0.1359511751226783
0.025526622401237486
0.043846942484378815
0.06476730108261108
0.043846942484378815
0.043846942484378815
0.015809172337818145
0.015809172337818145
0.05632410124716759
0.015809105282592772
0.09628753980565072
0.07218275201177597
0.07218275201177597
0.07218275201177597
0.018916398286819458
0.053147219488525396
0.07684969902038574
0.029031205223655696
0.006366642107009893
0.12674953043460846
0.018916398286819458
0.057829588651657104
0.006366642107009893
0.006366642107009893
0.024067370198535915
0.03087873863782882
0.03087873863782882
0.03087873863782882
0.05876815911502838
0.05876815911502838
0.05876815911502838
0.03958888298959732
0.12925625539512633
0.12925625539512633
0.09513193368911743
0.12925625539512633
0.11221400612306595
0.624286100268364
0.6362753261001185
1.108546068711281
0.6362753261001185
0.3637869371008873
0.046328328892707826
0.6212448477745056
0.6242860853672028
0.1312958151102066
0.1312958151102066
0.13217560946941376
0.1312958151102066
0.1309972733259201
0.11944982265872955
0.1309972733259201
0.1309972733259201
0.14701778788375855
0.15822758380203247
0.15822755399971009
0.15822755399971009
0.09122343172989637
0.019972464589595798
0.06827197968959808
0.09122343172989637
0.0770688310265541
0.12329735288453103
0.09716766327619553
