2.914677143096924
2.914677143096924
2.914677143096924
2.914677143096924
0.3206463540382385
0.3206463540382385
0.3206463540382385
0.3206463540382385
0.42945109253692626
0.42945109253692626
0.42945109253692626
0.42945109253692626
0.833280885772705
0.785660885772705
0.785660885772705
0.833280885772705
0.3200825008773803
0.1348975008773804
0.3200825008773803
0.1348975008773804
-0.13062894344329834
1.6014472526168824
1.6014472526168824
1.6014472526168824
1.6014472526168824
0.7348646998405457
0.7348646998405457
0.7348646998405457
0.7348646998405457
0.7544638684082032
0.5455655455589294
0.7560955455589295
0.5455655455589294
0.1584854316253662
0.1262274316253662
0.1262274316253662
0.1584854316253662
0.11078786849975586
0.11078786849975586
0.11078786849975586
0.11078786849975586
0.8074283213233948
0.5953093213233948
0.5953093213233948
0.8074283213233948
0.5122158527374268
0.5122158527374268
0.5122158527374268
1.3654833192062377
0.8705027103424072
1.3654833192062377
1.3654833192062377
0.7184783213233947
0.7184783213233947
0.7184783213233947
0.7045773558712005
2.556830452079773
2.556830452079773
2.556830452079773
2.556830452079773
-0.3300065755844117
-2.6982483863830566
-0.11314892768859863
-0.3300068140029908
-1.4422818183898927
-2.6982483863830566
-1.160049803314209
-1.160049803314209
-1.160049803314209
0.12992462696075435
0.12992462696075435
0.01881462696075431
0.01881462696075431
0.8210940008926391
0.8187772875595092
0.7794340008926393
0.7794340008926393
1.4646759634780884
1.5313459634780884
1.4646759634780884
1.5313459634780884
1.5996953248977661
1.6523253248977663
1.5996953248977661
1.6523253248977663
-0.0696258544921875
-0.0696258544921875
0.43215370178222656
-1.3615034466552733
1.0443713665008545
-1.3538902645874022
-0.3075225291442871
-1.1762504577636719
0.43215370178222656
0.43215322494506836
0.5612183213233948
0.5612183213233948
0.7487183213233948
0.7487183213233948
1.3472503519058228
1.3472503519058228
1.3472503519058228
1.3472503519058228
-0.7086849212646484
1.4583899974822998
-0.38157064914703365
0.8868281520080568
-0.7086849212646484
0.6772634983062744
0.2777034956359863
-0.38157064914703365
0.8868281520080568
0.8868281520080568
0.8060437476634978
0.8460437476634979
0.8460437476634979
0.8079485034942626
3.372627854347229
3.372627854347229
3.372627854347229
3.372627854347229
0.12818090915679936
1.1798988863945008
0.7517664410209657
-0.8068909645080566
-0.8068909645080566
0.12818096876144414
0.5671326041221618
0.052095258789062626
1.805510841808319
1.1798988863945008
1.1798988863945008
12.801999807357788
12.801999807357788
12.801999807357788
12.801999807357788
-0.32128798961639404
1.1874536275863647
0.48321056365966797
1.9680365718650816
1.0882497429847717
0.4082594871520997
1.1874536275863647
1.1874536275863647
1.9680365718650816
1.9680365718650816
1.4649443771743775
1.4649443771743775
1.4649443771743775
1.4649443771743775
0.28960463945388804
4.042026519775391
4.014784812927246
9.647345542907715
-1.938043762817383
4.014784812927246
-1.2438740730285645
-1.2438740730285645
-1.3838163375854489
-1.3838163375854489
-1.3838153839111325
-0.5014447885894775
1.0603531301021576
1.0603531301021576
1.0603531301021576
1.0603531301021576
0.3480637913513185
-0.7801694869995117
-0.5388840084838866
-0.5388840084838866
-0.7801694869995117
-0.04770374298095703
0.8883606906127928
1.589571295623779
1.036032259464264
1.4204106911468504
1.4204106911468504
2.6501403634262086
2.6501403634262086
2.3560203634262087
2.3560203634262087
-0.5045070648193359
0.1581510376739501
-0.8186426162719727
-0.5744640827178955
-1.080100938446045
-0.2550463199615478
-0.8186426162719727
0.1581510376739501
0.1581510376739501
3.3634816056060792
3.364152515487671
3.363481724815369
3.363481724815369
1.3558390140533447
-0.45152051728820797
-0.45152051728820797
2.5292290941619875
1.3575265407562256
0.4134065141296386
1.9212541580200195
2.5292290941619875
2.5292290941619875
0.31453962564468385
0.41453962564468383
0.31453962564468385
0.41453962564468383
0.9177857935428619
0.8589657935428618
0.8582049104499816
0.9177857935428619
5.785347270965577
2.130864227371216
2.4650490187072753
2.9495767002868654
0.6351381540298462
11.89450979232788
0.6351381540298462
5.785347270965577
5.785347270965577
1.0563706038475036
1.0563706038475036
1.0563706038475036
1.0563706038475036
0.6335863213233948
0.6335863213233948
0.6335863213233948
0.6335863213233948
1.5084094165039061
1.5084094165039061
1.6118594165039062
1.6195091958236694
1.4339799637031554
0.3018128275871277
1.4060027915382385
-0.40727211589050294
-0.40727211589050294
1.3347089290618896
-0.09254080057144165
1.4060027915382385
1.4060027915382385
1.138701877593994
1.138701877593994
0.5513672584724427
0.0980076789855957
1.138701877593994
-0.07610046863555908
-0.07610046863555908
0.8348355174064637
0.5509390234947205
1.7692598952198026
1.7692598952198026
1.7692598952198026
1.7692598952198026
1.450937032699585
0.032373690605163485
0.5274632096290588
0.032373809814453036
0.9778978274917602
0.0835745637283325
-1.0628268718719482
-0.4379852056503296
0.9778978274917602
0.9778978274917602
1.1612183213233949
1.1612183213233949
1.1612183213233949
1.1612183213233949
-0.44116792678833006
0.1544971466064453
0.7659534215927124
0.36005091667175293
1.063183453655243
-0.08646655082702637
0.34438639879226685
0.1544971466064453
1.063183453655243
1.063183453655243
0.28089009848403934
0.28089009848403934
0.28089009848403934
0.28089009848403934
5.471953630447388
18.585138673019408
25.36617374420166
5.471953630447388
25.36617350578308
25.36617350578308
0.2366426145477295
0.2366426145477295
0.2366426145477295
0.2366426145477295
0.6724516695308684
0.6724516695308684
0.6724516695308684
0.6724516695308684
0.40561179886245724
0.40561179886245724
0.40561179886245724
0.40561179886245724
0.45373620940780635
0.45373620940780635
0.43373026801681513
0.45373620940780635
0.934751815853119
0.934751815853119
0.934751815853119
0.934751815853119
1.1144057971191406
2.1263612323760985
0.3773069381713867
0.9284099376487731
0.8072136998176576
0.8072136998176576
-0.02348768711090088
2.1263612323760985
2.1263612323760985
0.21154407627296445
0.21154404647064207
0.21154404647064207
0.21154407627296445
4.825836658477783
3.7010367787551877
-0.56408812159729
4.491663932800293
2.3474788790512084
4.825836658477783
10.940240859985352
4.491663932800293
4.4816882610321045
0.6697500700187684
0.6697500700187684
0.6697500700187684
0.6697500700187684
1.3677080512046813
1.3677080512046813
1.3677080512046813
1.3677080512046813
2.48147976398468
2.5370283722877502
-0.19836008548736572
0.5528853213233947
1.1483447157287598
2.057110607624054
2.057110607624054
2.057110607624054
0.80542150680542
0.80542150680542
0.80542150680542
0.8692435646820069
0.22149543518257142
0.22149543518257142
0.22149540538024903
0.22149540538024903
0.6269471668529512
0.6269471668529512
0.6261240565109254
0.921331752910614
0.5857533589782715
0.36449134349823
0.07127529382705688
0.07127529382705688
0.44573837518692017
0.8923907279968262
1.0164381074905395
1.0164381074905395
1.0164381074905395
0.5993092583465576
0.5993092583465576
1.1485590176200866
0.5993092583465576
0.4053642153739929
0.4053642153739929
0.4053642153739929
0.5736064791679383
0.0029538631439208762
1.7206584490013124
0.6941032409667969
0.6941032409667969
-1.1343002319335938
1.1518964709091186
1.4448903988838195
3.127002239227295
-1.1342999935150146
1.7206584490013124
1.7206584490013124
0.5519993533706664
0.6269437028312683
0.6269437028312683
0.8158020578575134
0.2976282238960266
0.4868274760246277
0.2976282238960266
0.2976282238960266
1.3835711354446412
2.065531075000763
1.3835711354446412
1.3835711354446412
0.15982438677978517
-0.04645705223083496
-0.1866612292327881
-0.1866612292327881
-0.04645705223083496
0.2908685305976868
-0.04487007211875915
-0.8505842685699463
-0.06506884098052979
0.2908685305976868
0.2908685305976868
1.5245003581047056
1.2242523675727843
1.2242523675727843
1.2242523675727843
0.6150189237213135
1.3667774200439453
0.3729685985145569
1.9598381519317627
0.7234671711921692
0.0810056714248657
0.45089334712982176
0.45089334712982176
1.9598381519317627
0.7234671711921692
0.7234671711921692
0.4470648544006348
0.33348041808891293
0.33348041808891293
0.33335223830032346
0.371306771949768
0.2619995708389282
0.2619995708389282
0.2619995708389282
0.06350930089187623
0.6437970995903015
0.15022029005813597
0.31407594680786133
-1.1375198364257812
0.15022029005813597
0.4844640006637573
0.7474701166152955
-1.1375198364257812
0.7474701166152955
0.7474701166152955
0.576689625339508
0.576689625339508
0.73550731716156
0.5766896849441527
0.6219788914489746
0.4061968915405273
0.4061968915405273
0.4061968915405273
-0.05617690014266963
0.16925506239700316
-1.2884464263916016
0.5102673494148255
0.34404718770980836
0.04388050680923461
-0.05617690014266963
-0.45158183574676514
0.34404718770980836
0.34404718770980836
0.17049911008071894
0.12595875194168094
0.12595875194168094
0.12595875194168094
-0.037862316314697275
-0.037862316314697275
-0.037862316314697275
0.09601358412551875
0.2974997318191528
0.2974997318191528
1.1445469856262207
0.2974997318191528
0.04672796970176696
0.10249745845794678
0.22072739672470088
-0.12272993270874033
0.22072739672470088
0.13940089170074466
-0.15470486374282838
0.06620526313781738
0.10249745845794678
0.20937232016372676
0.20937232016372676
0.3568485975265503
0.20937232016372676
-0.14837123155593873
-0.09548720753479006
-0.14837123155593873
-0.14837123155593873
0.1457766194152832
0.010971581935882546
0.010971641540527322
0.010971641540527322
0.08922026435852048
0.02879142224121095
-0.01785017251968385
0.08922026435852048
-0.05997961759567261
-0.3065607702178955
-0.16934680342674255
