5.36743737757206
5.36743737757206
5.36743737757206
5.36743737757206
0.7790438468046188
0.7790438468046188
0.7790438468046188
0.7790438468046188
0.7159816244797707
0.7159816244797707
0.7159816244797707
0.7159816244797707
1.196753004746437
1.149133004746437
1.149133004746437
1.196753004746437
0.6907620358490943
0.5055770358490944
0.6907620358490943
0.5055770358490944
0.3634230047464371
1.9745330047464371
1.9745330047464371
1.9745330047464371
1.9745330047464371
1.1634230047464371
1.1634230047464371
1.1634230047464371
1.1634230047464371
1.0739530047464372
0.8903853297233582
1.1009153297233583
0.890385314822197
0.635775108291626
0.603517108291626
0.603517108291626
0.635775108291626
1.8735068142414093
1.8735068142414093
1.8735068142414093
1.8735068142414093
1.0213492424106598
0.8092302424106598
0.8092302424106598
1.0213492424106598
1.863423004746437
1.863423004746437
1.863423004746437
2.530093004746437
1.863423004746437
2.530093004746437
2.530093004746437
0.9475474797582626
0.9475474797582626
0.9475474797582626
0.895999013671875
3.157543004746437
3.157543004746437
3.157543004746437
3.157543004746437
1.263423004746437
0.8634230047464371
1.613423004746437
1.263423004746437
1.263423004746437
0.8634230047464371
1.807863004746437
1.807863004746437
1.807863004746437
1.752313004746437
1.752313004746437
1.641203004746437
1.641203004746437
1.071753004746437
1.071753004746437
1.0300930047464372
1.0300930047464372
1.796753004746437
1.863423004746437
1.796753004746437
1.863423004746437
1.863423004746437
1.9160530047464372
1.863423004746437
1.9160530047464372
3.863423004746437
3.863423004746437
4.081165313720703
1.5300930047464372
2.863423004746437
1.5300930047464372
3.078066295604706
1.863423004746437
4.081165313720703
4.081165298819542
0.7384230047464371
0.7384230047464371
0.9259230047464371
0.9259230047464371
1.6968588477373123
1.6968588477373123
1.6968588477373123
1.6968588477373123
1.363423004746437
4.363423004746437
0.6634230047464371
2.291993004746437
1.363423004746437
2.363423004746437
1.752313004746437
0.6634230047464371
2.291993004746437
2.291993004746437
1.0707716381549834
1.1107716381549835
1.1107716381549835
1.0786981320381164
3.863423004746437
3.863423004746437
3.863423004746437
3.863423004746437
0.010681644082069397
0.13369300474643708
0.07618900474643708
0.11342300474643707
0.11342300474643707
0.010681644082069397
0.13656973838806152
0.5300900047464371
0.577709004746437
0.13369300474643708
0.13369300474643708
14.363423004746437
14.363423004746437
14.363423004746437
14.363423004746437
0.8634230047464371
0.3634230047464371
1.238423004746437
0.5590750047464371
0.3078670047464371
0.06342300474643708
0.3634230047464371
0.3634230047464371
0.5590750047464371
0.5590750047464371
1.7581630047464372
1.7581630047464372
1.7581630047464372
1.7581630047464372
1.0300930047464372
4.863423004746437
4.863423004746437
2.863423004746437
3.0521051235866548
4.863423004746437
0.025337621569633484
0.025337621569633484
3.3634139001369476
3.3634139001369476
3.363413915038109
0.9745330047464371
1.363423004746437
1.363423004746437
1.363423004746437
1.363423004746437
0.19675600474643706
0.13657699525356293
0.030090004746437082
0.030090004746437082
0.13657699525356293
0.11342300474643707
0.15374600474643707
0.24437500474643709
0.11342300474643707
0.24437500474643709
0.24437500474643709
3.039893004746437
3.039893004746437
2.7457730047464373
2.7457730047464373
0.3634230047464371
0.1816050047464371
0.05324369525356293
0.13657699525356293
0.0062800047464370845
0.06342300474643708
0.05324369525356293
0.1816050047464371
0.1816050047464371
3.696753004746437
3.696753004746437
3.696753004746437
3.696753004746437
1.363423004746437
0.025465995253562926
0.025465995253562926
0.772514004746437
0.3634230047464371
0.2562800047464371
0.3634230047464371
0.772514004746437
0.772514004746437
0.5034230047464371
0.6034230047464371
0.5034230047464371
0.6034230047464371
1.113423004746437
1.054603004746437
1.054603004746437
1.113423004746437
2.0634230047464373
0.9763077348470688
1.2713317971658706
1.196753004746437
0.3634230047464371
9.863423004746437
0.3634230047464371
2.0634230047464373
2.0634230047464373
1.2822106955528259
1.2822106955528259
1.2822106955528259
1.2822106955528259
0.9181749115877151
0.9181749115877151
0.9181749115877151
0.9181749115877151
1.725493004746437
1.725493004746437
1.828943004746437
1.828943004746437
0.3634230047464371
0.2245340047464371
0.5352391904039383
0.030090004746437082
0.030090004746437082
0.8634230047464371
0.13657699525356293
0.5352391904039383
0.5352391904039383
0.056576995253562926
0.056576995253562926
0.05324369525356293
0.19675600474643706
0.056576995253562926
0.030090004746437082
0.030090004746437082
0.13657699525356293
0.13657699525356293
1.9705630047464369
1.9705630047464369
1.9705630047464369
1.9705630047464369
2.363423004746437
0.8634230047464371
0.2634230047464371
0.8634230047464371
0.3991370047464371
0.13657699525356293
0.13657699525356293
0.13657699525356293
0.3991370047464371
0.3991370047464371
1.3384230047464372
1.3384230047464372
1.3384230047464372
1.3384230047464372
0.13657699525356293
0.3634230047464371
0.20690031277561188
0.5300900047464371
0.21537154882907866
0.13657699525356293
0.13657699525356293
0.3634230047464371
0.21537154882907866
0.21537154882907866
0.5798080476837159
0.5798080476837159
0.5798080476837159
0.5798080476837159
0.8634230047464371
5.530093004746437
6.863423004746437
0.8634230047464371
6.863423004746437
6.863423004746437
0.5587201421899796
0.5587201421899796
0.5587201421899796
0.5587201421899796
1.0135378038454055
1.0135378038454055
1.0135378038454055
1.0135378038454055
0.7874189920225143
0.7874189920225143
0.7874189920225143
0.7874189920225143
0.752126299873352
0.752126299873352
0.7163794870529174
0.752126299873352
1.2087992650842667
1.2087992650842667
1.2087992650842667
1.2087992650842667
0.9810730047464371
1.472123004746437
0.13657699525356293
1.641203004746437
1.4634230047464372
1.4634230047464372
0.3634230047464371
1.472123004746437
1.472123004746437
0.5718114025087356
0.5718113727064132
0.5718113727064132
0.5718114025087356
3.363423004746437
2.291993004746437
0.13657699525356293
2.922243004746437
1.7300930047464371
3.363423004746437
6.863423004746437
2.922243004746437
2.922243004746437
1.0299388820362092
1.0299388820362092
1.0299388820362092
1.0299388820362092
0.013370706086921695
0.013370706086921695
0.013370706086921695
0.013370706086921695
0.3634230047464371
0.3634230047464371
0.3634230047464371
0.06342300474643708
0.21226000474643708
0.40188500474643707
0.40188500474643707
0.40188500474643707
0.10000882988739013
0.10000882988739013
0.10000882988739013
0.10889872988796234
0.5546729123039246
0.5546729123039246
0.5546729272050858
0.5546729272050858
0.5062800047464371
0.5062800047464371
0.5062800047464371
0.681605004746437
0.17989637354946136
0.05324369525356293
0.13657699525356293
0.13657699525356293
0.13657699525356293
0.13657699525356293
0.24250986874103547
0.24250986874103547
0.24250986874103547
0.32139324819660187
0.32139324819660187
0.5156217981452942
0.32139324819660187
0.3230783646745682
0.3230783646745682
0.3230783646745682
0.4110058397054672
0.3634230047464371
2.367960126862526
1.863423004746437
1.863423004746437
1.863423004746437
1.6047575893592834
1.6326530047464372
5.863423004746437
1.863423004746437
2.367960126862526
2.367960126862526
0.029455009149169917
0.025772291468238825
0.025772291468238825
0.037091939634323126
0.03361336886882782
0.03320211172103882
0.03361336886882782
0.03361336886882782
0.0029456690494537308
0.011220535635948187
0.0029456690494537308
0.0029456690494537308
0.002312004746437085
0.13657699525356293
0.13657699525356293
0.13657699525356293
0.13657699525356293
0.08290698309135436
0.13657699525356293
0.13657699525356293
0.011576995253562927
0.08290698309135436
0.08290698309135436
0.07022326588630676
0.048691436648368835
0.048691436648368835
0.048691436648368835
0.048038004746437074
0.13657699525356293
0.07775349525356293
0.13657699525356293
0.06342300474643708
0.04566789525356292
0.13657699525356293
0.13657699525356293
0.13657699525356293
0.06342300474643708
0.06342300474643708
0.004875381613540647
0.009176760851860047
0.009176760851860047
0.007246062099456788
0.02265007404232025
0.02936661412563324
0.02936661412563324
0.02936661412563324
0.05324369525356293
0.13657699525356293
0.0062800047464370845
0.3634230047464371
0.13657699525356293
0.0062800047464370845
0.02229099525356293
0.011576995253562927
0.13657699525356293
0.011576995253562927
0.011576995253562927
0.05324369525356293
0.05324369525356293
0.04133889525356292
0.05324369525356293
0.015576409752845771
0.0011282859430313125
0.0011282859430313125
0.0011282859430313125
0.13657699525356293
0.06081939525356293
0.13657699525356293
0.06514839525356293
0.03901599525356293
0.13657699525356293
0.13657699525356293
0.13657699525356293
0.03901599525356293
0.03901599525356293
0.03148574193553924
0.04109536963310241
0.04109536963310241
0.04109536963310241
0.10879919525356294
0.10879919525356294
0.10879919525356294
0.10209419525356292
0.012944616906929017
0.012944616906929017
0.04676908254623413
0.012944616906929017
0.08564500474643708
0.6134230047464371
0.4997870047464371
1.0300930047464372
0.4997870047464371
0.31796800474643705
0.018929995253562926
0.6134230047464371
0.6134230047464371
0.09004640579223633
0.09004640579223633
0.07855728268623352
0.09004640579223633
0.06157699525356293
0.05324369525356293
0.06157699525356293
0.06157699525356293
0.10954999525356293
0.11435479525356293
0.11435479525356293
0.11435479525356293
0.025647795621490485
0.020634995253562924
0.13657699525356293
0.025647795621490485
0.07424050867557525
0.030090004746437082
0.13657699525356293
