5.348576337099075
5.348576337099075
5.348576337099075
5.348576337099075
0.7895459169931411
0.7895459169931411
0.7895459169931411
0.7895459169931411
0.7052335137681961
0.7052335137681961
0.7052335137681961
0.7052335137681961
1.3788801414835452
1.3312601414835452
1.3312601414835452
1.3788801414835452
0.6597809645557403
0.4745959645557404
0.6597809645557403
0.4745959645557404
0.5196663029491901
1.9835733157253266
1.9835733157253266
1.9835733157253266
1.9835733157253266
1.159847903251648
1.159847903251648
1.159847903251648
1.159847903251648
1.0040780177402497
0.932800903916359
1.143330903916359
0.9328009188175201
0.5452185463447571
0.5129605463447571
0.5129605463447571
0.5452185463447571
1.7836166620254517
1.7836166620254517
1.7836166620254517
1.7836166620254517
0.9866940737581253
0.7745750737581253
0.7745750737581253
0.9866940737581253
2.107575684785843
2.107575684785843
2.107575684785843
2.665689484966993
1.991336565464735
2.665689484966993
2.665689484966993
0.8065300576782226
0.8065300576782226
0.8065300576782226
0.8415132902956008
3.104049609298706
3.104049609298706
3.104049609298706
3.104049609298706
1.3222377017140388
0.877338171005249
1.6745663434267044
1.322237679362297
1.303277114033699
0.877338171005249
1.8509212287688255
1.8509212287688255
1.8509212287688255
1.6451136934900283
1.6451136934900283
1.5340036934900283
1.5340036934900283
0.9372337406444549
1.0824598168897628
0.895573740644455
0.895573740644455
1.8397131940293312
1.9063831940293312
1.8397131940293312
1.9063831940293312
1.9507391788065434
2.0033691788065435
1.9507391788065434
2.0033691788065435
3.949638146907091
3.949638146907091
4.101449221372604
1.625310918135643
2.9131839871406555
1.5810616964530946
3.106307691555023
1.9139635413885117
4.101449221372604
4.101449191570282
0.7691994532942772
0.7691993415355682
0.9566993415355682
0.9566993415355682
1.6165022200345993
1.6165022200345993
1.6165022200345993
1.6165022200345993
1.338266834616661
4.327078998088837
0.6663454055786133
2.209321943588257
1.338266834616661
2.333381310105324
1.6558240074062347
0.6663454055786133
2.209321943588257
2.209321943588257
0.9716866499185561
1.0116866499185562
1.0116866499185562
1.0006767845153808
3.7977738827466965
3.7977738827466965
3.7977738827466965
3.7977738827466965
0.03277617320418358
0.07278796543598176
0.0204275333557129
0.10576355457305908
0.10576355457305908
0.03277621045708656
-0.06693971157073975
0.5990834167046547
0.6215488617286682
0.07278796543598176
0.07278796543598176
14.30004158616066
14.30004158616066
14.30004158616066
14.30004158616066
0.941330824047327
0.5272235311567783
1.2976349294185638
0.5121207305688859
0.25443246888542176
0.18041001334786416
0.5272235311567783
0.5272235311567783
0.5121207305688859
0.5121207305688859
1.6781833764219285
1.6781833764219285
1.6781833764219285
1.6781833764219285
0.95156588201046
4.976711895316839
4.921000197529793
2.803783103823662
2.9521840162944795
4.921000197529793
-0.06881982088088989
-0.06881982088088989
3.308482825756073
3.308482825756073
3.308482810854912
1.0022187289452553
1.2470840811729431
1.2470840811729431
1.2470840811729431
1.2470840811729431
0.3497795047419071
0.034946706146001816
0.14781135747265817
0.14781135747265817
0.034946706146001816
0.2759691961109638
0.1947307843427658
0.3318894499320984
0.1948792301118374
0.3395404660482407
0.3395404660482407
3.0404855345201494
3.0404855345201494
2.7463655345201494
2.7463655345201494
0.5712336301803589
0.24128248639774325
-0.07238365566177368
0.016562115401029587
0.04865542031002046
0.09925961196422578
-0.07238365566177368
0.24128248639774325
0.24128248639774325
3.6771128421592714
3.7368266081380845
3.677112797455788
3.677112797455788
1.4531248100101948
0.07912437972283363
0.07912437972283363
0.8468501051161289
0.4823884181678295
0.2625186590023041
0.5325933881103992
0.8468501051161289
0.8468501051161289
0.5388830894231796
0.6388830894231796
0.5388830894231796
0.6388830894231796
1.1776128262281418
1.1187928262281417
1.1033557596731185
1.1776128262281418
2.147028834372759
1.0184045918285847
1.244876007361412
1.3388731388318538
0.48978908732533455
9.967332299798727
0.48978908732533455
2.147028834372759
2.147028834372759
1.287902730512619
1.287902730512619
1.2879027007102966
1.2879027007102966
0.8112539391212463
0.8112539391212463
0.8112539391212463
0.8112539391212463
1.777287749774456
1.777287749774456
1.880737749774456
1.8826995397996902
0.46710213273763657
0.25373335164642336
0.6226045010430813
0.14734202677440644
0.14734202677440644
0.9912888593971729
0.015677738934755325
0.6226045010430813
0.6226045010430813
-0.03931207776069641
-0.03931207776069641
-0.036875917071533204
0.29183257317113875
-0.03931207776069641
0.11947754079532624
0.11947754079532624
-0.03554018586874008
-0.03759383410215378
1.9960332317495344
1.9960332317495344
1.9960332317495344
1.9960332317495344
2.400995671749115
0.9019342958927155
0.2360303193330765
0.9019342660903931
0.38665856374645236
-0.09050074964761734
-0.023798305541276932
-0.10611436516046524
0.38665856374645236
0.38665856374645236
1.3682549059391023
1.3682549059391023
1.3682549059391023
1.3682549059391023
-0.11371225118637085
0.4602852538228035
-0.0982566185054779
0.6278048535628319
-0.1197866353416443
-0.03317951783537865
-0.03436342254281044
0.4602852538228035
-0.1197866353416443
-0.1197866353416443
0.6066801461296082
0.6066801461296082
0.6066801461296082
0.6066801461296082
0.9902980215847492
5.519307901902199
6.840151771903038
0.9902980215847492
6.840151742100716
6.840151742100716
0.5303123151702881
0.5303123151702881
0.5303123151702881
0.5303123151702881
0.7585856860446929
0.7585856860446929
0.7585856860446929
0.7585856860446929
0.6487255550422668
0.6487255550422668
0.6487255550422668
0.6487255550422668
0.6750122840557098
0.6750122840557098
0.7917838963720798
0.6750122840557098
1.2033559156036377
1.2033559156036377
1.2033559156036377
1.2033559156036377
1.0590109392940998
1.5784340168058872
0.001692507416009903
1.741365142046213
1.5609719403088094
1.5609719403088094
0.4433353804051876
1.5784340168058872
1.5784340168058872
0.5237564093561172
0.5237564093561172
0.5237564093561172
0.5237564093561172
3.309098407626152
2.29401106900692
-0.13392817974090576
2.8964118120145796
1.7234781557750702
3.309098407626152
6.809631273150444
2.8964118120145796
2.94997409553051
1.0654618496131898
1.0654618496131898
1.0654618496131898
1.0654618496131898
-0.04507503812952041
-0.04507503812952041
-0.04507503812952041
-0.04507503812952041
0.38915884494781494
0.4202001541852951
0.48786231502890587
0.1862097091972828
0.2606371610040665
0.47024975906562805
0.47024975906562805
0.47024975906562805
0.1411601597623825
0.1411601597623825
0.1411601597623825
0.14856045028305054
0.6356993434770107
0.6356993434770107
0.6356993732793331
0.6356993732793331
0.6149395310796499
0.6149395310796499
0.6149395310796499
0.7789445007629394
0.0123308042678833
0.031158735549020766
0.0041312575340271
0.0041312575340271
-0.06803512573242188
-0.002630792558193207
0.08390338420867921
0.08390338420867921
0.08390338420867921
0.2540440601668358
0.2540440601668358
0.42486386190605163
0.2540440601668358
0.3421842610282898
0.3421842610282898
0.3421842610282898
0.4242623820900917
0.41171563416719437
2.1845851855134963
1.9131370782852173
1.9131370782852173
2.0689652115106583
1.4351944300127029
1.722193698655367
5.906185999512672
2.068965256214142
2.1845851855134963
2.1845851855134963
0.07198367197976112
0.06727759470210075
0.06727759470210075
0.06456742707514763
-0.06440446525812149
-0.07834100723266602
-0.06440446525812149
-0.06440446525812149
-0.12484189117507935
-0.10852816104888915
-0.12484189117507935
-0.12484189117507935
-0.08169521373367308
-0.13644130527973175
-0.11959469318389893
-0.11959469318389893
-0.13644130527973175
0.00954153318595885
-0.11338169872760773
-0.14655302464962006
0.03651958703994751
0.00954153318595885
0.00954153318595885
0.12054604813456535
0.10249490663409233
0.10249490663409233
0.10249490663409233
0.05519288670063019
-0.08396070450544357
0.009233739398479462
0.0550316758453846
0.08940034806728364
0.057206990990972525
-0.10021452605724335
-0.10021452605724335
0.0550316758453846
0.08940034806728364
0.08940034806728364
-0.05359458444042206
-0.05838005250740051
-0.05838005250740051
-0.04368770128536224
-0.08420545963191986
-0.0947259085401535
-0.0947259085401535
-0.0947259085401535
0.07540558049635887
-0.09034572541713715
0.033411174780845654
0.3913618102669716
-0.08954569697380066
0.033411174780845654
-0.052768519057273866
0.003968656063079834
-0.08954569697380066
0.003968656063079834
0.003968656063079834
-0.022833152169418336
-0.022833152169418336
-0.008920748524093622
-0.022833152169418336
-0.09765785688591003
-0.11612936872386932
-0.11612936872386932
-0.11612936872386932
-0.10063387453556061
0.0052571889067649785
-0.10455775260925293
-0.09069262142314911
0.007775617848396296
-0.18354956805706024
-0.10063387453556061
-0.16296185553073883
0.007775617848396296
0.007775617848396296
-0.09186666270332336
-0.09840785818901061
-0.09840785818901061
-0.09840785818901061
-0.018514400684547426
-0.018514400684547426
-0.018514400684547426
-0.02448699197859764
-0.03881790436000824
-0.03881790436000824
0.007406238466501236
-0.03881790436000824
0.174152969953537
0.680175319314003
0.5886182916238308
0.9859041923713685
0.5886182916238308
0.3562952963542938
-0.0033198815135955795
0.6895982846617699
0.680175319314003
-0.06372442841529846
-0.06372442841529846
-0.07493647187948227
-0.06372442841529846
0.032349725067615506
0.024999172931480407
0.032349725067615506
0.032349725067615506
-0.05774400729942322
-0.062386786973762515
-0.06238680187492371
-0.06238680187492371
0.01911292863283158
0.03020466729831696
-0.04886649176478386
0.01911292863283158
0.0824854403734207
0.045817062799453745
0.017532844096422195
