0.9425854682922363
0.9425854682922363
0.9425854682922363
0.9425854682922363
-0.09832679383087162
-0.09832679383087162
-0.09832679383087162
-0.09832679383087162
-0.08317579383087159
-0.08317579383087159
-0.08317579383087159
-0.08317579383087159
0.4168212061691283
0.3692012061691283
0.3692012061691283
0.4168212061691283
0.07618816226959224
-0.10899683773040769
0.07618816226959224
-0.10899683773040769
-0.6293556690216064
1.2858919185256958
1.2858919185256958
1.2858919185256958
1.2858919185256958
0.38349120616912846
0.38349120616912846
0.38349120616912846
0.38349120616912846
0.5186405947494508
0.2449396252632141
0.4554696252632142
0.2449396252632141
0.008759994461059573
-0.023498005538940436
-0.023498005538940436
0.008759994461059573
0.890981912612915
0.890981912612915
0.890981912612915
0.890981912612915
0.3603282184219361
0.14820921842193602
0.14820921842193602
0.3603282184219361
0.8881864547729492
0.8881864547729492
0.8881864547729492
1.2913742417526244
0.6433568000793457
1.2913742417526244
1.2913742417526244
0.33601409126281734
0.33601409126281734
0.33601409126281734
0.32826018262863155
1.9638891679000854
1.9638891679000854
1.9638891679000854
1.9638891679000854
0.35491790771484366
0.04153740406036377
0.7011054754257202
0.3549180269241332
0.4122903585433959
0.04153740406036377
0.9556177782440185
0.9556177782440185
0.9556177782440185
0.9894473272705078
0.9894473272705078
0.8783373272705077
0.8783373272705077
0.36470850761413565
0.43455382640838613
0.32304850761413584
0.32304850761413584
1.190081000881195
1.256751000881195
1.190081000881195
1.256751000881195
1.048427939414978
1.1010579394149782
1.048427939414978
1.1010579394149782
2.0665087699890137
2.0665087699890137
2.346924662590027
0.551853334350586
1.8521479368209839
0.5508426779937745
1.4276092114257812
0.8735730648040771
2.346924662590027
2.3469245433807373
0.034400343894958496
0.034400224685668945
0.22190022468566895
0.22190022468566895
0.9881094193458557
0.9881094193458557
0.9881094193458557
0.9881094193458557
0.6418297290802002
3.648390293121338
-0.29187757968902583
1.4868671572875978
0.6418297290802002
1.644999623298645
0.9684284645462036
-0.29187757968902583
1.4868671572875978
1.4868671572875978
0.4001167154312133
0.44011671543121333
0.44011671543121333
0.41490528345108024
2.7171820402145386
2.7171820402145386
2.7171820402145386
2.7171820402145386
-0.29007501602172847
1.070662109565735
0.6481661178207399
-0.00029265880584716797
-0.00029265880584716797
-0.29007501602172847
0.32926888465881343
1.4549437409210206
1.4316138257598876
1.070662109565735
1.070662109565735
12.210892677307129
12.210892677307129
12.210892677307129
12.210892677307129
-0.10016524791717529
1.0560015439987183
0.4711724519729614
1.7611249483871458
0.7929558753967285
0.7422485113143922
1.0560015439987183
1.0560015439987183
1.7611249483871458
1.7611249483871458
0.8162835981750489
0.8162835981750489
0.8162835981750489
0.8162835981750489
0.09159377758026133
8.512197136878967
8.432601928710938
13.105096578598022
5.822309325561523
8.432601928710938
0.3716784715652466
0.3716784715652466
6.2152539730072025
6.2152539730072025
6.2152539730072025
0.18286767421722416
0.4743235111236572
0.4743235111236572
0.4743235111236572
0.4743235111236572
2.380477870063782
1.1161487102508545
0.7411265725326539
0.7411265725326539
1.1161487102508545
0.6108640432357788
1.1855784173202513
2.029211817626953
0.9143879413604736
1.995742498283386
1.995742498283386
2.1479335610580446
2.1479335610580446
1.8538135610580446
1.8538135610580446
-0.4165087938308716
0.3635087084579467
-0.4266538619995117
0.12667381763458252
-0.06627278006744386
-0.09982342720031734
-0.4266538619995117
0.3635087084579467
0.3635087084579467
2.813819253997803
2.80410751159668
2.813819253997803
2.813819253997803
1.6074624061584473
-0.01176245492553707
-0.01176245492553707
3.4985278145217897
3.0982627868652344
0.8863482703781127
2.6491127014160156
3.4985278145217897
3.4985278145217897
-0.27650879383087157
-0.1765087938308716
-0.27650879383087157
-0.1765087938308716
0.3336068391799927
0.2747868391799926
0.2746712061691283
0.3336068391799927
6.5223176956176765
2.2806334143447877
2.8637382887268066
4.242039406852722
1.0845541954040527
14.098207235336304
1.0845541954040527
6.5223176956176765
6.5223176956176765
0.5045412061691283
0.5045412061691283
0.5045412061691283
0.5045412061691283
0.07676551148223876
0.07676551148223876
0.07676551148223876
0.07676551148223876
0.9485768435668944
0.9485768435668944
1.0520268435668945
1.052731012840271
1.386409556312561
0.4664703607559204
1.4913999754333496
-0.022645846549987803
-0.022645846549987803
4.035065174102783
-0.11250948905944824
1.4913999754333496
1.4913999754333496
1.0858081197738647
1.0858081197738647
0.5519364232254029
1.068522334098816
1.0858081197738647
0.13363361358642578
0.13363361358642578
0.942459511756897
0.6457681655883789
1.3284683777236936
1.3284683777236936
1.3284683777236936
1.3284683777236936
2.6671868562698364
0.5721704006195067
0.3290420293807983
0.5721704006195067
0.773633663520813
-0.23978957487487795
0.09536051750183105
-0.26693871021270754
0.773633663520813
0.773633663520813
0.8146725654602052
0.8146725654602052
0.8146725654602052
0.8146725654602052
-0.5102414846420288
0.6428956985473633
0.44848334789276123
1.1447474956512451
0.6800062328338623
0.3969842195510864
-0.1500086784362793
0.6428956985473633
0.6800062328338623
0.6800062328338623
-0.26011879119110104
-0.26011879119110104
-0.26011879119110104
-0.26011879119110104
6.52025032043457
15.04458677215576
22.181012630462646
6.52025032043457
22.181013584136963
22.181013584136963
-0.15168367272186278
-0.15168367272186278
-0.15168367272186278
-0.15168367272186278
0.16682120616912832
0.16682120616912832
0.16682120616912832
0.16682120616912832
-0.09507979383087162
-0.09507979383087162
-0.09507979383087162
-0.09507979383087162
-0.06356779383087163
-0.06356779383087163
-0.06356779383087163
-0.06356779383087163
0.38995278602600103
0.38995278602600103
0.38995278602600103
0.38995278602600103
1.4992541533660888
2.3969772869110106
0.9124304056167603
0.92583269241333
0.7493766307830811
0.7493766307830811
0.08250832557678223
2.3969772869110106
2.3969772869110106
-0.2613367938308716
-0.2613367938308716
-0.2613367938308716
-0.2613367938308716
5.200907111167908
3.408086744613647
-0.2876970922393799
4.985144138336182
2.394911778526306
5.200907111167908
11.660806775093079
4.985144138336182
4.924058318138123
0.35265711490631113
0.35265711490631113
0.35265711490631113
0.35265711490631113
0.9834912061691283
0.9834912061691283
0.9834912061691283
0.9834912061691283
1.8182651996612549
2.4223973751068115
0.19846689701080322
-0.15254989510345462
0.6972151600265504
1.692848563194275
1.692848563194275
1.692848563194275
0.39274767581939707
0.39274767581939707
0.39274767581939707
0.4445779944229127
-0.3138283336715698
-0.3138283336715698
-0.3138283336715698
-0.3138283336715698
0.28728845947265635
0.28728845947265635
0.28247931831359874
0.5535971418762207
0.17790273584747318
-0.1519378423690796
0.10421431064605713
0.10421431064605713
0.16744613647460938
2.134916305541992
0.6499565649032593
0.6499565649032593
0.6499565649032593
0.13612120616912837
0.13612120616912837
0.6412522630310058
0.13612120616912837
0.098854660987854
0.098854660987854
0.098854660987854
0.24991481304168706
-0.3147124290466309
1.5120612061691285
1.1272120475769043
1.1272120475769043
1.0522397756576538
0.7438712061691284
0.9151112627029419
5.097619891166687
1.0522397756576538
1.5120612061691285
1.5120612061691285
0.2981110443687438
0.3841503216171265
0.3841503216171265
0.4531017743301391
-0.04568934440612793
0.1035885047912598
-0.04568934440612793
-0.04568934440612793
0.9539942616653443
1.739918828010559
0.9539942616653443
0.9539942616653443
-0.3748417938308716
1.3677978515625
-0.4836829758682251
-0.4836829758682251
1.3677978515625
-0.05604379383087155
-0.6533507938308716
0.4193294048309326
-0.37188875675201416
-0.05604379383087155
-0.05604379383087155
1.1397752046585081
0.8263489847946166
0.8263489847946166
0.8263489847946166
0.28671606346130374
2.8376020193099976
-0.2405202544631958
3.070871591567993
0.700661301612854
-0.4379110546875
0.20219046340942382
0.20219046340942382
3.070871591567993
0.700661301612854
0.700661301612854
0.09601787497329717
-0.015042453643798859
-0.015042453643798859
-0.013383179542541535
0.04903989525222774
-0.02786079693603516
-0.02786079693603516
-0.02786079693603516
-0.2032929504470825
0.25736749172210693
-0.01529483473968507
2.087888240814209
2.1137057542800903
-0.01529483473968507
0.28329796691894527
0.8113087177276612
2.1137057542800903
0.8113087177276612
0.8113087177276612
0.27781351860046377
0.27781351860046377
0.3962524610519409
0.27781351860046377
0.3879605656433105
0.2025540463867187
0.2025540463867187
0.2025540463867187
-0.11750310587310786
0.06893502121734618
1.8553857803344727
0.3622097098159791
0.6209520687103272
-0.05561699027252198
-0.11750310587310786
0.43100523948669434
0.6209520687103272
0.6209520687103272
0.23554786429595942
0.19646431138610843
0.19646431138610843
0.19646431138610843
-0.09652365798187257
-0.09652365798187257
-0.09652365798187257
0.01994071244049067
0.3955430543823242
0.3955430543823242
1.1186599135398865
0.3955430543823242
-0.48582364672851563
0.29888916015625
-0.07196758914184576
0.45091697032928457
-0.07196758914184576
-0.14615768965148923
-0.62338011951828
0.3306608200073242
0.29888916015625
0.10931263207244868
0.10931263207244868
0.21704208850860596
0.10931263207244868
-0.16227347850799562
-0.13250312245178225
-0.16227347850799562
-0.16227347850799562
0.16294835994720458
0.0374732971191406
0.0374732971191406
0.0374732971191406
-0.2878558846282959
-0.26310098708343505
-0.3355080604553223
-0.2878558846282959
0.053025901317596436
0.17096172219085692
-0.5869564056396485
