0.4858063273308473
0.1781042466914029
0.0917687975938275
2.0444372486914393
2.0667685439112136
2.9464879518980727
1.5249449158087407
-3.8300939440502773
-1.5278601980059037
-0.17918835983978332
0.34455684349095084
-1.240355348664254
-2.505326368322359
-2.463334672660547
-3.0395000234928
-2.38069781476563
-1.3077012638830459
-1.914472159100315
-1.3668135425137438
2.8111842429550324
-0.7158304024996514
1.6875517702315705
1.9777997501752074
1.3040922049084278
-1.8566965303189709
2.798136621693105
1.5212615750420073
-1.6526223665182276
0.9963297786848728
-2.360294290459576
-0.24632083761499224
-0.22873611869273835
1.2250097149082961
1.2919038148947288
-1.176138948971932
-0.6240880371757367
-0.848108589186164
-1.7351933631973755
-0.04263769958308472
2.066698623415724
0.5768483339698136
0.20256183438266107
2.435900191426799
-1.4447732471020203
2.296040326957759
0.7175853184346672
0.44164578393871357
-3.1925235017891507
0.3061976496815963
-1.2642786694841088
-0.709701527721335
-1.8923504475768707
-0.17327062629484757
-1.2107686427111402
1.787565053754175
3.018611255526258
-1.382833466371737
-1.1716380150204098
-0.3721453216701064
-2.183188660029659
-0.9490922059849778
0.8800497333801912
-1.152803677924242
-3.823799951452966
-1.616354411465832
-0.5000989900631847
1.5499980186476665
2.1683969918214543
1.4257119050285527
0.06924047618033369
1.6871311337640258
-0.6990744864249834
0.11386432800164159
0.9320114543273933
-0.9534586527753621
-1.577471616839583
-3.0219495613749614
0.46399269080790084
-1.0838702007861956
0.011494764460652118
0.6797530381148965
1.1557157865608874
-1.2326962784296003
-0.875184442749996
12.026492198079307
8.381813609749463
12.435992580794059
13.152319544271162
2.9731563599585726
0.6225247145843885
-0.21262914020377544
0.3813376514811072
-1.0868979740555567
-0.576026504976729
-0.2080532500416774
1.041761962037349
0.3268784922862036
2.3634600871672764
1.1136263407342106
-1.5088424222094998
0.8226621333575194
-0.5725874367268432
-0.16990095111173864
2.057781603380244
-1.7548379403344656
0.13129720765614805
1.0561007114396377
-3.430359830663212
-2.5396224429136116
0.5069331169747208
-1.0184295765618034
0.5002724881427123
-2.3032365272192736
-2.572655466549355
0.6012044400497804
-0.9600418233407062
-1.4341696803659798
0.4299009315077071
0.0015027707591506734
-1.893294412198745
1.067579707265605
-1.568488915042224
-0.6652885413654208
-0.9308206230346658
0.08934428238547543
-0.017022767648541687
-2.6098211251782835
-1.032336053950861
-2.439243716949296
-3.4071862853813526
-1.4967206832678333
-1.1742687095715625
-2.0958158258895923
-1.264270359352048
3.625643570749613
-0.9040645048643463
0.696883016006473
2.284310790678339
-0.7589047339335
3.9753408913895623
4.851155955355827
-1.7028404209510493
2.9391301902112117
3.037645739221329
3.9954929501067666
0.614965903430809
0.9204291832598448
-1.8190590844888437
-0.6946805911377862
-0.9900790833300426
0.07836993253629299
0.7822964124737107
0.04742749030799709
-1.499589611899414
-2.0711610172337913
-1.1961143029645172
-0.09181731519770175
-0.9005075064048387
2.105413162045534
1.047050342116248
3.7673866538371144
-1.2151074206682129
2.1460563959947545
-1.3783677978108586
-2.017372732797577
-1.6092961988844579
0.5635049365314513
0.6899005244485666
0.416653861083743
2.0607756952443728
-1.8243675539147275
-2.6482653855384286
-1.083482479658441
-2.9379445977352514
-0.2827095575522538
-1.1228525655244543
0.6029043462272488
-1.0633117861417696
-1.1948584738381287
-1.9145917782607151
-0.29427664369680184
-0.38109045652517093
1.0284116845119822
0.9523540584464314
0.9287441101132503
0.4763780900735951
1.999483775240836
0.2826158415426341
0.015628373135316287
-2.0613092845066125
0.35545453894129253
-2.3094943573890845
0.8145161161283171
0.207052120516936
-1.1077852498785417
-1.235086173602538
-1.527597925200853
-1.0358994433343869
1.0936570809706896
0.9608030344000403
1.3363625045392515
-0.15985195368506644
0.3442409434518079
-1.833738036544494
-0.032438019277561514
-0.5598829721437221
-0.44358808398209276
-0.9821027268014128
-2.2769273373766628
-2.5519244547838325
3.6757094610278758
0.04152739568958963
-0.4855230312864294
-2.568532485822213
-0.571884141058348
-0.8127889097865431
-0.1166481708586895
-4.053787320463741
-2.5648090165038875
-0.0032160646850629693
-0.8881789561350553
2.481847603750961
-0.07898066428573869
-2.091133991342823
-0.05037501344753448
-1.6984253405136496
-0.6340565565425613
0.6511714669445214
1.1681544965376274
-3.670613471774484
1.902343050843936
-2.2463825289710595
-1.7318009112146844
1.7960689622871078
0.06685395067051814
-1.5976036787499517
0.5297562859026536
1.3241715022808078
0.4425984019558957
0.39038595286209166
1.612318682516971
-0.7933493030800616
0.553487098650674
-0.36964638614096246
-0.7770454153236608
2.6887519381259595
-0.6490656658682674
-2.336040002617981
1.8352183956662074
2.374347960776531
2.3865645294929814
1.129556793020328
-0.4442615085421888
2.64875387473306
-3.148837203448478
3.970991519488767
2.750486715254696
1.5234601245030681
0.36375392999182754
0.30679720784890185
0.3587522253132551
0.510619240848407
0.8499333709818392
0.5237663682943169
-1.5685392287686966
-0.5038278696128105
0.8930528464041928
-1.2962418254172978
-2.9790950623293706
-0.051525012060094966
1.1824968938364449
-1.5218039317268026
-0.4541802688003088
0.9786461572917858
-1.941602311458586
1.222985427169406
-2.188811407348653
0.41280710314489477
0.4108604763921646
-1.1971794259808521
1.2019401463819368
-1.361124246540511
-1.259745461715477
-2.8587790280134273
-1.0008566282081697
-1.9316011612624946
-0.10429148440045366
1.3487744736218257
0.9098369189860636
-1.1542042567017883
-0.07678482007662413
2.8443667558980663
-4.107385259060251
-0.7811868497543042
0.8401795569224682
-0.40624723849606914
1.505670759044814
2.1776608663331545
-0.45735149566215894
-4.78351192850241
-1.6547909546525692
0.2925209145272566
1.9178577272823998
2.5531664340815463
-0.256981499240339
0.5090220477616036
0.11583460525635503
2.0023277231460175
-2.9629780665597067
0.0921060785284804
-1.5947562758201692
4.3984304498921105
-0.43793244891599614
-1.0188605100837789
2.9867845868787564
-0.3684837784688513
1.1374885244267436
-1.8557108433281568
1.3426468511905165
-1.4428963336131178
0.14472883561204353
0.09434941962397281
0.19297585722183686
0.16387746399544012
-0.7526036585782818
1.0875125277684061
1.3955563713062022
-0.037647243392203045
-1.5927149244416254
-2.8457604577905307
-1.3550636599062402
-1.427845041468336
-0.5746249398618342
-2.2936742234587957
1.9068796303356566
1.4678519305208675
4.990305872279112
1.9523011952676002
2.743915779334887
-1.4036742087191891
-1.9116413720407177
1.2894475904156697
3.1997225794309623
0.8888258998563793
1.8281741323157614
-1.666243191635214
-0.7273875948707617
2.0087566501635887
0.7415993529402429
-0.17091415752183492
-2.748812862766679
0.4288372810848369
-0.17170913322977466
1.2391688454867331
0.720717287790141
-0.6630219280847927
1.2144096888486025
-2.700223388603103
1.0520243085410161
0.38540101840317353
-0.7963560314213902
-0.3377981063537887
1.1578815060029797
-0.1922229248336471
3.2054224512047766
-2.143158914000676
1.4558164523415296
0.6314447666783696
0.67334187801295
-0.07839891509353425
2.7687905257390795
2.634801450066065
0.032045261921916035
-3.183914149106977
-3.910375520485695
-2.5698333849424193
2.5363287248938184
-0.7122807970938201
3.01385396320599
-1.486147178970973
2.978024011109061
2.3294663536487596
-0.28332494654897267
-0.9988661141856601
-1.7903778564402022
0.2902686013313923
-0.009174554607481289
-0.10717674376976172
0.304718437097518
2.2911043321626954
1.2654814363177103
-0.3160774944056617
0.5854518764934281
1.201810353907209
0.6362225578884277
-1.8133110656476357
-2.6008521197105328
-1.3491912960263373
-0.7219729438934508
-0.9094223423439627
0.5118035972237125
0.6165245105430761
-0.06482093226547114
2.7638093918539623
-1.111321138073766
1.9415877939385076
0.038139430689056564
-1.7161196192805912
-2.7278686066645994
-2.263577994090012
-4.236703634429321
-1.0948625823641573
-0.9244859446559821
-2.2876375974411656
1.7076251008204484
2.468809633523438
-0.061041415467063986
0.8598605611879572
-1.532526568864613
0.4266860847905588
-1.150287284305977
0.16075089907093898
-0.15721332850759273
-0.8192295925876096
-3.4834319669031046
0.7697808735481179
2.816831766748142
0.5424162893451474
-1.8569648106238814
-0.2700406185434434
2.3263594184997443
1.5199496964217984
0.45113161164653337
2.231598188568202
2.0865563374877274
1.3296346682773477
-0.8001222497425111
-0.9089899653358158
-1.3105414060366725
-0.8188239773673933
-0.6221185777696125
0.7895721621602863
-0.36684549071637584
-0.29055580430704064
-3.50714026968853
2.4591798478998057
0.7711921092049013
1.110806246944528
-0.5418136147626801
0.4843171310725344
-1.3676934069098654
-0.17343392535616842
-0.41948837372116765
-0.704842321075871
-1.529124270726488
-1.598649490690514
-4.836727231256945
-1.5719059956637669
0.8870388092703859
0.3223148321087247
0.27749942122281945
-0.5287074617768127
3.9252362024484793
-2.5906625367095497
-0.4095981225695846
0.2536664688287147
-2.0510242385212583
-0.39491393210023995
-0.6717638246595624
-1.86271943912844
-0.9811027476057732
2.349171704353834
-1.1537125567063773
-0.8298511894382816
-1.7115874801192819
-4.207846038243808
-0.8332745278471287
-1.2689953452471607
-2.209869950655065
-1.5945442930009914
11.313506206063096
12.441100337419876
8.754888446411876
10.933509526323633
10.32474291847645
-1.5248953968209937
-3.4933551333519186
-1.9797747326385564
-0.9540971715487714
1.5501525089514698
-1.4023061258846647
0.21284533778650316
0.7304981834760667
2.246370732309286
2.6925355999039455
1.5736025502827204
1.5789992906698782
0.8054032816495468
1.8565743146704676
3.3979213391247542
0.7959735719781296
1.345255917058236
1.2507026796046201
0.18625758603363707
1.093276224525946
1.0075477993118016
-0.5269396516042155
3.384751741495335
0.860039394394899
3.380913370901529
-1.6595129592417495
-0.6065935169507908
-1.0866862908126578
-1.3166542636901384
-0.05804217701481651
1.2616266918600632
-1.41100794327551
-0.5775842464293226
-0.811864565417725
-1.3135319644623844
-1.7237351097076323
-1.1703493037186783
-0.5773802705667119
1.19354995011505
-0.06469357483954563
-2.136493925326263
1.0464195153611764
2.3683184532144046
-0.4972491049301371
-2.7467181517510135
0.7259820395434617
-2.987913976735677
0.9505297898102634
0.94776493171538
-1.2429431265959465
-0.09787161447921466
-2.8108242239321033
-1.4682034536419133
0.48793337165147554
0.22889244406254317
0.18795132344437193
0.5296192497068584
-3.296269371229982
0.4023771733745324
0.24638989743341
-0.7747867175277232
0.6573495357368695
-0.3061762231049665
1.4870337696273197
-0.15132629211700244
2.576301629878784
-2.1403730923403104
0.05190419421524628
1.021631473616166
-0.3500112942700504
0.01627957408627201
-0.29058122185892654
-2.0882650756395016
-1.6481685826655457
-2.734170895499345
-1.5548080768396653
-0.013980644977610868
0.7161826456052064
-0.5057815295853241
-0.29690471320244427
0.6777622472749688
3.7085157630805585
3.3904389774376797
-1.2560420275306967
0.48332333702943353
-1.866768748403211
0.37153056150244135
-0.5982629611241514
0.9311978370974452
-0.8450439456870571
0.6166376158553347
-0.5736638638136993
-1.1203130972285171
1.4043230501811723
-2.238483183421238
0.3318771201799803
1.3653691855453374
0.21612772035051409
1.3767942352489448
-1.2532124272628202
1.0075373463103152
-0.044924790701706296
0.045396602306815415
-2.584247584706229
0.3098143160388124
0.9071640988848169
-2.3188935561269997
-1.1613396037182195
-1.80255709369953
0.029216356755909834
-0.20653815664767583
-0.010088706137311498
4.010549797748421
2.565845869586563
3.888290507689881
2.802905991796501
-0.828605458393356
-2.675781238122663
1.8189357255311318
-2.124808270356378
-2.3288064819661765
-2.9056700139128644
0.5015544408853597
-0.4770199366431248
1.2955918893567664
0.26578804255425903
-0.9341541660238037
-1.2192984774984268
-0.5826054010394559
3.6174761766620973
-2.2416929539285975
-0.974633112812191
-0.914628008639504
1.6027795888934757
-1.4100180585249706
1.5259834090049706
1.4716087726723597
0.4467841164663401
0.6425949412725542
2.5385280605952802
-2.8783118566411794
1.4341239489884159
1.7190382132071065
-0.9169859469923202
1.2371044437697902
-1.4183023080662207
-1.6842121088092759
0.17414369498490578
-0.6626775644656147
-0.8079995304867968
-1.9417089677792294
-0.7421305060372079
-1.5502192362202243
0.5929203451927301
2.0848263682884935
-0.7295225943737544
-1.3769154702190123
-1.8182046566353933
-1.910078531997247
0.056894216923701224
-1.0701512980487835
-0.9682051841472439
2.3583982130787566
2.278902282340694
-2.0421297855634273
-1.4592458117266913
-0.5807869827246613
-1.3909905137812237
-1.8829975123123561
-1.30478655109163
-1.1714204198797882
0.4980637195698894
-0.7618177105022239
-0.17641268062537452
1.7780736505323291
2.943346941787583
2.1872352739538634
0.4050627534355249
-2.4379028418447306
1.0238431820027811
-0.9855485840281246
0.19116712602513375
-1.4252496022962369
-1.3439316474699545
-2.677491661408578
-2.6912457852599734
1.5604819879953986
0.12346497029950199
0.7568248213412582
-3.365698819160327
3.436509349450299
0.5982238096656646
1.6385142343220274
-1.1288536525311494
-2.0081323080539466
1.4622919735438467
-0.9089341550987211
-0.5617742384462663
0.7115814660979858
-0.3695252238567104
0.14071929857757492
-0.5932269154892884
0.6335259104885496
1.773130772666706
1.2530108298071683
2.984961781765772
1.8170618757528687
0.04762259126782231
-0.17852492198880743
-0.5679691630578292
-0.6204055163436979
1.0205220507036208
-1.676900220014296
0.04390517245310077
-3.083705855428189
0.8152754310324399
0.5584330761393237
2.294712424052146
1.441500270626321
1.3799729727436822
-3.5827452594942244
-0.41003489311393904
-2.2321007878994608
0.05328877022305156
2.1152573709588927
1.2532329858177564
-0.0165058538534939
-2.987247080963705
0.9689486209880166
1.7112949290784663
-0.9761690257918366
-0.18870767291325952
0.0238517375878472
1.4110405309856555
4.423494562562633
2.3537867421974417
1.5738025685208754
-1.5927708948650792
1.9656211084400406
-0.6398920813500646
0.256267810289997
2.026381466119057
-2.3252721876830473
2.329596454242117
-1.1500383804567766
-1.2874415290020735
3.0065255321802007
-2.327192114601167
3.0577348466656322
0.8026477961252572
0.9791049455665941
2.965379498715043
-0.9316463008571789
-0.3196354205491718
2.5388230538223264
-0.6916771211848298
-1.9975268145863265
-1.1048312381759446
0.9427224496954094
0.09953785725344444
-0.5699448296562382
-2.8095648335508745
-0.4500459717054852
1.1030126632188066
-1.9316645264539858
-0.5762564390598328
1.8013924077719743
4.142301854431433
1.915746516612328
1.3893766872524675
0.46293836456269477
-2.7617183592665793
0.5346318705526643
-2.2764350582009514
-2.6760050787916385
3.2345285487873934
-0.600458579390009
0.998626169139988
-1.553018739165041
0.9021139196109794
4.82205683115782
3.5920064202159248
3.7960135117235185
3.549611403424628
-0.3475127736690211
2.60102898263466
-0.7436179009843955
-1.0269909789725342
-0.8161009092438398
-1.773299649940144
-0.9296625920020174
-1.4179534969550813
-0.5810393899101916
-3.0341733305768974
1.0104261024029777
-1.8611155108446553
1.1154489374174608
1.5186971686053599
0.9104972119994506
-0.5764096229392466
-1.5103582339754125
2.022282852468836
0.048100969034218455
2.2994494495281117
-0.5244299211499448
1.7451620359663438
0.525995856282319
-0.47680553963698247
-1.8773564045363607
2.5971359667774587
-0.2563202987518989
0.6447749771176212
-0.870008568372528
-0.7056461221162027
0.8656442100841358
1.9392288528566013
1.7164933527210249
-0.548536211497358
-0.13319623490871416
1.3657646616058439
-0.8074013696218122
1.6778199092858395
-0.4048492162043358
-3.3195443076841755
1.693872275880515
-0.6759886109591351
3.8089316980904586
2.7674129336334485
3.2990431362817905
2.1731865391166973
2.347894868722439
0.9824206680774703
0.4575694116014075
1.835026784413174
-1.6547226963224149
-3.904803851018398
-0.2477799898150832
1.2801242001097672
-0.3449569783383917
-1.869686548150483
0.4484011591776573
0.9085920267645775
1.998205761821239
-0.9235464982453765
3.047007143536791
0.6247172670490586
7.837277645209148
2.840343520175928
4.545429193321825
0.8013243477953651
-1.5092304332941566
-0.32505906966946374
-2.4270869101068473
1.0161951140116523
-1.7319513942286644
0.1682750564139921
0.22609066283068946
-3.1768002510698743
0.749017005195675
-0.26125337819126715
-4.4629980233406625
-1.2030092242047692
-1.3155203763775374
-0.568589882405163
-2.822147893268629
2.4429278147195617
1.5385236324079234
0.7107242103999577
2.2757612725561462
-1.045384022511795
-0.7692906458478435
-0.4609999525393689
-0.24788573038952877
-0.1878543538824613
-0.5167951816560992
0.8908974841491867
2.9905061876186574
0.743099885057471
-1.4350912410526404
-1.2348599191142
-0.6750837782883643
-0.4365385816913272
-2.4437666772785005
-0.4482000766052736
-1.7035656222740974
0.662899736700909
2.464513136667466
0.9875453525935936
-1.8231524577426725
-1.553870082509278
-2.933233533307216
0.24003678847231424
-0.5892422377635496
0.6618342059416975
1.980142936307864
3.274348099948958
2.468044669571279
-2.052817791538704
-0.6672266244689782
-2.118176615792531
-1.3690446133425098
-1.5028904546626762
-0.8413151675246548
-0.4439505149919163
3.6992610743883296
-0.9542674444539085
0.012213980429867544
0.12810111350314357
-0.1639648973961434
0.23566102671249456
4.2936970439583835
1.2912542513345222
0.4707899600599055
0.8918887238542603
-1.4587703381032835
1.2474963749076609
4.8027254135363595
2.8935012501545567
4.176540270680959
1.9262057935278345
-0.7581575354803435
1.2822903061793078
-0.6568107611779803
-0.15782099344563005
0.9966411639072632
1.0446009433355803
28.020752294773118
-0.5503166694942982
2.2842804990639416
0.7405238799944487
-2.228327904934674
2.8669190325747174
3.7955740706084833
3.216465572095876
1.5224419384988204
2.1421602343840633
0.5667466027449986
1.5681390426441297
-0.840760297402336
2.499217460468562
3.6244251201605495
0.7564229543791985
-1.467145540831777
-1.4053167211879574
-0.7644656250499656
-2.6848596588319538
0.19786305528283177
2.783629829978383
-1.052981992418418
-1.8562717253318448
2.9229836111807197
-1.2858602270095627
-1.3850455504607044
-2.7741814078284555
-2.2095619900568013
-2.069347604592892
-0.1475409876346261
-0.013690824124815926
0.5031137295903938
-3.203795806014547
-3.659845572575576
-0.726231504787014
-1.9642112715358009
-0.37824685797713586
-2.675034153963789
-2.6234988955381593
-0.7532873441268289
-0.8107635748992235
1.0848345409953253
-1.9077623082203745
1.0926209335692745
-0.8179798563919272
-1.2961157957672937
1.4836831972134825
-2.4957155600787098
-2.525076392566921
0.2699287130517103
-1.1804772617178525
0.8251260340741194
2.2111423215461024
0.6799186019191176
-0.10861293084170831
-0.41179544216357766
0.40813573540572157
-1.0283485620017316
-1.4352024826664849
3.09877099761539
2.1838973832912125
-0.48576215036248427
-0.45092305406260835
-0.10813219453657608
-0.7355973021968093
1.665672094109266
-0.09605023771957999
-0.7036078040818232
3.9176864416181303
1.027694172277972
2.1801981336625724
0.1605773844043319
1.3029224124607786
2.5871262977409293
0.0013545739500551157
0.10035249592300532
-2.7207349139027954
-1.4130349758306615
0.7854561716962634
0.9961583355409036
-0.8254448567420021
-1.1900514427570639
-0.18028864956234691
-0.6008800504107208
0.8441559512235808
0.7372161649155134
-0.3885700143563793
1.677015267507148
-0.3017664186332254
0.5750347265609566
-1.9060390813123331
1.620441263494282
2.5723942435656815
-1.0375175550758682
-0.25298381901275935
0.2775948512067732
-2.4726500711787587
1.230627818417415
2.0067978688378028
-1.7087798404111876
-0.08525009009042117
1.0116925736173048
-1.6472873062114446
2.5493158815995804
0.6312897835174702
1.8817277636940268
3.347797301607668
0.895693260001084
-0.47403651823151416
-2.56769289178708
2.581624502874415
5.658288862421497
4.049245743844216
4.453629577277494
-2.019649542741037
2.159913266501337
1.8193763659182562
1.6907258437488388
0.7688233212800862
2.3203875886428325
0.6052610179421525
-1.2162458647846561
0.09320283735192825
1.7797078864768645
-0.18029927176900062
-1.112522968435556
1.4961218817510198
-0.6882007441933958
0.40179025654610334
3.593073140885402
-1.5916899049920814
0.9431935536254501
-0.6899106623966819
1.3994679882248038
-0.2168520556108846
7.588629864482458
-0.46970985995938586
-1.5851152881695563
0.4011466249300152
-3.077507358579955
-0.7853750157457706
2.331065416688504
2.6105321005496505
0.10547961312118659
-2.247436798394739
-1.534666173102925
-0.9432090588360964
2.487821935227051
0.9188613615876471
-1.8235060263786353
0.1548172999401689
1.4640870994653246
-0.2871595000444134
-2.8606165971772057
0.47678723576032933
-2.0019830399746352
-4.313230759424432
-1.0103000138257863
4.164743127009279
2.048690436128307
2.1657986183458817
2.8782461249442455
-2.2704432537617962
-1.0391773971058371
4.823647409056932
0.7625317474522397
2.1847885128929763
1.2172132153729034
0.15499724200450626
-0.2684772121583563
0.7506411335465003
-0.5820778219041911
0.47670054815381024
3.1071081185772216
1.4558780671282174
-0.35012870552343894
0.5447279616147804
-0.6853278358726124
-1.5444312934774618
0.8479547059102198
-2.02396225456606
3.039476155622139
0.0650724771734994
0.42834170876583255
1.6445721452022672
-0.3254335897314986
0.7163581558959112
0.4603888818958253
1.6819595557784845
1.0570774992797531
-0.463514601058058
-0.25668138520140593
-1.5630389596124803
0.15338010766903454
-0.13966675984831212
1.4863832216966288
-0.27510774880670574
1.5991736005311212
-0.49275780787119816
-1.1431906925586337
-0.4684275561276616
5.569019306414987
-1.2885763127784937
-0.35238345641020463
-1.900504958001961
0.7468733783653089
0.5232237464465275
-0.2013558386385339
-0.10550260085992735
1.5427245445139144
-0.45613790025764045
-3.379269081659766
2.366667628591391
-1.1043596082953928
-1.8031112220776686
-0.3777594573326917
-2.187476767463352
-1.4927295674262697
-0.12191242277439329
-0.08320623276351014
0.13161541661543308
0.9029043580154666
-0.26301379157123783
-0.445592929262829
-1.8874582231769175
0.9127821524959299
0.9511247940344665
-2.1004227118260306
1.4308770966686026
-2.752615169757985
-0.44700668101490915
1.7436625593840047
-0.6518258626756386
-0.27307643161780004
-1.1728500545016933
-0.530619725779989
-2.718113462637872
0.3833016415968725
-0.7768061174307628
-0.7953295748734803
0.0009189548971394457
-3.2565999201970364
-2.355098983250608
-0.3264326506660157
-2.005081454939857
-1.078098467007576
-0.581191584676108
-0.043562534156964206
-2.243029482563079
0.831640349744047
-1.4278647021658468
-2.154639724395878
0.49475416581454146
0.7680718638669346
0.8168325092542723
-0.7374472408485873
-3.0714923850905533
-1.9062059316347097
2.365230174768094
-2.031029249136305
1.6027835190914712
-0.7600975835435698
1.1008143777618102
-0.8548966134905903
0.6210908115688395
0.31998583436850303
0.8470862789674475
-0.7638930315505431
-3.2532982437910882
-0.7835745896403377
1.6442580357777306
-0.29430981005027934
-0.6450480760450843
-1.9589538364133867
-0.5229046050011827
-1.292867971801333
0.8497711452039858
-1.7235351356493038
1.2807592458324373
-2.4106024489773406
-2.677658303577509
-2.4107411335011877
2.0042471389065457
-0.7570129931190435
0.7415953673245446
0.9357758324732075
-1.6753540754167235
2.423414186177544
0.6894895642424449
-1.7333800180478836
2.465993935292377
0.24635160042601778
-0.9005577960537934
0.025955328277239453
2.4964336123190547
-2.3855288379395465
-2.396036409074982
11.206007139522837
11.571639950213372
-0.7311211611289791
-0.03881461021631605
2.3990169612593832
-0.22375488899330176
0.39561265359648023
-1.0074532477414073
-1.377945371649775
0.2724520318954132
-1.7967524921923397
-2.003297931673936
1.5938056554507345
0.20821343616582322
-2.923905350693004
-0.9445718726799519
-1.2315292210841147
-3.4301309916045533
0.06931163296233445
-1.1477709272091787
-1.9592945255782785
-2.63069327514943
0.06691164310707143
3.329601894972736
0.26860218064051733
-2.6390338398817983
-0.6772534980530067
-1.0046910897628547
33.536023173457146
0.0560737117859077
-2.221141324003366
1.3175742838053006
-0.17469375996699932
-0.8019986578949552
-2.0284989928723793
-2.3113166447298683
0.057332420865508715
0.6137623397889194
-0.44774038033724284
-1.9960066208805909
-0.8523528898853527
-0.7170579215814769
-1.4708729228194222
0.11576188098715834
-0.4705845129331967
1.4211359725118704
0.5706580278777884
-0.21673973112586986
-1.5585458367533906
0.6580174920951145
-0.15167011895145366
0.11221589352048866
0.48456652375743303
-1.6885599501936301
-0.04676143465088045
-2.298121193695663
0.1094826042311311
-1.8745398497258963
-0.5289514719993154
3.50061910435891
-0.2736430691945675
1.3881832762057995
2.269754949006771
-1.0654510757565772
0.8890331346630006
-0.6936322465965596
-2.362786684223064
-0.32618515895165057
-0.3828274482478373
0.9985853575513471
-2.6854170381977007
2.151935849556232
-3.2255059852855954
-0.7998308758831016
2.4722906061966223
-0.03852463785270355
0.8118408469091575
-0.39279975600085404
-0.03485465350601391
-0.8337555346656685
-1.1422037878036493
-2.8152290937638593
-3.1344068464829427
-2.037630280094182
-1.1803245689870656
0.9280793746290623
0.6650053744590879
-2.7232294701675204
0.564129754848054
-1.7113188549419798
4.876762720839142
0.0034943581083393127
-0.7977898179561602
1.5059142742516904
-0.7173412206718347
-0.6604755550835824
-1.3844467078244802
-2.479691208630579
0.16954925737022652
-4.273164420095286
0.3272236500869701
-0.2336876268338407
-0.01892288065974479
-1.37605236089028
1.324093866330529
-2.6788467912288554
0.16843362815678886
2.9591966987188796
-4.220710417928876
-1.0817609110407171
2.259825581452776
1.201215072480973
-0.07017884017598941
-0.2936632068830156
0.1783711292485285
-0.9623522291879131
-0.0660154046388941
-0.3721854005654852
-1.1729677432081802
0.37118637063950133
-2.6223999489853553
-0.4194448960990008
-3.646190815439718
-1.5829674723390728
-1.2569249744896238
0.26923688568899107
-0.5445192665919286
-1.1467751832474309
-0.4482134018181505
0.7753569379120121
-0.07226948566672675
0.4764483957904124
-0.755256924114905
-3.0447353872667144
-0.9233019975783573
0.6147521980066285
-2.6560335880283232
-0.7994930480435445
-2.412673521850884
-1.5220855398792832
1.4238020286678643
-1.7324996526180598
0.12119939524790713
0.24830296938011287
-1.292046467239662
3.0100076359091275
1.0318402607631763
3.7666099591803333
-0.5269121755471557
1.9386128294676666
-1.1957116443255669
3.159788938193057
1.4032230217589798
-0.4548300660276814
-0.6552032930165481
-3.3293393570672385
1.2501276033794897
0.8497277662106095
-1.3191607956577682
0.5063867120177193
0.1262257277316089
-0.7976933618877992
-0.5040754708166831
-2.4251394734344927
-1.1515770465396087
-2.121730129982415
-2.6583520400493614
-1.9262750700601599
0.2333357759507162
-3.3916406270866926
0.656680674922091
-0.914347702672055
0.7684722402307629
0.0356436908423825
2.6303041202499324
1.7829226555831312
1.93462479437469
-2.759605862317832
-0.8602011394768174
-0.4255722708684093
-1.071830867056066
-1.7237565113538085
-0.7630471492525639
0.9418976443100797
-1.4559803885011648
-0.11850139027483686
-0.6988407874356035
-3.0796881457193743
-2.46019446744895
-0.24862059587410323
0.63074571437953
0.008109455581800318
-0.48913298916071013
0.5253755976784651
1.8139939466765984
3.162795430270667
1.9826733225005264
-0.21674466935512493
-0.11199032682639443
2.56512711854025
2.274655464818044
-1.459947292942703
-0.09931768741709901
-0.4243166458399964
-0.5103242812381064
-0.4638331722758408
-1.2257800745859613
-1.0235492170753133
1.3749906073738325
-1.8014493962402303
-1.49403248790054
1.7980721580873535
1.0660832659160484
-3.025786600525161
-0.6554047151746785
-0.729747161462729
1.173155173827891
0.5574897322626713
-0.6419708336203689
-0.6150488456417191
-1.0741865094761462
1.141420762562793
-1.2842253985008565
0.5188715731854758
-0.774217843206002
-3.1923870497304794
-1.5015532634491862
-0.8257018751080875
-4.094330720937156
-0.4625238927477574
-1.8116221030409365
-0.8665695800387679
-2.5174840326280403
-3.4163711672654333
2.684733049184023
2.9113732467407054
-0.2575957178621262
-0.08218426553725089
0.3931105099661638
-2.566782110763312
0.6790810903397997
-0.6440551063491065
-0.12280544466044385
1.131107648921617
-0.5846539964871609
0.41742528843974924
-0.557868222448142
1.5443671205050067
-1.0900509486546357
0.4875855442646596
0.45235276695095245
-0.09555005366223535
-0.06610835289406675
-1.0522719634654272
-0.7580438335602137
-1.4531440241042375
-1.3328930087042279
2.6029969759611435
3.305925114576526
-0.751883122137476
1.1868796678128555
-1.0767510617625304
-2.1120097892411556
-0.9692292724594438
-1.171996709512262
0.18924283298535438
-1.9954580943841764
-0.9987503754145959
-2.248363456967623
-0.8684590615980525
-1.8733339450114497
-1.096097677848832
0.6262204602434133
-1.6036369141276938
-1.127661320371599
-1.73643346615486
-0.6014617501298647
-4.221662154347119
-2.384375616658274
-2.623495635403131
-1.7219777651529378
-2.111650442655439
1.2763925912992042
-2.018639817313678
-2.9036649909498795
-0.1447786879763714
1.3127016084839545
-0.875316268492103
0.5281181696876329
2.2176810757317917
0.2538564900843089
3.1327347451425527
1.0074978140104824
-2.320899037913575
1.39644888112916
-0.34781724549418414
1.374766334300558
2.743130992189345
-3.2152080509254515
0.9999411030319336
-2.482772990354169
-0.46144894073123566
-2.6006816550884
-1.2640249791308187
-0.8207710549888794
-3.132757986538028
-2.5175595311853556
-1.3890403680149337
0.6370374128134115
0.562003617605221
-0.34593645127899997
-2.5038260420353033
-2.09193173740603
-5.157379164556877
0.12087506153062133
0.33005861209983145
-3.0955270497295375
-0.6518031454227293
-0.2729819676424834
0.7925874467434983
-0.04873501219888865
-1.4669197308975992
-1.9871757033591346
-4.523063658976575
-3.5934962450037986
0.7744177788575701
-0.582266480332597
-0.7785815972434662
0.8803597907068106
-0.013850587199984221
-0.5662415357861805
-2.491474062888688
1.574050780385769
0.0886151006750463
2.625152143428724
1.4949755443950283
-0.5606392557002087
0.14298830275697816
2.148012472300744
-2.027715559213351
-0.44686058856611655
-0.4165814817559482
2.6198397689595825
-3.3208586673230487
-0.041176182431061026
-1.4848937167401401
-5.044075547205728
-0.4141794296700463
-2.2836068981034816
-3.433367045487715
1.4632942329810978
-1.899103754176969
-1.6097798974164323
0.91372607652525
1.3330796052393794
1.6405731773152394
4.285870657093441
1.1839020047154027
2.0783559202338364
-1.809555514025015
-0.3919271556587942
0.13016059934326196
0.8423312917699001
1.1563191313236387
-1.2866259298497207
-2.275314859600007
-0.814597904476257
-1.4811605223927504
-1.7833252928584074
-1.3590717465763928
-1.2788844067744796
0.234983937342796
1.0402896877023897
-0.10728267933572244
-0.8193299111437928
-2.1607174958144357
-0.5055626926690913
-4.131069771723219
-2.4212495718001072
-3.485444334351155
4.41990471718964
1.19967575322422
2.154724748723128
2.349546267451439
-0.22398361819731993
2.1927714200764234
-0.1185123665603317
-0.8454640088335054
-2.744997516124462
0.2107442521432984
2.113790521068144
-0.5468659792182802
0.675138157422299
-2.490820556959046
1.0128170744903673
0.777781123937106
1.2249739574582306
-1.5407549280487334
0.6181729501523987
-2.074644869504114
-1.28709786036361
1.0298106824699207
-2.5257435419730734
-1.2379818770543691
-0.20620928377677783
-0.3523045269469337
0.10408969484216846
-0.6004632220935214
-2.2237797593051174
0.8372475773184617
-1.6298719574643918
2.2032756274657386
-0.22088061178821672
-5.18685528057498
-0.6133099935964863
2.3088936257077837
2.2166256867434937
2.007248858334675
-0.5306184066380113
-0.7175158082578377
-0.39373898186456335
2.199855459467953
1.8908222795433256
-2.6056032913019447
1.6404817209580291
-2.149128513013309
-2.250258046464471
-0.8548547758143137
-0.4548793366762284
-2.628155569681908
-2.3495368681082316
0.3169163828641913
0.7101307521354914
0.6996232594647475
1.1354962005145048
-0.19036207870695532
-1.5175914606613743
-0.6665838477623747
-0.6005548410920454
0.9257188547815629
0.15276349861972016
1.2334492652231435
0.5872641133732396
-2.567575010390926
0.965910430680378
3.495704711365617
-0.7128840328129371
-2.1651764409886476
-2.8048165552468145
-2.499575061461641
0.568344147058886
-3.4481055321756493
-2.7288847225239596
0.9730030752300309
1.2929680168975568
-0.12444050750132896
-0.6027401665018329
2.8897380657147616
1.2497844922254542
-1.5595561365414734
1.3853132306711697
-1.3352292470421672
-0.03951052979559422
-0.8816179516572489
1.7013134232478817
-2.414440278237345
-0.21266283626462945
0.3081776474696134
0.35647810494125376
1.0405618281619016
-1.0492165294120133
-2.2975387309507513
-2.8574962137429494
-3.2094797179134265
0.1950957030257603
1.2551259215105008
2.366600713575585
1.2571824725392013
-0.9216775139214621
-0.3255733470568517
-1.3193457337056045
-2.068880961958464
1.2106038341902403
-0.5465074417522873
1.8223415634901934
-1.091750196262692
1.3798424683711201
-0.5504817116688837
-4.360881436704562
-1.4201778002544756
-0.8675044130443492
-0.19178386395057023
2.0191004596862205
-1.6774617377589762
0.9823563936354538
-2.4512989082734395
0.06099168603707439
-2.7048876613013024
-1.0857600328238135
1.6438614976233998
-0.036230572170923514
-3.2024578463512374
-1.9675248675387178
-0.8304345254365995
1.7921816646810695
-1.2305554950991011
0.03136617421945531
-0.7257921563819958
1.6157154023624698
-1.0568101128407756
-3.256685716838601
-1.2234530377009096
-0.39988266836239805
1.4598211137978963
0.49655524279910945
-0.02952618939488838
0.8150776378776183
0.08847903982048588
2.8425715720782216
-1.3460742411725075
-0.34641793458796233
0.3503502889587513
-0.5948493828313832
-0.7416376396987043
-2.464592951085232
-1.1699626487106798
-2.527959117684152
-2.3288688794105212
-0.08026958721531219
-2.0875202363269416
-0.07846644029469974
1.3028664151284641
-0.47553000255826205
0.22749467300138404
-1.8241604592938003
2.1669491713128033
-1.7452191627070466
1.6202917893343463
-0.6223517984907645
-1.4014758927591648
-1.8368346169158807
0.5111495789900221
1.243468418488236
0.5263378744094386
-0.02360961882683088
-1.7997320948800932
1.4857310020292465
1.349414487183319
-0.585532418465567
0.45686852899953556
0.6210502028630612
0.7560745099631434
1.413560947274636
-0.2922448164237832
1.356239273166901
2.3825348161588358
-0.9754108807239534
-1.96038880290878
-2.4633674012417717
-2.0587131883232725
0.4935912463553441
-1.7188608571288144
0.15024317745594928
0.3514294605247803
-0.3251766393095925
0.12026101594044736
-0.17414378390626817
0.2220534105863584
-0.30551619004712616
1.6594973869612204
-0.16447559670674883
1.1258040349883216
-0.70511363552002
-0.34508979260744554
-3.1243275512343924
0.6640653191001075
-0.32794435313922143
-2.4810279347331634
0.6297062884439615
-2.825728619754443
-0.49783295973565345
-0.9269472546124239
0.9072785379741433
1.78888212322101
1.5021945360423121
-0.25351737839747557
1.02022996240534
0.41282788211015686
-0.5695991103205822
1.9448503481332393
-0.6094906077773969
1.3797074255907888
-1.127696166423892
-0.9747928696421027
-0.08466722450008601
-0.16797689974181274
-0.15123422436229195
0.7790196977981838
-2.3878442448002795
-2.8301996107944696
-0.7907341709754665
1.0306481022044436
0.21130140204175496
