0.8695700232927551
0.7878495571547943
-3.2187808596417185
2.788609442381244
2.4081357738585263
-0.20874867251511908
3.4266336910256463
0.5427242775233391
-1.265003830405384
-1.6551434003802052
-0.3197883513405203
-0.3565078920652446
0.0979226918418672
-0.35875946275476667
-0.4066125174620362
-2.1044991659710313
0.47500611678285665
0.9634517983469832
1.6881525060831024
0.12245136621603692
0.04325219755611176
1.9309749616661642
4.217082259332735
-0.3138005859632599
1.1724099477228704
-2.526053317301234
0.2930602083378345
1.0792532080604356
1.3757206115838232
-0.22223151566413613
-0.45832119632518664
0.7381915667912082
-0.5603790401117257
0.4048694075836283
-0.11934303325308138
0.7834765408311688
-1.7416368309575652
-0.9020138593274075
0.05883139866787268
-0.6960618468593682
3.672674628113983
-0.2209836750132832
4.320387842562776
-1.2937827281227197
5.245983307937481
-2.5626545591955354
-3.0563241357454896
-1.5601808023669965
0.024783779085189195
-2.834989731709812
-1.1198275278739445
-0.4703397061033032
-1.6973966401111484
0.13077751039020935
1.7884569248373652
-1.7618289860365106
0.4430666503926335
0.6263420537280904
-1.7942395431046685
0.47529048041173594
-3.969079098732232
-0.516191152344638
-1.5299095324385146
-0.3966115420745223
-0.46815131832764334
1.4412449998915366
0.04734393673997017
-0.7590205825845802
-0.6465941300041664
0.2967081699454124
1.8937411496033214
0.5941688236543254
1.6530022287873338
-0.8127900662149081
-0.6376472631716892
-1.359134151249072
-2.1180465945004583
0.30226909889855413
1.0088734466170364
0.26055824920828075
-0.7640212099580036
-2.453352174217547
-2.655565989220878
2.494604901173635
7.341817494744662
11.133542088609035
13.031938349408309
12.864351360701583
-2.2456084872389033
0.6289394719011983
0.39348068854413343
-2.0212897088097166
0.4609739309090929
-1.0875734510526964
2.316938282257772
-1.5347717268235606
0.021337329962386242
2.888913196327942
0.962823549776898
-0.09018958755535422
-0.6359787511882362
-1.591242836289298
-1.0761110190207264
-2.0702681343490417
1.8678559896274058
2.336449324329371
0.33730165932996625
-0.3558130292361815
-1.854802576443674
-1.4930318868196744
-0.4546173100455191
-0.2290183585472847
-0.318606241119907
0.7084957241563831
-1.0805826657304092
-0.2187385516567495
1.0808476914065743
-1.6674009241168517
-1.4997397124706866
1.9541715824879748
-0.30247482037826745
-1.5509085597512264
-2.2511461681256524
-0.859452830087565
1.0371746095631695
-3.5680137232885714
0.08457775112888724
-0.2660569420662432
-2.146533743403185
2.659380248319276
1.1492095731362193
-1.252121176421325
1.0644230322467652
2.162435807147629
0.3440279757683151
1.1897193413874538
1.6957494486255569
0.06134620849112293
0.42150555093484876
4.420807317886039
-2.448744491322026
-0.26664561535340603
2.477106715628046
1.3749962712893313
2.4216661047214996
0.9097790699509298
-0.446410383597176
3.1577325442175423
4.568065322413024
1.670273517183255
0.7318360435980571
0.6808380412922144
-1.426901458865693
3.2949660435090893
0.582763877703342
-3.1372360557144905
-1.3496766677267584
1.845374417230897
1.4463109721278518
0.3049151346450638
2.6133972188536774
0.43145811244942567
1.2586008491221174
0.6745862532522803
2.1994018091627456
0.4971987542121532
-0.24019945430741463
-0.35400540513401313
-0.09225552369912915
1.0160050003797612
-1.5060991116391174
0.4268985173743859
-3.4614723547648825
3.8333537633448382
-1.289847429882052
-2.1996157018939164
-2.1164510266868364
-0.8631415520472988
0.9260458955987981
0.8828562452338732
-0.3761799745605974
-1.784299899483873
1.5543808641461316
0.5365806371839185
0.13169987839034036
-1.7721126369281484
-0.5534509104406287
0.392611568844608
-2.364910894017906
-0.38452665984213774
-2.83531188713576
-1.1605679568700151
1.6658593545255571
-0.05951519088308288
-0.33315778564439313
0.876800387698764
-0.4049267059776671
0.7595971709163505
-0.1176163921367579
0.43796707404132207
-1.6441420248082226
0.9941138468120421
-4.183699258346045
-0.5453829970242754
-2.7848869670690677
-0.3290739191776011
-4.5632608989230405
-0.9629088866020489
-0.273099734842011
-0.37917502219948124
-1.2606544340482164
-0.3946320448155596
0.39065271545889557
1.108003592634145
-1.514792357906952
1.887684715131859
0.3736483562502928
-1.4421792244456366
-1.5187805293923629
-2.8968236483822065
-1.6441891660687746
2.520630000018027
0.7309196205148841
-0.12086992376233563
-0.7401569905200964
2.1610757541775065
0.22261564802359923
-1.1371306533884358
0.6096454399951067
0.9958491705347559
-3.377674408281531
0.7727549403196757
-1.181558871314162
-0.3053791868845406
2.153286533997992
0.8104409620739663
-0.8645467196060248
-0.3464618055989568
-0.21147499413906168
-0.966349635563958
-1.9887212967800991
1.1229623110616325
0.2325654777614503
1.1077408212501019
0.26391574239761156
-3.687484136890154
-0.7634535942946132
-0.5712897274873594
0.7388433927982945
1.08839716033681
-0.4003329569037728
-1.4513071257056858
0.8628811422188074
2.718717211604242
-1.5954882769645253
1.3945758989627073
3.1480140596675517
-0.7223344704504471
-0.8150719954841379
-3.0426415335759636
-3.0063786993052863
-0.5218994387352021
-3.3692650749264237
-3.166147694335047
-3.5936155991986967
0.5921966178436942
-2.0136323805268077
-0.8104716260246432
2.2006805803135165
0.07937051237993076
0.11084277458602543
-0.17319886668983964
-2.0544692348192632
1.036655424530681
-1.408280637442132
0.9214454836029431
0.0725139770253258
-2.080878683455124
-2.927900748102851
-2.4655500636070067
0.43732482679292295
1.9761581664598702
0.6357668847362855
-2.502967541528434
1.0417438254472993
-0.29765904143510413
0.47688463733839503
-0.10485057520392194
-1.46127135886675
-1.3605433933526223
-0.2739374303904548
3.134926269667221
-1.777601431738487
-0.4849640951849574
3.8126301603072736
-1.3852663347443386
3.4117419269834475
0.36645410894423014
2.7249573241534066
1.942596436435432
-1.9625861153095974
1.107423700172461
0.88886185340324
-2.670026437635305
1.9440879020096962
-3.1386004617759777
-1.6016907566512097
-3.0445541146238146
1.1022662295806192
0.7736626348156529
1.9627011901499944
-1.6983016645558848
1.5974843527564
-2.055936801285803
-1.1792042757326504
1.8698198623702444
-0.35550142402250984
-1.3120928593035632
-2.714640265344056
-1.6099471259164209
-1.187824099114108
-0.5325326434669783
-0.7214055053616144
1.0666924861990204
-2.7137872043649187
-0.2903792529111122
0.8025343768660609
1.0350396920516487
1.5221498745741193
0.36935181935354977
1.8951975733781965
-0.4090536220858527
0.10225037065219256
-0.5273625868395067
3.5505936935601907
3.9105213073225906
-0.7898996523265698
1.833231718326361
-0.44969883063526406
0.8906962737830163
-1.1676068720447157
-2.2286994897270693
-0.4717801630232845
1.1462043392579568
2.419918243628519
1.1211651590004372
1.7942717583409626
0.6317418989908142
1.087257705724721
0.5291481168560465
-0.5097343491398812
0.2991225668885804
-0.2786320937264084
1.340671663047958
-1.8641121483693395
-3.734089878767726
-3.2082727545796366
-0.6814305417168907
-1.096512064980364
2.0245653344349916
1.1143789240157944
-1.656045040659877
-0.7788307932091598
0.008699817859076697
1.7206832629914597
0.7800442978647423
3.1978364290947607
0.6296825334646344
-1.1738465868302095
-1.222049582423276
-0.6093467838680375
0.029834163167664407
-0.43674671531311904
-3.012456323376953
-0.30265827171799387
-0.21957425761083482
0.8775485183488184
2.3617761366880945
1.9692491638105776
0.02064293771559733
-1.3533867971299012
1.2974116895080101
0.9025260247331858
-0.34538168678406955
-1.9507167261374931
-2.7312721222601173
-0.05083674010892336
3.6543960835940457
0.4137029003385245
1.5784994814629592
-0.23682699351723735
0.31575315670539505
-0.11129642217066649
-1.0840087780542231
0.6509633807018675
0.7645578204679071
2.564790350579666
-0.20917925265678539
-0.4338562605885167
2.673375362630666
-0.41043423993809847
1.1910337092546301
0.45143623725244875
1.544465071588371
-3.316202838263248
0.8528761658615073
1.049874223290665
-2.069778954815868
-0.8159051657735794
1.12032575880357
-3.1922670222056837
-3.092292086870254
-0.5997610535468156
-1.8206522663877935
-1.652943019730583
0.27652660377753135
-1.3866061487691428
-0.5499028479346442
-2.0593841630566065
-1.295106943239857
-2.614045458356977
0.17967254911551778
-1.231330027478323
-0.6939678545722283
0.30191754469030596
-0.6028907123506844
3.5601138824838268
-0.6086999060687615
0.37553213212647685
3.4893721904285053
-1.1460012053091468
2.376025706651293
-2.0288808788589727
-0.9805334550221771
-0.9222530662661454
0.09409186449720819
0.9768740545281338
-2.5174123509433617
-0.032297026998341805
1.5908564147098423
1.0039990859917423
-0.690912193523272
-1.074321810665716
-4.39149051550405
-0.15344974715700954
-3.130751520618027
0.9717779903721375
0.7874331140832367
0.2303523485763902
1.1913037850058008
-3.312015124458673
-0.4094662077498822
-0.3603645271195006
3.3863147699810483
-2.074820338497597
0.1088600756391952
2.167734693285789
0.46776261053869456
0.8133070703964974
-0.8086595946202596
-2.946243550147504
-1.6279957510553111
0.1206043396013643
2.363729111749148
2.6856958134922655
0.6991251517308881
-0.4339098129165426
-0.12102910021696722
-1.1282032835857252
0.8221086736992694
0.3197882203067246
0.8273378596682617
-2.2047203363617194
-0.3316245415293748
-1.9038410105188017
-1.3120984658067605
1.7186492807829177
-0.6220719561834143
0.10030522767625061
-0.35201507533215604
10.325103092715954
12.290776052437913
8.254767842433887
7.765862916415472
14.751890773957996
2.7412559856974177
-3.4170120778836637
-0.7819498677385484
-1.842262665485376
2.196632953148746
-1.3976949691289837
-0.9239305341974934
3.1398679267744654
2.9434459219200155
-0.10906478948142073
-0.8488904797866619
-2.3661133874940194
1.7772053946232167
0.8870009441700702
-2.105644982344108
0.8096364769335201
-0.9149741328478984
1.5633927552281883
0.6930556176884088
2.8511812215864
2.4039614378833774
1.4599019391830745
1.9203247267993968
0.6540212212207988
-1.4105894150388458
-1.062751372009143
3.5215893853955214
2.8218632929341387
2.056011409924884
0.1866136093963413
2.0110993215359683
0.4917897259369494
-0.43756225002606597
-3.2010050712007914
-2.2136246053245965
-0.3041498909271094
-0.4677405983409164
2.171061608893165
0.08299723176844631
-2.0477068198731603
1.271847162285009
1.2755468076716148
-4.071247294701109
0.9605455924086183
1.5704974411501158
-0.8476579752508899
-1.6792688131923155
2.852828544330796
-2.384301046325689
0.0796666112559794
-0.6569257285887704
-0.47687445616901725
-1.112611510115268
-1.1828753757196377
-1.9647037621678565
0.23941914904518014
0.36611712767866034
1.9625501359582518
-2.499254269438015
-0.9482455529181228
-1.0210161024769078
0.00786277003809166
-0.39340183401025497
1.792354932040264
0.894951425092372
-1.309523322943039
-1.6600222539526437
1.4987195254875643
-0.789146906100981
1.1223501300335854
1.2530128927066404
-1.452785790220231
-1.4663452497385223
-3.3875435329373498
0.5981348237828583
2.5994773006252108
2.562206774885153
-2.2568355309260055
2.797654501205205
3.029439650264959
1.0303980978883394
2.354536870421682
3.651089955146248
2.567804726818294
-1.529838895736705
0.8588977702312688
1.8869936585911065
1.3259004652990227
2.2891351615201256
2.1272539510164714
-1.4000154457133602
-0.19293894287846647
-3.064555822256837
-1.9005946761971217
2.544357558035937
2.434705585968359
1.2995735590632769
-0.7973756616638443
-0.4568112102201809
-1.8203105027743076
-1.14864961468923
-2.460154450402702
0.5734398762310211
-0.6923253767923018
0.005687159786282869
-2.7447476221389886
-1.5613799317297326
0.1525032179421647
2.5432132202515563
0.2594255016409073
1.3317823116832925
-3.0551591181985245
0.9325030229862978
4.902685709638817
2.0575772165530393
1.714071688315392
-1.2274076920781936
-1.391779457623004
-4.321912652583436
0.19832564900192784
-0.8686529855009837
0.6431054478578183
-0.9335282449726566
-1.0515479134205346
-2.3345867131007254
-0.5229448314616375
1.3379780714455014
-0.7926115189195655
2.1562285075658965
2.3474595558079483
-0.6048343203369286
-0.2169878082403287
-1.4936260103303693
-3.0112490650857753
-0.516222812833093
-0.6881816004955112
0.37610375549202535
-1.103313718086051
-0.73617101428197
-0.5381157746106187
0.5879312624103742
-0.962539358792322
2.262876028595722
2.2461749760502205
-0.830387603459855
-0.4812412672945484
-1.0728990566719179
-0.5775906348514437
-0.06866715652719324
-4.419870337402484
0.06370996972460352
-0.23926458746685753
1.8107146794723858
-0.41218987325270073
0.571919702415316
-1.019870175786749
1.7368915181279712
0.11648797058037419
1.0335848593555736
1.2727295106096586
-2.177920301350766
-0.47960837850448
0.37225781347718456
1.6532719328738563
0.3024542414054654
-0.5025507834598129
-0.4249142738757311
1.1319716142739336
-2.2581671839764748
-1.6475178147111484
-1.954890639552397
0.6492069877228641
-0.7352500778719686
-1.644983489546226
1.5458952471312253
4.641770863238944
-5.775348815792246
0.848731515847624
0.9892764499246394
-1.9912829952025142
1.5603568584668526
1.5759665706854475
-0.9337515943956498
0.9407255472603447
0.3991721072675575
-3.9089582206854816
1.174922721764807
-2.224157236869526
-0.15812919472550147
-1.1801211742730233
-1.9367293446717486
-2.2560791219339205
0.34105104951757115
2.2094160014471296
-1.9745009211614812
-0.6809831258498678
-2.5446909753112807
1.419435092512711
-0.9285279625153326
-1.1005082186662012
-2.9541689667204682
0.20925085655152487
-0.9376168347538467
-1.2381257589945998
5.01917378225399
0.20138694904194754
1.0546350185757856
4.194947539941873
2.3784105836436016
1.4775643250473
2.6976144413613414
-3.21140976121389
1.5806576671942179
-0.3516369874512546
-1.2424744158663943
-0.3034221120788798
-0.1978659690832274
-2.0641784306344406
-1.7198467746656934
1.1112207932506686
0.046916255152130715
0.5719509884799001
-2.4263090733434396
-3.2100704784731002
-0.00978118590975896
-3.477409543345967
2.117294212886427
0.6468949152111219
-2.276466082418858
0.643510849024729
1.2065801539078302
-0.025109225828382042
-0.8242441132614182
0.7770297053577282
2.6570499502339855
2.4311142900010942
3.4485583921154013
2.3288495152880566
1.1549414584652447
-0.15781449210359466
0.10708262949477532
0.2904569852229273
1.0479842145380915
-0.11429593461062315
-1.742710355494995
-4.267883710083786
0.21902023381857139
-0.6973610469563787
-1.565773233356854
-3.1693557922488598
-0.24051524117208378
0.514760346506212
-1.6849107416068998
2.178969362421946
-0.14008878166239613
2.5161490228247816
4.296997628982107
-1.3614652877053843
-1.3360903851982426
-2.8660317624784524
-1.4343841224064902
-1.3368834228612816
0.3269950264449919
-0.7903939045583062
0.19583739987389892
0.8831727892235053
3.611293829821558
-1.9744720957676014
1.641814303367394
-2.992147796148461
-0.41100100043325094
1.2370599117019945
0.6035399199399538
0.5346534329349659
-1.280496717655963
-1.1163881241774751
-0.16023570362773176
-0.9076776292956208
-2.9221937350761955
0.07770324555905295
3.7442862945434134
2.1641986671069526
2.8577927955143987
3.217632356476133
-0.12268277772452851
0.7487601413636134
0.8254209459833346
0.6228381441855381
1.6460292119030322
0.4370442359958283
-0.7971289747897865
-1.6313183337761106
-1.8450473990579894
-2.851029572128067
-0.9021668134813525
-0.593906306790597
2.13048306968657
-0.17803506499010657
-1.6697257833702173
0.3386790084846495
-3.3005143869363263
1.1147956345551693
1.498809231703177
5.62894889169235
0.22422706386650804
-1.0322640930364648
-1.2674361812225046
0.030233084835015966
3.5554966716243523
-0.5207595284600952
-1.2548424060134447
-3.4790491704259896
0.13323757172164685
1.2302794535374624
1.741054686767081
0.550302145331395
0.9160147748994047
0.3582934909060857
2.157671059972605
1.1370280178700136
-0.6608244942835247
1.1784907086268341
0.03811567937452409
2.172473318634352
2.168936699262831
0.28879732313246453
1.3051406706836204
1.6203621739869682
0.46011571407494056
1.4521881625466813
2.1483792496426704
-1.2194678635652272
-0.41662043635269885
1.097131808411143
0.15180425894865146
-2.7645344271365655
-1.0359535548094152
-1.4793799470136206
-1.6574917646600245
2.3387849027914234
1.7232862725240008
4.386552094638201
0.43666192645507307
0.4748258812338222
2.8353963154849664
-0.31580242118774926
4.506501752066756
6.931751519975993
2.0235747815612672
4.7509908306857005
-0.9770125419534034
-4.851025326729879
0.5735882883433429
0.6647008345864734
1.9246335263047964
3.2706401213254033
-0.17141244243372178
1.1653560989505134
2.1087384608912316
2.42871273294944
-3.640429155814523
-1.4464807389630572
-0.5066329087705932
-1.0030594682906036
1.0337455554660557
-0.7912548646590003
-3.7763078954599374
1.8514688493707065
-1.44920352210598
1.0558666286832592
-1.9271744616270499
2.1821036730899523
0.7922909012751459
-0.5489312241282791
0.8871438553942025
-3.2867671477986056
0.9797148480898419
1.7861378564490147
-0.02584989816657335
2.2127375958463142
-0.7462007743637762
-0.3816602912024445
-1.6173940837481329
-2.000138145873893
1.2879634987726492
0.3560313309770681
0.3456612062372475
-0.7362586688196981
-1.3903421220675591
-1.0219349124243726
-0.6008850281962494
0.01449113419801118
-3.1898471217712485
-0.4103732200478387
-2.1322368425762424
3.211245589599957
-1.2364086104140148
-1.9108037019337911
1.7573815912397412
3.1831076226674266
1.0179670367576497
2.1647638641684663
0.7962972635349572
-0.9415553107081669
-0.5305509203008894
-0.6508393926575908
0.1080096604896843
0.6311915398303989
0.6757213400039584
-0.7201426037199445
3.9403152940381236
-2.8316631793787916
0.49370267967400894
1.4321710626070716
-2.5587350190437634
-1.0053781885635633
-0.21783677090632025
2.9571048831849103
2.551269835634817
2.85579439270737
-0.2226393817283946
0.4015268271752933
-0.2561192872585033
-1.4659876099434657
1.8868050052119574
-0.12410208454799077
27.45600196560782
1.52547212834001
-0.7621344217678918
-1.6479068641438062
1.8025831163959312
0.5204845102130262
2.138337079401892
0.9768443844017742
1.284996674399677
0.5291891682823284
1.0111302028138645
-0.9143809762684567
3.503677754438855
0.7607399100574808
1.7188177597366168
2.2558574348246014
-0.9553491568726851
-1.8084630539938438
2.009064337558392
-1.4946547300224942
-2.53573316889066
0.3796223652582129
2.011420221621403
-1.0987953638775543
2.2559197881158166
3.8196006645977567
-2.9040370471686376
-0.4628704717411757
-0.9112462442561093
0.5515373115133347
-0.28112077699764493
1.6502899721604367
1.953585003574519
0.5903622558515448
-2.0336909542628927
-0.050019732851387944
2.065762531240235
-2.201506841991222
0.9084968255927874
-3.1074251726922393
1.1646335459219455
0.04570109970611402
1.8710831951049514
2.090255837001078
-0.756347360170698
3.721452033549575
-0.25784361333088746
1.31738320701064
-0.7158139889557503
-0.6736739758074979
0.5318850206361531
-0.9861713317422293
-0.05805594936722991
-0.09190548195807091
-0.19429280556625517
-0.5600097830768147
-0.5600695436628749
-1.0223200152858478
1.326846114718132
-1.0232507805127806
2.4019146338154487
3.235360430263142
0.5591190814693887
-1.5998353344806322
3.276962210669094
1.7963465259553257
-0.2453254290869744
0.8315407895540781
1.0617119686574639
-0.8841172316927941
-4.073978973275057
-1.3687399564967349
3.233634593703661
0.7017977500796444
1.6859186613692805
3.9319451051589924
-0.9777310286778704
0.8534327748477528
3.1409598405759627
0.10568346833934261
0.2034463441165415
-1.778835503264394
-2.2931360119656925
-0.5976156510365958
-0.49202794124824967
-0.2888702278294891
1.021761130340303
0.13483837927502795
1.1115659332772727
2.915295357885509
-0.2600138455988651
1.821637690636372
-1.2082535309235158
-0.4787113364875917
3.865027310626556
-2.714576974486234
0.6116586847105492
0.3911776455855772
1.8782751295553026
1.06014747569597
1.7596144976503223
-1.8287456112029474
0.6708459574039876
1.3127633634490006
2.2935619742785898
-0.3969705932661609
-1.308129051041636
1.4681536658891265
-1.4233095859936071
-1.1533836576793166
-0.8250624873963219
6.841914434888513
6.07275087087443
4.276659276346188
3.472635108851584
-1.407212192322575
-3.199395688993528
2.3304239406754252
-2.446174066609842
2.1347999356401486
-2.1462691435127956
0.5117012114608412
-0.2869995310071438
-1.5496030786303914
-2.5801086918561813
-1.6937009953415783
1.3549701929565579
-0.5473065603152006
-2.961992251051554
-2.8054921977224763
-1.6516412455941554
0.45076341027492195
0.8623414260501263
-2.6619814469792016
-2.0106977234196606
-2.4349690154169137
5.001537799918674
-1.7039063984464207
-1.353602009647692
-1.2223722904841003
0.47248941853004656
-1.994227257878228
2.548594902084721
2.621606440254815
1.462133053113936
1.5341468595933347
-2.677109257128495
2.2806403849452526
6.236025623430553
-1.7596092687600366
-1.8038669400516554
1.5011680329352883
-0.9070380787940056
-1.7513628688013636
-1.556341058434068
-0.14682300337296939
-0.13894750635757247
-0.12230784975788578
0.010822782962618516
-1.408312453186066
-0.25226348393035725
3.149200012702498
-2.212237829524364
-0.2712201915860466
-2.945370030914697
7.524911166702051
-0.6339573112146242
0.8712990575749155
1.741104029449322
0.0770906432126297
-4.557706394429173
0.5896443556879476
-3.8030292500621936
0.8640462690107926
2.9637473656773317
0.745482994217717
0.2407968844847233
-2.6273381395440976
0.9881056244991728
-1.82983795701784
-1.0149081671358513
-0.7152741897725912
0.3527272024853074
2.04093577509483
0.5403486554303736
-2.2717535850702077
-1.9680775540370528
0.9930682741492657
-0.07363467995457773
-1.6147595543306181
1.694451874216558
-2.198486178028868
-0.43617535001588237
0.04388328992217394
-0.07633776901874467
-2.9064544085768937
1.339295157311997
-0.4837889846763952
1.306463421827552
-2.1238821586234065
-0.6263355686173775
-1.7453571133714694
-0.5976331189552702
-0.5876406802374623
0.274519907602641
-2.8303078095780405
-1.5730822198090344
1.9808919166562589
-1.3963861062645675
2.183250942314624
-2.103442186402277
-0.4616255041927112
-1.0736461437131748
0.7065104195106174
0.9877227374729372
-1.2733870685751305
1.109455809422851
-2.239988711473568
1.056563276326222
-2.8011304397068355
-0.3734359291852549
1.3723824078427245
-1.2159826692902547
0.6632513848476598
-1.8194685628227059
-1.887238979626669
1.837756552418268
-2.8103828877465764
-1.6360912505233518
0.19709775045722266
-2.9453592505588757
-1.144349939242879
-1.4162220644515155
0.12308900287157343
0.28293038420565475
-0.025510376468172113
-1.0515736420736082
2.092852982044281
2.2385468530420196
-1.121294967693724
1.8059837727018868
-2.7932261543022383
1.1579166109880878
-0.6117904436009709
-0.4873333426826191
-0.910068907846521
1.4329904463769845
0.09886741002403343
-2.6812279222259465
2.6537337679996202
1.6642874627404307
0.34808209510377974
3.3805169678448834
0.16032113833263217
0.1615494315516839
-0.3943320981568429
-1.0029416899202128
-2.1055898521704037
0.16226952085524582
3.9986059260240756
-1.3255268693475704
-0.18770578027452678
2.1406018947592105
-1.2692875860235526
-4.519092249515036
1.1620288936708794
0.03201948553614686
-1.228754742180636
1.8970974362336475
0.9700814152730989
-2.1464861500147228
-2.411101452525603
-0.41707904784304783
-1.5863196682700305
1.268622281907871
0.5454665528781337
-2.6348795449218576
0.534403984156721
-1.8248434254908896
1.3923973274198955
-0.7067310620288771
-2.9189741020328555
-1.5429836869765818
0.06034729988371956
-1.4527189397636775
-1.0942063035741785
-1.7193089692987407
0.15118133713660253
0.8455118927218643
1.8631340019528382
-1.5741956268238995
-2.504632280049596
-2.6046533897221056
-1.7834442691928714
3.102759582628253
-2.4557063374927335
-2.0257266112193597
-0.2522371391547277
8.686911938133417
11.69704965837896
-2.392791892465245
-0.007034457896307855
-0.7219706466769682
-2.2512000181568035
-1.7990295394197764
1.8599111840238862
1.779729570947827
0.4596362019269913
3.5226099319851016
-1.0882357644997047
1.4434459339678298
-2.3577469155449613
-0.8744332599398832
-1.0344609835857144
-3.1305907676353764
-0.2733079736540769
1.154990197496612
-2.4868493080154987
-1.6565705979337064
-1.010883381265902
-0.25158816085414126
1.479004618495225
2.5195626463778495
1.2650325146568806
-2.465826678403082
1.6168200264074521
34.77057031335267
0.7504327410594334
1.953308008769705
1.9391286284959033
-0.948368845204969
-1.8244888477320376
0.4833172635369103
0.8511027415580031
-2.9892657903104944
-2.6434933083738255
0.8585403817977242
1.4536170264852444
-1.0716384566067712
0.5220884565414335
-0.4984296790753121
-0.37159301352922336
-0.06630510172982196
2.2379422026377513
-2.070591427314964
-0.9650276605059878
-0.7688855571570165
-0.366771734101198
-2.4270126613599925
-2.2057374412732647
0.60027380292348
-2.6337592129518734
-0.7470505684808805
-1.8901018663257783
-1.1759641932040164
-0.7159638414657259
0.11541036170510788
0.942923453381215
1.3796080958376442
-4.7206052171033015
-0.04169458866514342
0.9213123488941442
2.1506268780044797
1.2898530318933312
-1.146191246025493
-1.9127448452704745
-3.3613511088028174
1.1298442861289297
0.6707388466695177
-0.19952471190957155
0.2553291662142618
0.705300916674648
1.430318300881637
-1.8327251112804661
0.8667888242722738
1.6664653527742896
1.035240067166816
-0.180844409629762
1.8032145203773826
0.8448057173799157
1.302343763109604
0.6127009196154022
0.6635022851960432
0.8470051866365296
1.5302573852989023
-3.0922636467410136
0.08668947234778357
-2.008885548132718
-1.9461377155707176
-0.2939506965764376
1.222881018431904
-2.150822472858644
1.3701564116241638
2.0853435637808087
-2.3851990621990398
0.7615779377728429
-0.3215260234647851
-3.196677084162744
-1.083008676842351
0.10917071692422542
-2.7437425077726934
-0.5765244097965407
2.114070113879513
-4.761768302798577
0.5320997455106713
0.24429568407699276
-1.02955840398718
0.36695617498464184
-1.2085382751209925
-1.9930100484439794
0.5641516694709383
2.955730251737595
-1.79048456551179
0.25962843136488445
-0.9728231107319973
-1.4192653916059506
-0.7670452506133313
-0.38964542138194913
0.3587198249007668
0.4183575959087231
-0.6540501551110708
2.0893568984242163
1.3323046367857532
-0.344676427559531
-2.835208083254495
-1.3685788641882004
0.25251539648024124
-2.6306341631201238
0.7772584902755321
-0.22612547011745754
3.2480119395988076
1.0804340968171302
-1.8460030326795853
1.6877204941158588
-0.0927681485270484
-0.08926212044605863
0.24588784222814286
-0.739373739471334
0.22970655843731547
-1.591600567243045
0.24804821948281353
0.752234853232072
3.1999279414199098
2.513932710488681
2.7012280685750514
-1.5942574396610336
-1.6421139626326982
1.52572075148489
0.05305019961325197
1.1590785092811835
1.2844571795413309
-1.8862467295503391
0.28242135088514575
-0.9148105070369796
0.3939630648428848
-0.8197236277647
0.10212505173299857
-0.24773591688760277
2.673716575328296
-1.2037369978268253
0.79515912471638
-0.30808531155012786
-0.54661305134984
-1.998720669245329
-4.478111519687694
3.4463500474726336
-3.071827219377419
1.0318329752243156
0.8149904069799805
0.4325134776981514
-1.0144406980661747
-0.7465331405747289
0.811846351126104
2.302331132614044
0.9730349023057263
-0.02404274895779135
-0.12314824685381909
-1.8552286766857922
0.42932120799013684
-1.6944082446103015
-3.8578914044332784
-0.9549373438192361
0.7778229454073863
2.117484778905091
2.096976847667362
-0.03923376364601894
-1.1435294466959864
0.6052738803168366
-1.4739625673079089
-0.7240732323224214
1.9612827029954858
-0.861561394744792
2.1112620669968005
1.5655276803334115
-0.026938415225697288
-0.686166322525275
-1.3315562492126531
1.876044885634469
-0.11995602876467903
-1.3143972760075329
-3.1383767178306723
-1.085871277774232
0.7978931068234163
-3.5772387849769736
-1.5445584765324032
-0.01411744486699218
-0.23636048839811663
-1.188716780276871
-0.8103869794437364
-0.3202336934131819
-5.543097149215032
-2.491122644680997
1.5182560977393287
-1.049913074491101
-1.3676176453716637
0.715995878580441
1.411578272063752
-0.5819456497273723
-0.14628037391141657
-3.038128830990817
-0.12881748685138716
-2.4893878794739956
1.6866784550052079
0.1422562909585186
-2.8525892817216385
0.8900250329125986
-0.22331497570664116
-0.6466997836663723
0.332894657299465
-1.091413050778466
-0.4993542240669423
-1.3530447887886279
-2.5685172941925387
-0.295984756681825
0.7937989385927983
1.6325248798712013
0.4246052303279684
1.7261503040949369
-0.16829002964281292
0.021331713641406402
-0.521900143305046
0.5799017179165145
2.1862618689722053
0.29163539919217873
-1.9673692628040111
-1.0335564819899554
-2.399590530289979
0.8812142340482756
0.303117302174353
0.34808348482900453
-2.928826297416779
1.776404033234728
0.4220533200203621
-0.5131812712235639
-1.7833025639109383
-2.3007265274201116
-0.31085447810473466
-1.5400517810560799
0.6275629346503443
-2.741827990163388
-1.4066825761137318
1.213143879764135
-1.3598068383892363
-0.6026770646762405
0.9972898726326951
-1.051357751243815
1.39287516015039
-1.860702866426874
-0.0570487025757499
1.235852054127927
-0.5895252551207798
-0.7373671202663219
-1.120381655609393
0.8906083445246349
-0.2290584506985403
-4.411145121335392
-1.5440894326927523
-0.3675465674086203
-0.03190420368983704
-1.5867893201084695
1.3958617570376455
-2.8637363198580275
-2.033798009707461
1.4165002414953378
-1.2531048652746324
1.3399498708894286
0.8109282775803046
-0.6739188946739638
-1.5372662865877076
0.8514668370590828
1.5887283801982133
0.3456116803151048
0.7608328177984609
-2.6016670089821297
1.8638255933587666
1.3446886065401191
0.16076753262226917
-2.349045512099302
-3.4559067966638386
-0.03810973732523615
-0.8810799182486247
-1.1911981700818512
2.1156132387753095
-2.0011971923539464
-2.9976875633410227
-2.3966457631387943
-0.19755569153421604
1.930712799253013
-1.6105001700553379
-0.7098016572631671
-2.532389480680245
1.1637063771654486
1.2330846990142095
4.66914842661829
-0.26791686438661366
-0.09030974544193071
-2.6951588958286443
-1.8834771544161177
-1.090904662287062
0.24127728288980943
-0.30754600059377946
0.7009980901092706
0.3356086830927132
-1.3744414024407743
-1.8677659111591356
-0.34927901159883046
-2.2737854505379564
-0.6477623137517848
-2.1755483266569193
-0.6550790118479878
1.1057345000033059
-2.0116797704355833
-1.082494139144229
-0.518041184333354
-2.1445006167952156
-0.9494517591585345
-3.4141933615313884
-0.028070362351013567
2.3141682315553735
-0.15880974474688336
2.23170547396966
-2.5050181819880804
0.6307853045415494
0.18356055043912078
-2.099963389536489
-1.936093068043705
-3.373762904400576
-2.8929276077677786
-0.8964330354840242
-2.170074824891199
-1.752858638890769
-0.5941370501065568
-1.880153068472259
-0.7506391467906668
-0.4504208269381307
-0.3904055809435243
-2.094772411008207
1.1439904917654296
-0.7654762521195595
-0.5345050915328047
-3.381129250558787
-1.2943174855624022
-0.7948305600921319
-3.6695661537381197
0.15145678490729597
1.7408107995621642
1.153076128110945
0.1939748132102136
2.109163256553278
2.0626736303432187
0.7038400178158966
-0.7381641292677323
-0.773899771871559
0.5860150580635346
-1.0903813136802543
-0.18162043539937245
1.6328495487535795
0.04726281426571066
5.018004037149105
5.826012261043243
1.555827680049744
6.740648194439967
-2.0534871094743448
-3.877894043545685
0.2369366774019941
1.6266119651880189
-4.439969042726982
-2.115201606709426
0.5307079673915017
-0.01230670192386496
-0.8587779112542642
0.1341035926335884
1.241296524209881
1.4383466284249233
0.3189420292907113
-2.395626639441934
0.6074383282628193
-0.9767616157869639
-1.3991802812719945
-0.3441473076987951
-0.16441862159728682
-0.8355694516437204
-1.2867798605491054
1.4198710833494261
-0.032545358079922426
-0.571467976807193
1.9883583501245794
-1.617129862950601
0.976053216256303
1.5313744725407135
-1.80743245827468
1.1241364229995292
-1.1546679537302256
-1.6862006348809386
-2.579005953543556
-0.11477705685498274
-2.7189998914605225
2.5234873667358864
-0.9901521492383343
3.6135473018329973
5.428264403758295
0.9239580820775868
0.12112537560125558
0.46261475339863833
2.147215993162021
1.5867687837975495
-3.2826117554460565
-0.8149113187200328
-0.219559706919217
-1.3991645741570755
0.7134016088270243
-4.13103891990868
-1.6761178751642376
-2.753281730845493
-2.251559940845017
0.24070020508120638
-0.8128484923507899
1.9749411339407918
0.12102332664349502
1.5352214980486294
0.10276651250998359
-0.10734289324032109
0.599267353936561
-0.7675919807587719
1.8003362520756112
0.32612352123799493
-2.485311571967338
-0.8359629714069174
-1.0639207559539572
-0.4807306784165972
0.6500001191338852
1.3619315977455224
0.9648915129981793
-0.14385918979970713
-0.6300563178708004
-2.5041238377599826
-1.0463156608537192
-2.1588632920463704
-2.3855464269593805
1.5470658694471793
3.0179685445816116
-2.1275204294451933
-1.4153693532573604
-1.7577589247568826
0.5697191142656051
-0.5435133530118956
0.06859681590676547
-2.7357301269427086
-4.355875727664925
0.3685681138801774
2.6561893535941326
-2.548069774894879
-1.5749612649611446
-0.8107664452483279
1.046955814146261
-0.8377253017415556
0.7252291880614206
0.6427264021836401
-4.036728828101428
2.1409954522664525
-0.9135301471730823
-1.5409178412246485
0.07731320996331625
1.8301496218695203
-2.59943446119238
-3.4043223422318194
-5.526132603632273
-1.864998446805947
-0.11261448959552256
1.0238260140851214
0.48392221141502423
0.14953553177228773
-0.21141169257380377
1.8739903267423974
0.3773310147661689
1.019832324591154
-2.8434541282938643
-1.9217859807147877
1.5457034705950499
-0.9158435964277712
-1.6470507793524338
-1.8165323596350547
-0.7689541073210335
-1.0737726540447925
-1.937496214280379
-0.5065697128441633
0.12241040600912179
-0.10319581484432572
-1.6060265245373184
0.7725724452840859
-0.5590998199883754
-1.2841280843476732
0.8699972767036518
-5.2437476700687
0.9919781130995535
1.2322776768530213
-3.3813126510509317
0.24404490348795593
-1.7170040470759944
-0.28044751562582926
2.039172861147181
-1.7976186813358566
-0.9362247606053802
0.6261828512156855
-0.9608011426079099
-0.9597369977344645
-1.7909814119558858
-2.1743929115049427
0.07762407112835346
0.1041232799172267
0.335801185641733
1.3617239794215314
0.4716936936603625
-1.4832570792927027
-0.061599360839306505
0.8607587813954964
-1.2040765347471978
-2.4495054213827014
-1.6769877925809462
1.3998777991486986
0.08621964325301934
0.16279454016707706
-3.563264918991094
1.0030063223910886
-1.4540756957771204
2.2682651035596235
-1.3726080697824994
-2.1925169426184015
0.40936418931867125
1.5275181160933766
-1.2735417297480187
-2.0305665727189575
0.795373948807473
-3.156277164786471
-3.140148137542801
-2.0398868235771133
-0.5068506749258914
-0.28788361379746163
-2.9498921740360546
-1.5691999790970494
-1.3723816429010989
-2.1112325835214616
1.1942253878125535
0.7189832977808266
-2.04208496433707
1.0387070710481545
-0.14570849876717773
-0.026057638350784895
-2.0623815505059753
4.4224404002414275
-1.2410828780411225
-0.936935722017329
0.3794890829750659
-0.9183981365510014
1.4213193900004948
-1.894222538602233
-1.8715783226690643
0.6654471536338523
-2.4934729077400197
3.4340130109133065
-3.054007488308952
-0.7480564607670461
-1.9225070078748532
-1.77560115412955
0.9874100365052156
-1.0066788274669651
1.5756403094865505
0.15207995943087615
-0.6479110078982773
-0.2588270985481156
-1.476981652429736
-1.4216208418937561
0.29786818587244723
1.4997141562603238
-0.00704314151959784
0.5207963600449301
-1.0920576546395
-2.0807609985360234
-0.5175801228134527
-2.3231371705038217
1.616587594900925
