0.17959809303283691
0.17959809303283691
-0.3204019069671631
0.7302408218383789
0.7302408218383789
0.7302408218383789
0.7302408218383789
-0.09368465786743163
-0.37215997332763673
-0.37215997332763673
-0.37215997332763673
-0.37215997332763673
-0.41572874784469604
-0.4159360682411194
-0.4159360682411194
-0.32925260066986084
-0.4177863597869873
-0.32925260066986084
0.08045291900634766
0.9434635639190674
0.9434635639190674
2.6454495191574097
2.6454495191574097
-0.1254305089073181
-0.1254305089073181
-0.1254305089073181
-0.1254305089073181
-0.5457213521003723
-0.5457213521003723
-0.580768898361206
-0.580768898361206
-0.36984604597091675
0.8421319371032716
0.8421319371032716
0.8421319371032716
0.8421319371032716
-0.09795461540985106
-0.09795461540985106
-0.2321036458015442
-0.2321036458015442
-0.3563103675842285
0.030836629867553755
2.623321056365967
-0.3766789436340332
2.623321056365967
0.030836629867553755
-0.05570673942565918
-0.10120628843688967
-0.10120628843688967
-0.05570673942565918
0.43387752771377563
-0.245140275554657
-0.245140275554657
0.43387752771377563
-0.4988210201263428
-0.4988210201263428
-0.5143870711326599
-0.5143870711326599
-0.008618279750823965
-0.008618279750823965
-0.2958020567893982
-0.16823015213012693
-0.29580211639404297
-0.16823015213012693
-0.2958020567893982
-0.2958020567893982
0.6662588119506836
-0.09574627876281738
-0.09574627876281738
-0.09574627876281738
0.03898900747299194
0.856739342212677
0.856739342212677
0.4676623590660096
0.4676623590660096
-0.31573617458343506
-0.31573617458343506
-0.22347843647003174
-0.31573617458343506
-0.31573617458343506
-0.24611531143951415
-0.24611531143951415
-0.27278761863708495
-0.27278761863708495
4.537592887878418
4.537592887878418
4.537592887878418
4.537592887878418
-0.06795036792755127
-0.06795036792755127
-0.1436483025550842
-0.1436483025550842
-0.1436483025550842
-0.1436483025550842
0.2775590419769287
-0.36938023567199707
0.2775590419769287
0.2775590419769287
0.2775590419769287
0.21350544691085815
0.21350544691085815
-0.11982755308914184
-0.11982755308914184
0.6854526768112184
0.6854526768112184
0.6854526768112184
0.6854526768112184
-0.43787206763458253
-0.43787206763458253
-0.22252607345581055
-0.5724058151245117
-0.22252607345581055
-0.10383044129180907
-0.10383044129180907
0.21979200839996338
-0.27988994121551514
0.21979200839996338
-0.13840062618255616
-0.13840062618255616
-0.166417554561615
-0.19864118099212646
-0.166417554561615
-0.4409797191619873
-0.4409797191619873
-0.3603818798599243
-0.30120453192138674
-0.30120453192138674
-0.3603818798599243
-0.02950650453567505
0.12862330675125122
0.12862330675125122
-0.02950650453567505
-0.17302680015563965
-0.17302680015563965
0.8269731998443604
0.8269731998443604
0.8269731998443604
-0.17302680015563965
-0.17302680015563965
0.8269731998443604
0.6658093929290771
0.2345326542854309
0.5863857746124266
0.5863857746124266
0.5863857746124266
0.5863857746124266
0.046099722385406494
0.0686500072479248
0.24578768014907837
0.24578768014907837
0.24578768014907837
0.24578768014907837
-0.30867159366607666
-0.30867159366607666
-0.30867159366607666
-0.30867159366607666
0.49403631687164307
0.7142020463943481
0.7142020463943481
0.7142020463943481
0.7142020463943481
0.024476737247467018
-0.08652615475082392
-0.08652615475082392
0.024476737247467018
-0.009840250015258789
-0.31890249252319336
-0.31890249252319336
-0.31890249252319336
-0.31890249252319336
-0.5462894678115845
-0.5462894678115845
-0.5462894678115845
-0.5462894678115845
-0.33828169107437134
-0.1760866499938965
-0.1760866499938965
0.03243167752456666
0.03243167752456666
-0.0539095401763916
-0.3015463948249817
-0.10938644409179688
0.8906135559082031
0.20367592573165894
0.20367592573165894
0.22810500860214233
0.22810500860214233
-0.0904700756072998
-0.0904700756072998
-0.2306496500968933
-0.004682743549346946
-0.11294169913482666
-0.004682683944702171
0.8772634267807007
-0.11294175873947143
-0.33847111463546753
-0.33847111463546753
-0.33847111463546753
-0.33847111463546753
-0.35843278521728517
-0.35843278521728517
-0.07823324203491211
-0.07823324203491211
-0.07823324203491211
-0.07823324203491211
-0.31547154540252687
-0.3343662142753601
-0.31547154540252687
-0.28778529167175293
-0.3343662142753601
-0.12155945301055904
-0.12155945301055904
-0.12155945301055904
-0.12155945301055904
-0.1196664571762085
-0.1196664571762085
-0.1196664571762085
-0.1196664571762085
-0.1196664571762085
0.6772330045700072
0.21766066551208496
0.6772330045700072
0.21766066551208496
-0.42243075370788574
-0.20867490768432617
-0.20867490768432617
-0.4018731117248535
-0.42243075370788574
0.04914091825485234
-0.4018731117248535
0.686366617679596
-0.20867490768432617
0.1776418383255005
-0.20867490768432617
0.686366617679596
-0.4018731117248535
-0.42243075370788574
0.1776418383255005
-0.5235854387283325
-0.5235854387283325
-0.5235854387283325
0.15578454732894897
0.15578454732894897
-0.0776982307434082
-0.3385448313751221
-0.3385448313751221
-0.05678534507751465
-0.0776982307434082
1.1302999258041382
0.5695003271102905
0.5695003271102905
-0.03576761484146118
-0.03576761484146118
1.6927145719528198
0.5237920528221129
0.9062750339508057
0.9678263664245605
0.22950953245162964
0.22950953245162964
-0.01356595754623413
-0.01356595754623413
-0.5537271126564026
-0.5537271126564026
-0.5537271126564026
-0.5537271126564026
0.21580958366394043
-0.24905705451965332
-0.24905705451965332
-0.24905705451965332
-0.24905705451965332
-0.41706021184158326
-0.5070366859436035
-0.41706021184158326
-0.41706021184158326
-0.41706021184158326
-0.3859434127807617
-0.3109605312347412
-0.3109605312347412
-0.3109605312347412
-0.3109605312347412
-0.32461569309234617
-0.32461569309234617
-0.4300961648864746
-0.32461569309234617
-0.32461569309234617
0.2065417766571045
-0.053186655044555664
-0.053186655044555664
-0.28251487016677856
-0.28251487016677856
-0.4529451286239624
-0.4659450054168701
-0.4529451286239624
-0.06939160823822021
1.1656107902526855
1.1656107902526855
1.1656107902526855
1.1656107902526855
1.1656107902526855
1.1656107902526855
-0.3442244529724121
0.21806877851486206
-0.3442244529724121
0.21806877851486206
0.21806877851486206
-0.3442244529724121
0.21806877851486206
-0.14606122618484496
-0.14606122618484496
-0.14606122618484496
-0.14606122618484496
0.20893287658691406
0.229469895362854
0.6379192471504211
-0.2238163948059082
0.6379192471504211
0.229469895362854
-0.40946847200393677
-0.4821422254486084
-0.4821422254486084
-0.40946847200393677
-0.4821422254486084
0.15645527839660645
0.7578797340393066
0.10813677310943604
0.15762007236480713
0.15762007236480713
0.15762007236480713
0.15762007236480713
0.15762007236480713
-0.43915748596191406
-0.43915748596191406
-0.293607234954834
-0.293607234954834
1.3713622093200684
1.3713622093200684
1.3713622093200684
1.3713622093200684
-0.20735549926757812
-0.20735549926757812
0.20721900463104248
1.7569966316223145
1.7569966316223145
0.23972582817077637
0.7096934914588928
0.23972582817077637
-0.3899515425605774
0.13113927841186523
0.21190011501312256
0.21190011501312256
-0.3899515425605774
-0.22610950469970703
-0.22610950469970703
-0.22610950469970703
-0.22610950469970703
-0.22610950469970703
-0.13819442635345458
0.672569751739502
0.672569751739502
0.15638351440429688
0.15638351440429688
-0.32743024826049805
0.672569751739502
0.13509595394134521
0.13509595394134521
-0.1801960110664368
-0.1801960110664368
-0.39538896083831787
0.13173186779022217
-0.6890090858383179
0.13173186779022217
0.6319224834442139
0.13173186779022217
0.13173186779022217
-0.6890090858383179
0.13173186779022217
-0.4459984302520752
0.10499405860900879
0.7234042882919312
-0.27659571170806885
0.7234042882919312
0.7234042882919312
0.10499405860900879
0.10499405860900879
-0.020223140716552734
0.03433328866958618
0.03433328866958618
0.5771003365516663
0.05243939161300659
1.51204514503479
0.05243939161300659
0.33342117071151733
0.33342117071151733
0.5771003365516663
-0.227080512046814
-0.227080512046814
-0.227080512046814
-0.227080512046814
-0.45352327823638916
-0.45352327823638916
-0.45352327823638916
-0.45352327823638916
0.15489965677261353
0.15489965677261353
0.15489965677261353
0.15489965677261353
0.15489965677261353
-0.5747852767066955
-0.5234208703041077
-0.5516617178916932
-0.5516617178916932
-0.5747852767066955
-0.008236825466156006
-0.008236825466156006
0.20848619937896729
0.20848619937896729
0.6616748213768004
0.6616748213768004
0.16538864374160767
0.16538864374160767
0.16538864374160767
0.16538864374160767
-0.12100863456726074
-0.12100863456726074
-0.12100863456726074
-0.12100863456726074
0.5719679594039917
-0.42850661277770996
-0.4469817280769348
1.4706062322425844
0.5276278501319884
1.4706062322425844
0.6292466163635253
0.6292466163635253
-0.0011533498764038086
-0.0011533498764038086
-0.0011533498764038086
0.2276744842529297
-0.20438599586486816
0.2276744842529297
0.2276744842529297
0.2276744842529297
-0.016071200370788574
-0.016071200370788574
0.22547805309295654
-0.06401455402374268
0.22547805309295654
-0.016071200370788574
-0.1397248352127075
-0.1397248352127075
-0.1397248352127075
-0.1397248352127075
1.2825791239738464
-0.5248716354370118
-0.5248716354370118
-0.48194485902786255
-0.5248716354370118
-0.5248716354370118
-0.4195422887802124
-0.4195422887802124
-0.4195422887802124
-0.4195422887802124
0.45134246349334717
0.0375819206237793
0.0375819206237793
0.23191320896148682
0.03306853771209717
0.2309778332710266
0.029845571517944314
0.029845571517944314
0.23191320896148682
-0.2505341172218323
-0.2505341172218323
-0.2505341172218323
-0.2505341172218323
-0.2505341172218323
-0.46100783348083496
-0.46100783348083496
-0.46100783348083496
-0.46100783348083496
1.3311691284179688
1.3311691284179688
1.3311691284179688
1.3311691284179688
5.583150386810303
-0.38444411754608154
-0.38444411754608154
-0.2054653763771057
-0.2054653763771057
-0.22509193420410156
0.04357504844665527
-0.34602864980697634
1.3550423383712769
1.3550423383712769
1.3550423383712769
1.3550423383712769
-0.15123999118804932
-0.15123999118804932
-0.15123999118804932
-0.15123999118804932
0.5834658145904541
-0.09137290716171265
0.7666280269622803
0.7666280269622803
0.7666280269622803
0.7666280269622803
0.35817891359329224
0.2523467540740967
1.8840621709823608
0.5880638360977173
0.2523467540740967
0.2523467540740967
0.2523467540740967
0.5880638360977173
1.5709258317947388
-0.19628294706344607
-0.2409280396499634
-0.4717800771636963
-0.2409280396499634
-0.1317546606063843
-0.1317546606063843
-0.18510586023330688
-0.47750210762023926
-0.47750210762023926
-0.47750210762023926
-0.47750210762023926
0.2333608865737915
0.2333608865737915
0.42063361406326294
0.42063361406326294
-0.028016638755798295
-0.028016638755798295
-0.028016638755798295
-0.028016638755798295
0.14794766902923584
0.14794766902923584
0.14794766902923584
0.14794766902923584
0.14794766902923584
-0.07156911445999148
-0.007606458663940385
-0.07156911445999148
-0.07156911445999148
-0.07156911445999148
-0.007606458663940385
-0.08394908905029297
-0.08394908905029297
-0.08394908905029297
-0.08394908905029297
-0.08394908905029297
-0.15841816311645507
-0.22052346239471438
-0.4365658760070801
-0.4365658760070801
-0.4365658760070801
-0.4365658760070801
-0.4365658760070801
0.036520332561492896
0.036520332561492896
0.13648025637435912
0.13648025637435912
0.13648025637435912
-0.024595364387512197
0.20563626289367676
0.4389857053756714
0.4389857053756714
1.5644227862358093
1.5644227862358093
-0.2988128662109375
0.041149020195007324
0.041149020195007324
0.5587241649627686
0.5587241649627686
0.5587241649627686
0.5587241649627686
-0.4343013321800232
0.13580161333084106
0.13580161333084106
-0.2850405216217041
-0.010861754417419434
-0.2850405216217041
-0.010861754417419434
0.24285930395126343
0.24285930395126343
0.24285930395126343
0.24285930395126343
0.24285930395126343
0.24285930395126343
-0.4252281343383789
-0.29168951511383057
-0.29168951511383057
-0.29168951511383057
-0.29168951511383057
-0.4119001626968384
-0.4119001626968384
-0.4119001626968384
-0.4119001626968384
2.4931833744049072
2.4931833744049072
2.4931833744049072
2.4931833744049072
0.0019261837005615234
-0.3912506103515625
-0.3912506103515625
-0.3912506103515625
-0.3912506103515625
-0.18778513317871093
-0.18778513317871093
-0.18778513317871093
-0.18778513317871093
-0.12625853663253783
0.06050032377243042
0.06050032377243042
1.5911378860473633
1.5911378860473633
0.04461485147476196
0.04461485147476196
-0.3276281952857971
-0.27347660064697266
-0.3276281952857971
-0.27347660064697266
-0.42938947677612305
-0.42938947677612305
-0.42938947677612305
-0.42938947677612305
-0.11523894911575316
-0.10196606760787963
-0.11523894911575316
-0.10196606760787963
0.21350544691085815
-0.10196606760787963
-0.10196606760787963
-0.13827216625213623
-0.13827216625213623
-0.13827216625213623
-0.13827216625213623
-0.13827216625213623
0.0811745405197144
0.49659069831848135
0.20435243844985962
0.0811745405197144
0.49659069831848135
-0.2460324764251709
-0.19644389152526853
-0.2460324764251709
-0.19644389152526853
0.03270524740219116
1.5971184968948364
1.5971184968948364
-0.17489409446716309
-0.17489409446716309
-0.14016406184005736
-0.14016406184005736
-0.14016406184005736
-0.14016406184005736
-0.14016406184005736
0.7199645042419434
0.1365414261817932
0.1365414261817932
0.1365414261817932
3.647778034210205
-0.24860399961471558
-0.4304697513580322
-0.4304697513580322
-0.4304697513580322
-0.4304697513580322
-0.4304697513580322
-0.29483240842819214
0.14845582409286495
0.14845582409286495
-0.06141698360443115
0.14845582409286495
0.14845582409286495
-0.21792268753051758
-0.21792268753051758
-0.21792268753051758
-0.21792268753051758
-0.21792268753051758
-0.21792268753051758
-0.21792268753051758
-0.3496077060699463
-0.3496077060699463
-0.3496077060699463
-0.3496077060699463
0.17180311679840088
0.17180311679840088
0.17180311679840088
0.17180311679840088
0.8139253783416747
0.8139253783416747
0.8139253783416747
0.8139253783416747
1.63728666305542
0.6372866630554199
0.5134953260421753
1.63728666305542
0.5134953260421753
0.18649649620056152
0.18649649620056152
0.18649649620056152
0.18649649620056152
-0.3506547808647156
-0.11761331558227539
-0.11761331558227539
-0.11761331558227539
-0.11761331558227539
-0.11761331558227539
-0.3758312463760376
-0.265186071395874
0.9518540501594543
0.9518540501594543
0.9518540501594543
0.9518540501594543
-0.12719611769485473
0.1830819845199585
-0.12719611769485473
0.1830819845199585
0.053676724433898926
0.053676724433898926
2.6310763359069824
1.188861906528473
2.6310763359069824
1.188861906528473
-0.2008986473083496
0.18129116296768188
-0.10692571049499511
0.18129116296768188
-0.11265873908996582
-0.10692571049499511
0.2177630066871643
-0.5522384643554688
-0.5522384643554688
-0.2557142972946167
-0.5522384643554688
0.0921475887298584
-0.2557142972946167
0.8363934755325317
0.8363934755325317
0.8363934755325317
0.8363934755325317
-0.282808780670166
-0.282808780670166
-0.282808780670166
-0.282808780670166
-0.282808780670166
0.45235081966400137
0.45235081966400137
0.45235081966400137
0.45235081966400137
0.6351044178009033
0.6351044178009033
0.6351044178009033
0.6351044178009033
-0.2224276065826416
-0.36905360221862793
-0.45086419582366943
-0.2224276065826416
-0.45086419582366943
-0.35223841667175293
-0.35223841667175293
2.229536771774292
-0.2637861967086792
-0.2637861967086792
-0.2637861967086792
-0.39700984954833984
2.640331268310547
2.640331268310547
2.640331268310547
2.640331268310547
0.10433715581893921
0.10433715581893921
0.10433715581893921
0.10433715581893921
-0.3115694522857666
-0.3115694522857666
-0.18357551097869873
-0.3956628441810608
-0.3956628441810608
-0.3956628441810608
-0.3956628441810608
-0.30998218059539795
-0.30998218059539795
-0.12624526023864746
-0.30998218059539795
-0.30998218059539795
-0.30998218059539795
3.5749720335006714
1.6090652346611023
3.5749720335006714
1.6090652346611023
-0.2984905242919922
-0.2984905242919922
-0.2984905242919922
-0.12624526023864746
-0.12624526023864746
-0.2984905242919922
-0.12624526023864746
-0.5522384643554688
-0.5522384643554688
-0.5522384643554688
0.14571011066436768
0.14571011066436768
-0.6439082161132812
-0.6233319363540649
-0.6439082161132812
-0.6233319363540649
1.7873954772949219
0.28024840354919434
0.28024840354919434
0.28024840354919434
0.28024840354919434
1.513455867767334
1.513455867767334
1.2138307094573975
1.2138307094573975
0.7742326609420775
0.7742326609420775
0.7742326609420775
0.7742326609420775
1.1871798634529114
-0.20397955179214478
-0.20397955179214478
-0.20397955179214478
-0.20397955179214478
-0.07459819316864014
0.5944262146949768
0.0944262146949768
0.0944262146949768
0.5944262146949768
0.5944262146949768
0.5944262146949768
2.4889883995056152
2.488987445831299
1.0257196426391602
1.0257196426391602
-0.082669838722229
0.17459243535995483
-0.082669838722229
0.17459243535995483
-0.3500843048095703
-0.3500843048095703
-0.3500843048095703
-0.3500843048095703
-0.3500843048095703
-0.3500843048095703
-0.6902354240417481
-0.18745672702789307
-0.4855002164840698
-0.22510123252868652
-0.22510123252868652
-0.2879124879837036
-0.2879124879837036
-0.15478515625
-0.2879124879837036
-0.03413832187652588
-0.03413832187652588
-0.03413832187652588
-0.03413832187652588
0.7781106233596802
0.16904205083847046
0.16904205083847046
0.16904205083847046
0.7781106233596802
0.16904205083847046
-0.22188937664031982
0.7781106233596802
-0.36244189739227295
-0.32416343688964844
-0.32416343688964844
-0.32416343688964844
-0.25631749629974365
0.031699955463409424
0.031699955463409424
0.21236145496368408
-0.29503411054611206
-0.29503411054611206
0.031699955463409424
-0.3386801481246948
-0.3386801481246948
-0.3386801481246948
0.5109180450439452
0.5109180450439452
0.5109180450439452
0.5109180450439452
-0.011605024337768555
-0.011605024337768555
-0.40802597999572754
-0.011605024337768555
-0.011605024337768555
-0.28535592555999756
-0.28535592555999756
-0.28535592555999756
-0.28535592555999756
-0.28535592555999756
-0.285355806350708
2.6670234203338623
-0.2939969301223755
-0.2939969301223755
-0.2939969301223755
-0.2939969301223755
-0.2939969301223755
1.4728577136993408
1.4728577136993408
1.4728577136993408
1.4728577136993408
-0.06883148794937133
-0.06883148794937133
-0.22882944345474243
0.24194753170013428
0.24194753170013428
-0.22882944345474243
8.506973266601562
0.6220695619392396
0.16768985986709595
-0.30514252185821533
-0.30514252185821533
1.571000099182129
1.571000099182129
1.571000099182129
1.571000099182129
0.0018416047096252441
1.0255718231201172
1.0255718231201172
1.0255718231201172
1.0255718231201172
1.0255718231201172
1.0255718231201172
0.2066328525543213
-0.40843701362609863
-0.11042766218948363
-0.11042766218948363
0.2066328525543213
-0.40843701362609863
-0.16736000776290894
-0.23166495561599731
1.9154555797576904
1.9154555797576904
0.20013004541397095
-0.11166038513183596
-0.28345298767089844
-0.28345298767089844
-0.28345298767089844
-0.28345298767089844
-0.28345298767089844
-0.13117938041687016
-0.13117938041687016
-0.13117938041687016
-0.13117938041687016
-0.4401669502258301
-0.11365348100662231
-0.11365348100662231
-0.11365348100662231
0.12739360332489014
0.5704748630523682
0.12739360332489014
0.12739360332489014
0.12739360332489014
-0.13194493895339965
-0.37453728914260864
-0.13194499855804442
0.1935848593711853
-0.13194493895339965
-0.13194493895339965
0.3324878215789795
0.6075871830749511
0.3324878215789795
0.7130347842407228
0.7130347842407228
-0.10156501883697511
-0.0812983512878418
-0.6898261463088989
1.7107268571853638
1.7107268571853638
0.9135949367713929
0.7107268571853638
0.9135949367713929
0.024430608749389626
-0.3854789733886719
1.202202320098877
0.6452245712280273
0.6452245712280273
0.6452245712280273
0.6452245712280273
0.6452245712280273
0.6452245712280273
0.6452245712280273
0.6452245712280273
0.5048259615898132
0.5048259615898132
0.5048259615898132
0.5048259615898132
-0.14095699787139893
-0.4943193197250366
-0.48697604293060304
-0.4943193197250366
-0.4943193197250366
-0.4943193197250366
-0.24492383003234863
-0.24492383003234863
-0.4113909602165222
-0.24492383003234863
-0.4113909602165222
-0.5512110745353699
0.570275068283081
0.570275068283081
0.570275068283081
0.570275068283081
0.570275068283081
-0.10105298405456542
-0.3479743003845215
-0.5172157287597656
-0.5172157287597656
-0.5172157287597656
-0.5172157287597656
-0.5172157287597656
-0.5172157287597656
-0.055687546730041504
-0.055687546730041504
-0.055687546730041504
-0.055687546730041504
-0.5894635165290832
-0.8918900489807129
0.27353731338500964
0.27353731338500964
0.27353683654785144
0.27353683654785144
-0.6644347155647278
-0.37561631202697754
-0.42952513694763184
-0.42952513694763184
-0.42952513694763184
0.09219938516616821
-0.25684988498687744
-0.25684988498687744
-0.41208481788635254
-0.5228211879730225
0.09376758337020874
-0.4985390901565552
-0.4985390901565552
-0.4985390901565552
-0.4985390901565552
0.12438368797302246
-0.22590973377227785
1.015398383140564
-0.22636927595710754
0.5627861266899108
0.2721582055091858
3.6288387775421143
-0.3892092704772949
-0.3892092704772949
-0.3892092704772949
-0.39851880073547363
-0.3892092704772949
1.7387588024139404
1.7387588024139404
1.7387588024139404
1.7387588024139404
0.23772138357162476
1.4951283931732178
4.463978052139282
0.748501181602478
-0.19305312633514404
-0.19305312633514404
0.748501181602478
-0.19305312633514404
-0.19305312633514404
-0.44469666481018066
-0.2659544348716736
-0.44469666481018066
-0.44469666481018066
-0.3405768871307373
-0.3405768871307373
-0.3405768871307373
-0.3405768871307373
-0.3405768871307373
0.1720554232597351
1.6947834491729736
0.8387254232597352
0.20844566822052002
-0.4782863410644531
-0.26833057403564453
0.18585914373397827
0.18585914373397827
-0.30475878715515137
-0.30475878715515137
0.8842897415161133
0.8842897415161133
-0.6521437616958619
-0.6521437616958619
-0.6521437616958619
-0.6521437616958619
0.7966999167633058
0.7966999167633058
0.7966999167633058
0.7966999167633058
1.4104771614074707
0.42121171951293945
0.21350544691085815
0.7565081715583801
0.7565081715583801
2.136003792285919
2.136003792285919
-0.49152660369873047
-0.34618661403656004
-0.34618661403656004
-0.34618661403656004
-0.34618661403656004
-0.28365612030029297
-0.28365612030029297
0.7451460361480713
-0.31469072455596925
-0.5003495693206788
-0.46858280897140503
-0.46858280897140503
-0.5003495693206788
-0.0673595666885376
-0.0673595666885376
-0.0673595666885376
-0.0673595666885376
-0.0673595666885376
-0.29840922355651855
-0.29840922355651855
-0.2949768304824829
0.1389826536178589
0.1389826536178589
0.1389826536178589
-0.2949768304824829
-0.20834577083587646
-0.4370138203544617
-0.28428810834884644
-0.4370138203544617
0.020104527473449707
-0.2399776577949524
-0.45247076397705077
0.5673587322235107
-0.2633339524269104
0.21350544691085815
0.21350544691085815
-0.1903395652770996
-0.2374429702758789
-0.2374429702758789
-0.2374429702758789
0.21350544691085815
-0.39513421058654785
-0.39513421058654785
-0.39513421058654785
-0.2581336498260498
-0.5043520927429199
0.19754600524902344
-0.2978503108024597
-0.29785025119781494
-1.1247658729553223
-0.5850834997825622
-0.5850834997825622
-0.5850834997825622
-0.5850834997825622
-0.5467968463897706
-0.25476908683776855
-0.25476908683776855
-0.14146737700271605
0.5665616989135742
0.7673208713531494
-0.4041450023651123
0.5958549976348877
0.19611406326293945
0.19611406326293945
-0.3381651043891907
-0.3381651043891907
-0.144849956035614
-0.11732840538024902
-0.11732840538024902
-0.45961143130493165
-0.40981268882751465
-0.45961143130493165
0.19819432497024536
-0.4839543545799255
0.2168528437614441
-0.33836984634399414
0.2168528437614441
-0.13557841777801516
-0.13557841777801516
-0.36782509088516235
-0.41929792165756224
-0.33676658516693114
-0.19484049081802368
0.06472277641296387
-0.19484049081802368
-0.3963353633880615
-0.3963353633880615
-0.2142933368682861
1.7754813432693481
-0.21094441413879395
-0.21094441413879395
0.03307098150253296
0.03307098150253296
-0.21094441413879395
-0.21094441413879395
-0.21094441413879395
-0.1863074513244629
0.6589491367340088
0.5484626889228821
0.5484626889228821
0.13725759112167357
-0.527690589427948
-0.527690589427948
-0.475358247756958
-0.475358247756958
-0.3268670594139099
-0.3268670594139099
10.436968803405762
10.436968803405762
-0.45779778117370606
-0.45779778117370606
0.1077222228050232
-0.26727536916732786
-0.26727536916732786
0.08240395784378052
0.7538864612579346
0.13242244720458984
-0.1060815311470032
-0.1060815311470032
1.081020474433899
1.081020474433899
0.15899527072906494
0.15899527072906494
0.15899527072906494
-0.5198819637298584
-0.5198819637298584
-0.4613702451629639
-0.4613702451629639
-0.26970982551574707
0.21057188510894775
0.21057188510894775
-0.23207604885101318
-0.23207604885101318
-0.2371472716331482
-0.2371472716331482
15.980964660644531
-0.12992310523986816
-0.12992310523986816
-0.12992310523986816
0.18533772230148315
0.18533772230148315
-0.10995028858947753
-0.118660569190979
-0.10995028858947753
0.885022759437561
0.15513646602630615
0.15513646602630615
0.885022759437561
-0.10277526026535033
-0.10277526026535033
0.13961386680603027
-0.2618199586868286
0.7103073596954346
0.2730560302734375
-0.5461825132369995
-0.5461825132369995
-0.5415233373641968
-0.2602411866188049
-0.2602411866188049
-0.5415233373641968
-0.27235400676727295
-0.5415233373641968
-0.27235400676727295
0.16796362400054932
0.16796362400054932
0.125260591506958
0.08764511346817017
0.20523643493652344
0.20523643493652344
-0.3919532299041748
-0.3847839832305908
0.09640085697174072
0.5744771957397461
-0.3847839832305908
-0.2965791975898743
-0.21947336196899414
-0.2965791379852295
0.0056754350662231445
-0.23736977577209473
0.49606502056121826
-0.096244215965271
0.49606502056121826
-0.23736977577209473
-0.23736977577209473
0.7740470767021179
1.0490649342536926
-0.07514230852890014
-0.07514230852890014
0.11810529232025146
0.024965778533935556
-0.08242158537673949
0.024965778533935556
0.5477006435394287
-0.18005369549560546
-0.4752957224845886
-0.18005369549560546
0.21078622341156006
0.21078622341156006
-0.42438490742874146
-0.30318987369537354
-0.42438490742874146
-0.42438490742874146
-0.5406365394592285
-0.5343186259269714
-0.3093879222869873
-0.42001296633911134
-0.42001296633911134
0.035302698612213135
-0.42001296633911134
0.1435011625289917
0.21235895156860352
-0.3237172519607544
-0.3237172519607544
-0.2779673933982849
-0.2779673933982849
-0.2756138205528259
-0.2756138205528259
0.02150893211364746
-0.1877657175064087
-0.1877657175064087
-0.2779698967933655
-0.2779698967933655
0.01940609568786622
0.13378608226776123
0.13378608226776123
0.01940609568786622
-0.29263925552368164
-0.29263925552368164
-0.08745370751190185
-0.049259945209503164
0.23558735847473145
-0.049259945209503164
-0.049259945209503164
-0.049259945209503164
-0.049259945209503164
-0.3825939452095032
-0.11013386249542234
-0.11013386249542234
0.223737895488739
-0.14069372415542603
-0.14069372415542603
-0.38886173123550416
0.020770549774169922
-0.2939149737358093
-0.2939149737358093
-0.2939149737358093
0.21075302362442017
0.21075302362442017
-0.35483014583587646
0.665938675403595
0.665938675403595
1.680915355682373
1.680915355682373
1.680915355682373
0.16593867540359497
-0.31908464431762695
0.1670781970024109
0.9413223266601562
0.9413223266601562
-0.05867767333984375
-0.33218419551849365
-0.19194811582565308
-0.19194811582565308
-0.19194811582565308
-0.19194811582565308
-0.19194811582565308
-0.11707282066345215
0.19513177871704102
-0.11383010501098634
-0.11383010501098634
-0.25541383028030396
-0.3966535484237671
0.1281287670135498
-0.3966535484237671
-0.3541327714920044
-0.3405383825302124
-0.32999908924102783
-0.1871476173400879
-0.1871476173400879
-0.32999908924102783
0.16142159700393677
0.16142159700393677
0.16142159700393677
0.16142159700393677
-0.47352089011001586
-0.2812194530830383
0.22430557012557983
-0.170650577545166
-0.2812194530830383
-0.47352089011001586
0.1255313754081726
0.1255313754081726
0.34792959690093994
0.34792959690093994
-0.22603297233581543
-0.22603297233581543
-0.31891260147094724
-0.31891260147094724
-0.4053685223503113
-0.3640317916870117
0.19148802757263184
0.5895946865844726
0.5895946865844726
0.3829485774040222
0.21350544691085815
0.3829485774040222
2.191488027572632
-0.050711870193481445
0.0502792751235962
-0.050711870193481445
-0.35220672244262696
0.2668054699897766
-0.14760540495300295
-0.2331945300102234
-0.26241058111190796
-0.27212525958251954
-0.27212525958251954
-0.14760540495300295
-0.3954235792160034
-0.4324934959411621
-0.3600765621109009
-0.4324934959411621
0.017315125465393044
0.34391993284225464
0.14684998989105225
-0.01840972900390625
0.34391993284225464
-0.40608006715774536
-0.40608006715774536
-0.01840972900390625
-0.21479471325874328
-0.1966701900405884
-0.21479471325874328
-0.30270728504943845
-0.30270728504943845
-0.2937630569381714
0.009610892063140919
0.062428057193756104
-0.307583645526886
0.009610892063140919
-0.45789265632629395
0.0356869101524353
0.0356869101524353
0.0356869101524353
0.09839606285095215
0.09839606285095215
0.09839606285095215
0.09839606285095215
-0.3811717187805176
0.19591153931426997
0.14358122348785396
-0.1609100103378296
-0.0658061742782593
0.15469603186416625
0.19591153931426997
-0.009279489517211914
0.14358122348785396
-0.3336059331893921
-0.3084588050842285
-0.3336059331893921
-0.3084588050842285
0.01972200030517579
-0.3615692138671875
0.14477115869522095
-0.3615692138671875
0.14477115869522095
0.16095954179763794
-0.16864887475967405
-0.16864887475967405
0.06639337539672852
0.2182159423828125
-0.4777489185333252
-0.1581830382347107
-0.4777489185333252
0.06639343500137329
-0.1581830382347107
-0.45638954639434814
-0.5016164183616638
0.7198150157928467
-0.09830363988876345
-0.3944511120185852
0.026559770107269287
-0.3944511120185852
-0.2515941120185852
-0.0810906732635498
-0.274824857711792
-0.2515941120185852
-0.0405756676750183
0.005120754241943359
-0.42065645808410645
-0.24487924575805664
-0.4330929672164917
-0.24487924575805664
0.005120754241943359
-0.3489215676651001
0.5880734920501709
2.0141995549201965
0.014199554920196533
0.5880734920501709
0.6161324625778197
0.6161324625778197
0.9637565612792969
0.9637565612792969
0.16785067319869995
-0.03505327701568606
0.06526839733123779
0.021901831726074183
0.021901831726074183
-0.3352982997894287
-0.09852586632537841
-0.03505327701568606
0.07508432865142822
-0.27939265966415405
-0.27939265966415405
-0.35241633653640747
0.20413899421691895
-0.3939663767814636
-0.2761542797088623
-0.3939663767814636
0.12582409381866455
-0.3406496202392578
0.03047845363616941
0.03047845363616941
0.5912559872436522
-0.009655237197875977
-0.20362800359725952
-0.29091888666152954
-0.20362800359725952
-0.3927523935394287
-0.2031359826965332
-0.2031359826965332
-0.11194443702697754
-0.28649455308914185
-0.28649455308914185
-0.28649455308914185
-0.28649455308914185
-0.42199488038253785
0.012043654918670654
-0.42199488038253785
-0.22043286209869384
-0.16166231632232664
0.15047669410705566
-0.16166231632232664
0.15047669410705566
-0.08348602056503296
0.007674769107818613
-0.08348602056503296
0.05529916286468506
0.06304298410797116
-0.3443944454193115
0.06304298410797116
0.2186737060546875
-0.20450897568893434
-0.38324038982391356
-0.20450897568893434
-0.3840976357460022
-0.3840976357460022
-0.23687833547592163
-0.39454187506866456
-0.39454187506866456
-0.2751229405403137
1.0008456110954285
0.0008456110954284668
1.0008456110954285
0.0008455514907836914
0.21667838096618652
0.21667838096618652
1.0563923716545105
0.4937818646430969
0.16044886464309693
0.7275716662406921
0.4937818646430969
-0.3443944454193115
0.2358543872833252
0.16044886464309693
-0.285372793674469
-0.285372793674469
-0.37996530532836914
-0.26677602529525757
-0.15879154205322266
-0.09329283237457275
-0.15879154205322266
0.09120845794677734
0.09120845794677734
0.04656505584716797
-0.47041624784469604
-0.47041624784469604
3.620034694671631
2.620034694671631
2.620034694671631
3.620034694671631
-0.39048516750335693
-0.39048516750335693
-0.2539148485107422
-0.2539148485107422
-0.15430039167404175
-0.15430039167404175
-0.020499134063720725
0.21424990892410278
-0.27930039167404175
-0.27930039167404175
-0.30616323947906493
-0.30616323947906493
-0.30616323947906493
-0.30616323947906493
-0.3469897508621216
0.17056435346603394
-0.3469897508621216
-0.14055252075195312
0.0796328341407776
-0.315443754196167
0.0796328341407776
-0.20336136817932127
-0.20336136817932127
-0.08107493763732909
-0.3925825511856079
-0.20336136817932127
-0.20336136817932127
0.1792723536491394
0.1792723536491394
-0.21880008334350587
-0.24723732471466064
-0.3786863565444946
-0.3786863565444946
-0.21880008334350587
0.2490708827972412
-0.35660719871520996
-1.35660719871521
-0.35660743713378906
-0.35660743713378906
-0.35660719871520996
0.7326467633247375
0.30950538759994506
0.45592641830444336
0.45592641830444336
0.30950538759994506
-0.11223196983337402
-0.11223196983337402
-0.11223196983337402
-0.11223196983337402
-0.11223196983337402
0.5895519256591797
-0.4436594843864441
-0.2590309977531433
-0.4436594843864441
-0.17273502121353151
0.20309674739837646
-0.23791897296905518
0.3986939787864685
0.34067898988723755
0.10539650917053223
-0.0340449059562683
0.17796802520751953
-0.17273502121353151
0.3986939787864685
-0.16787326335906982
-0.16787326335906982
-0.24814511889648438
-0.039461374282836914
-0.009554668720245352
0.19190293550491333
-0.009554668720245352
-0.009554668720245352
-0.009554668720245352
-0.009554668720245352
-0.2856294512748718
-0.2856294512748718
-0.035629451274871826
-0.035629451274871826
0.1813974380493164
-0.035629451274871826
0.13902437686920166
0.16418105363845825
0.3119148015975952
0.16418105363845825
0.07320010662078857
0.06779084205627439
0.06779084205627439
-0.09402249699401855
-0.09402249699401855
0.5726405030059813
0.10556238889694214
0.5726405030059813
-0.10849690437316895
-0.421755313873291
-0.421755313873291
-0.421755313873291
-0.2570872187614441
-0.2570872187614441
-0.21055090427398682
-0.1385820508003235
-0.27444411868286134
-0.27444411868286134
-0.27444411868286134
-0.21055090427398682
0.09326659440994267
0.09326659440994267
0.20740115642547607
0.09326659440994267
0.09326659440994267
-0.3021172881126404
-0.5911476016044617
-0.5911476016044617
-0.17404375076293943
-0.34114760160446167
-0.17404375076293943
0.538844371395111
0.538844371395111
-0.1278186286048889
-0.1278186286048889
-0.21328234672546387
-0.21328234672546387
-0.21328234672546387
-0.28222036361694336
-0.28222036361694336
-0.03222036361694336
-0.03222036361694336
-0.03222036361694336
-0.4955146312713623
-0.4955146312713623
-0.472217754070282
-0.472217754070282
-0.472217754070282
-0.36729496717453003
-0.36729496717453003
-0.2024204134941101
-0.08222139477729795
-0.08222139477729795
-0.0156857967376709
-0.0156857967376709
-0.2656857967376709
-0.20866763591766357
-0.2656857967376709
-0.0156857967376709
-0.25072550773620605
-0.43532896041870117
-0.43532896041870117
-0.399365917388916
0.015026688575744629
-0.399365917388916
-0.31768248081207273
-0.3483311092300415
-0.3483311092300415
-0.31768248081207273
-0.11773943901062012
0.1739768385887146
0.1739768385887146
0.1739768385887146
0.1739768385887146
0.1739768385887146
0.13695663213729858
0.24107080698013306
0.24107080698013306
-0.02993421202468871
-0.02993421202468871
-0.1790788173675537
0.03111112117767334
0.03111112117767334
0.03111112117767334
-0.37410162335205077
-0.060160279273986816
-0.37410162335205077
-0.18707865476608276
0.1973731517791748
0.1973731517791748
0.1973731517791748
-0.18707865476608276
-0.4157599961204529
-0.4157599961204529
-0.2159549593925476
0.20712554454803467
-0.2159549593925476
-0.26856517791748047
-0.38031758422088624
-0.38031758422088624
-0.26856517791748047
-0.38031758422088624
-0.31388068199157715
0.04081723690032957
0.2855411767959595
0.04081723690032957
0.20115232467651367
0.18867772817611694
0.10484904050827026
0.10484904050827026
-0.05414479970932007
-0.06854445338249204
0.10497981309890747
-0.06854448318481443
-0.05414479970932007
0.14973920583724976
-0.06819385290145874
-0.06819385290145874
0.20666873455047607
-0.30995513552856446
-0.30995513552856446
-0.2383202314376831
-0.2383202314376831
-0.2383202314376831
-0.2870347499847412
-0.2870347499847412
-0.09530810957717895
0.045433640480041504
-0.09530810957717895
0.045433640480041504
-0.19459859132766721
-0.3945985913276672
-0.3945985913276672
-0.040047526359558105
-0.5111212730407715
