0.07092970609664917
0.07092970609664917
0.42907029390335083
3.0286068320274353
3.0286068320274353
3.0286068320274353
3.0286068320274353
0.007711068336486826
0.1269292389793396
0.1269292389793396
0.1269292389793396
0.1269292389793396
0.21087968349456787
0.27847148532104493
0.27847148532104493
0.3339763879776001
0.30802464485168457
0.3339763879776001
0.22097182273864746
1.1690953969955444
1.1690953969955444
2.5120763778686523
2.5120763778686523
0.1959328805847168
0.1959328805847168
0.1959328805847168
0.1959328805847168
0.34032076597213745
0.34032076597213745
0.34020362817573546
0.3402035983734131
0.2777363061904907
1.8941942995357515
1.8941942995357515
1.8941942995357515
1.8941942995357515
0.09785427207183839
0.09785427207183839
0.1173027753829956
0.1173027753829956
0.017472267150878906
0.2620480537414551
2.7453970909118652
0.25460290908813477
2.7453970909118652
0.2620480537414551
0.07669287919998169
0.19948814739799497
0.19948814739799497
0.07669287919998169
0.8114368617534637
0.5048999400901795
0.5048999400901795
0.8114368617534637
0.34291303157806396
0.34291303157806396
0.4222145080566406
0.4222145080566406
0.20466081852149964
0.20466081852149964
0.1202288269996643
0.006020581722259499
0.12022888660430908
0.006020581722259499
0.1202288269996643
0.1202288269996643
0.7857773303985596
0.3192142844200134
0.3192142844200134
0.3192142844200134
0.3102768659591675
1.2302730679512024
1.2302730679512024
0.5843182452392579
0.5843182452392579
0.5029823780059814
0.5029823780059814
0.2233128547668457
0.5029823780059814
0.5029823780059814
0.3142091477470398
0.3142091477470398
0.29718207120895385
0.29718207120895385
10.98131787776947
10.98131787776947
10.98131787776947
10.98131787776947
0.2966947555541992
0.2966947555541992
0.012645536661148093
0.012645536661148093
0.012645536661148093
0.012645536661148093
0.6564383506774902
0.49035054445266724
0.6564383804798126
0.6564383804798126
0.6564383804798126
0.3312283754348755
0.3312283754348755
0.13110478276443482
0.13110478276443482
1.3436738620185853
1.3436738620185853
1.3436738620185853
1.3436738620185853
0.14758195037078858
0.14758195037078858
0.1312112808227539
0.23830175399780273
0.1312112808227539
0.2422118341369629
0.2422118341369629
0.3943380117416382
0.3588012456893921
0.3943380117416382
0.1536790609359741
0.1536790609359741
0.08662413006591796
0.15111422538757324
0.08662413006591796
0.3290414810180664
0.3290414810180664
0.03758261447525024
0.08002001093482972
0.08002001093482972
0.037582823091506956
0.3372225761413574
0.3693005442619324
0.3693005442619324
0.3372225761413574
0.18135690689086914
0.18135690689086914
1.1813569068908691
1.1813569068908691
1.1813569068908691
0.18135690689086914
0.18135690689086914
1.1813569068908691
0.873504638671875
0.4854464530944824
2.2156482219696043
2.2156482219696043
2.2156482219696043
2.2156482219696043
0.43785494565963745
0.36135172843933105
0.5091519951820374
0.5091519951820374
0.5091519951820374
0.5091519951820374
0.08849501609802246
0.08849501609802246
0.08849501609802246
0.08849501609802246
0.9511865973472595
1.4385952949523926
1.4385952353477478
1.4385952353477478
1.4385952949523926
0.22894391463851926
0.10993379426574712
0.10993379426574712
0.22894391463851926
0.15005165338516235
0.2755470275878906
0.2755470275878906
0.2755470275878906
0.2755470275878906
0.2966701924800873
0.2966701924800873
0.2966701924800873
0.2966701924800873
0.15661364793777466
0.13537971605873106
0.13537971605873106
0.2944300925178528
0.2944300925178528
0.3909534811973572
0.40192711353302
0.275144100189209
0.724855899810791
0.38649606704711914
0.38649606704711914
0.2878676652908325
0.2878676652908325
0.1691504716873169
0.1691504716873169
0.11050289869308472
0.24901793003082273
0.08003245104599
0.24901793003082273
1.2820535898208618
0.08003257025527954
0.04598081111907959
0.04598081111907959
0.04598081111907959
0.04598081111907959
0.006654187496185293
0.006654187496185293
0.531446099281311
0.531446099281311
0.531446099281311
0.531446099281311
0.23243732804489137
0.2710659623146057
0.23243732804489137
0.44257456064224243
0.2710659623146057
0.2643902182579041
0.2643902182579041
0.2643902182579041
0.2643902182579041
0.06045067310333252
0.06045067310333252
0.06045067310333252
0.06045067310333252
0.06045067310333252
0.9583836138248443
0.35409921407699585
0.9583836138248443
0.3540992736816406
0.18126583099365234
0.19835227727890015
0.19835227727890015
0.3191053867340088
0.18126559257507324
0.2859669208526612
0.3191053867340088
0.938827633857727
0.19835227727890015
0.2075839932098389
0.19835227727890015
0.938827633857727
0.3191053867340088
0.18126559257507324
0.2075839932098389
0.34430408477783203
0.34430408477783203
0.34430408477783203
0.14407610893249512
0.14407610893249512
0.15490496158599854
0.03570936689758303
0.03570936689758303
0.26154133677482605
0.15490496158599854
0.7831383943557739
0.6670069098472595
0.6670069098472595
2.8252601623535156e-05
2.8252601623535156e-05
1.8117852210998535
0.9021887129116057
1.2445032000541687
0.5214895009994507
0.20245778560638428
0.20245778560638428
0.06504350900650024
0.06504350900650024
0.5923123582656861
0.5923123582656861
0.5923123582656861
0.5923123582656861
0.4667186141014099
0.02986586093902588
0.02986586093902588
0.02986586093902588
0.02986586093902588
0.16270281428527833
0.3463996648788452
0.16270281428527833
0.16270281428527833
0.16270281428527833
0.010843992233276367
0.3407389521598816
0.3407389521598816
0.3407389521598816
0.3407389521598816
0.005410706996917702
0.005410706996917702
0.09643305892181397
0.005410706996917702
0.005410706996917702
0.3804907202720642
0.2616231441497803
0.2616231441497803
0.09682142734527588
0.09682142734527588
0.08978585952949525
0.09052658081054688
0.08978585952949525
0.010255098342895508
1.7929939031600952
1.7929939031600952
1.7929939031600952
1.7929939031600952
1.7929939031600952
1.7929939031600952
0.12081801891326904
0.40024828910827637
0.12081801891326904
0.40024828910827637
0.40024828910827637
0.12081801891326904
0.40024828910827637
0.03355051631164552
0.03355051631164552
0.03355051631164552
0.03355051631164552
0.3202643394470215
0.5696071982383728
0.686945915222168
0.07866942882537842
0.686945915222168
0.5696071982383728
0.2535897493362427
0.1334556793613434
0.1334556793613434
0.2535897493362427
0.13345570916366578
0.2650662064552307
0.8899163007736206
0.4407470226287842
0.2586578130722046
0.2586578130722046
0.2586578130722046
0.2586578130722046
0.2586578130722046
0.330949068069458
0.330949068069458
0.17660969495773315
0.17660969495773315
2.978362500667572
2.978362500667572
2.978362500667572
2.978362500667572
0.08901524543762207
0.08901524543762207
0.6182960569858551
1.8608930110931396
1.8608930110931396
0.6648712754249573
1.1333134770393372
0.6648712754249573
0.11274381035995484
0.49637657403945923
0.5249272584915161
0.5249272584915161
0.11274381035995484
0.06922507286071777
0.06922495365142822
0.06922495365142822
0.06922495365142822
0.06922495365142822
0.028676255996704092
0.7920385599136353
0.7920385599136353
0.1480066180229187
0.1480066180229187
0.20796144008636475
0.7920385599136353
0.13681292533874512
0.13681292533874512
0.06355384588241575
0.06355384588241575
0.18869590759277344
0.1910523772239685
0.32537861222457887
0.1910523772239685
0.9557185173034668
0.1910523772239685
0.1910523772239685
0.32537861222457887
0.1910523772239685
0.12350821495056152
0.31169426441192627
0.9811122417449951
0.018887758255004883
0.9811122417449951
0.9811122417449951
0.31169426441192627
0.31169426441192627
0.3063701391220093
0.24520719051361084
0.24520719051361084
0.9930091500282288
0.5094313621520996
1.8479602336883545
0.5094313621520996
0.7197275161743164
0.7197275161743164
0.9930091500282288
0.1718360304832458
0.1718360304832458
0.1718360304832458
0.1718360304832458
0.25357985496520996
0.25357985496520996
0.25357985496520996
0.25357985496520996
0.18665993213653564
0.18665993213653564
0.18665993213653564
0.18665993213653564
0.18665993213653564
0.25563292151260375
0.2160359025001526
0.2972654581069946
0.2972654581069946
0.25563292151260375
0.18503206968307495
0.18503206968307495
0.3715342879295349
0.3715342879295349
0.9530756413936614
0.9530756413936614
0.3855246603488922
0.3855246603488922
0.3855246603488922
0.3855246603488922
0.11124736070632935
0.11124736070632935
0.11124736070632935
0.11124736070632935
0.8608700037002563
0.14319241046905518
0.20300209522247314
1.7256843691635133
0.8254781609344481
1.7256843691635133
0.9678704679012298
0.9678704679012298
0.2541799545288086
0.2541799545288086
0.2541799545288086
0.26510244607925415
0.2549889087677002
0.26510244607925415
0.26510244607925415
0.26510244607925415
0.28677839040756226
0.28677839040756226
0.47859036922454834
0.0342097282409668
0.47859036922454834
0.28677836060523987
0.23521785492134095
0.23521785492134095
0.23521785492134095
0.23521785492134095
1.5788452625274658
0.30877803564071654
0.30877803564071654
0.27157318592071533
0.30877803564071654
0.30877803564071654
0.036005562543868996
0.036005562543868996
0.036005562543868996
0.036005562543868996
0.7704365849494934
0.07185053825378418
0.07185053825378418
0.5847709774971008
0.3623947501182556
0.5593496263027191
0.2565498411655426
0.2565498411655426
0.5847709774971008
0.24749130010604858
0.24749130010604858
0.24749130010604858
0.24749130010604858
0.24749130010604858
0.13163435459136963
0.13163435459136963
0.13163435459136963
0.13163435459136963
9.217673361301422
9.217673361301422
9.217673361301422
9.217673361301422
11.632374048233032
0.07531526684761047
0.07531526684761047
0.27837562561035156
0.27837562561035156
0.46356064081192017
0.3539438247680664
0.16524467468261717
1.6793172955513
1.6793172955513
1.6793172955513
1.6793172955513
0.12958979606628418
0.12958979606628418
0.12958979606628418
0.12958979606628418
0.6426140069961548
0.3013545274734497
0.8223652839660645
0.8223652839660645
0.8223652839660645
0.8223652839660645
0.3652084469795227
1.0617995262145996
2.210058569908142
1.4544665217399597
1.0617995262145996
1.0617995262145996
1.0617995262145996
1.4544665217399597
2.2363354563713074
0.1626232326030731
0.04926668037986753
0.3283810769958496
0.04926668037986753
0.08800128698348997
0.08800128698348997
0.11265921592712402
0.2072962522506714
0.2072962522506714
0.2072962522506714
0.2072962522506714
0.5535143911838531
0.5535143911838531
0.6690012812614441
0.6690012812614441
0.3672845244407654
0.3672845244407654
0.3672845244407654
0.3672845244407654
0.2014467716217041
0.2014467716217041
0.2014467716217041
0.2014467716217041
0.2014467716217041
0.26751211331939695
0.3464847385883332
0.26751211331939695
0.26751211331939695
0.26751211331939695
0.3464847385883332
0.13393938541412354
0.13393938541412354
0.13393938541412354
0.13393938541412354
0.13393938541412354
0.24384613389205934
0.09633798827743528
0.14653873443603516
0.14653873443603516
0.14653873443603516
0.14653873443603516
0.14653873443603516
0.27733638928985593
0.27733638928985593
0.38794062977600097
0.38794062977600097
0.38794062977600097
0.22513739818763734
0.3633662462234497
0.7966525256633759
0.7966525256633759
1.7531469464302063
1.7531469464302063
0.21913719177246094
0.3772317171096802
0.3772317171096802
0.7332932949066162
0.7332932949066162
0.7332932949066162
0.7332934141159058
0.11556719297599793
0.23943006992340088
0.23943006992340088
0.06670174598693845
0.31022000312805176
0.06670174598693845
0.31022000312805176
0.5257086157798767
0.5257086157798767
0.5257086157798767
0.5257086157798767
0.5257086157798767
0.5257086157798767
0.15696446651649476
0.5493946075439453
0.5493946075439453
0.5493946075439453
0.5493946075439453
0.325364351272583
0.325364351272583
0.325364351272583
0.325364351272583
2.6546863317489624
2.6546863317489624
2.6546863317489624
2.6546863317489624
0.2939317226409912
0.17618584632873535
0.17618584632873535
0.17618584632873535
0.17618584632873535
0.003376380149841318
0.003376380149841318
0.003376380149841318
0.003376380149841318
0.08570249432754518
0.30750930309295654
0.30750930309295654
2.016612470149994
2.016612470149994
0.16015756130218506
0.16015756130218506
0.1591596007347107
0.06127512454986572
0.1591596007347107
0.06127512454986572
0.21116650104522705
0.21116650104522705
0.21116650104522705
0.21116650104522705
0.08815415257644654
0.11660434359741212
0.08815415257644654
0.11660434359741212
0.3526473045349121
0.11660434359741212
0.11660434359741212
0.01068568229675293
0.01068568229675293
0.01068568229675293
0.01068568229675293
0.01068568229675293
0.3990611910820008
0.8275355940628051
0.399608850479126
0.3990611910820008
0.8275355940628051
0.12018418312072754
0.08738478422164919
0.12018418312072754
0.08738478422164919
0.24939167499542236
1.824430227279663
1.824430227279663
0.23752319812774658
0.23752319812774658
0.1863275920791626
0.1863275920791626
0.1863275920791626
0.1863275920791626
0.1863275920791626
0.9982724189758301
0.15248900651931763
0.15248900651931763
0.15248900651931763
3.7396152019500732
0.33389562368392944
0.3523954153060913
0.3523954153060913
0.3523954153060913
0.3523954153060913
0.3523954153060913
0.2748541831970215
0.022776935859680214
0.022776935859680214
0.19513797760009766
0.022776935859680214
0.022776935859680214
0.03751248121261597
0.03751248121261597
0.03751248121261597
0.03751248121261597
0.03751248121261597
0.03751248121261597
0.03751248121261597
0.13624322414398193
0.13624322414398193
0.13624322414398193
0.13624322414398193
0.044071972370147705
0.044071972370147705
0.044071972370147705
0.044071972370147705
2.2777339744758605
2.2777339744758605
2.2777339744758605
2.2777339744758605
1.834938883781433
0.8349388837814331
0.8066911101341248
1.834938883781433
0.8066911101341248
0.21411514282226562
0.21411514282226562
0.21411514282226562
0.21411514282226562
0.007306158542633057
0.2778451442718506
0.2778451442718506
0.2778451442718506
0.2778451442718506
0.2778451442718506
0.09843891859054565
0.2675968408584595
1.278647541999817
1.278647541999817
1.278647541999817
1.278647541999817
0.1163144862098694
0.20167428255081177
0.1163144862098694
0.20167428255081177
0.11461186408996582
0.11461186408996582
2.8687024116516113
1.2079187631607056
2.8687024116516113
1.2079187631607056
0.19792574644088745
0.4504902958869934
0.16513396853637696
0.4504902958869934
0.21285545825958252
0.16513396853637696
0.1471710205078125
0.28624749183654785
0.28624749183654785
0.03627967834472656
0.28624749183654785
0.0009810328483581543
0.03627967834472656
0.8904174566268921
0.8904174566268921
0.8904174566268921
0.8904174566268921
0.20374882221221924
0.20374882221221924
0.20374882221221924
0.20374882221221924
0.20374882221221924
0.8588655536937713
0.8588655536937713
0.8588655536937713
0.8588655536937713
0.8836420774459839
0.8836420774459839
0.8836420774459839
0.8836420774459839
0.2808629274368286
0.15095901489257812
0.3545701503753662
0.2808629274368286
0.3545701503753662
0.35874176025390625
0.35874176025390625
3.0069074630737305
0.18970239162445068
0.18970239162445068
0.18970239162445068
0.165641188621521
2.9037126302719116
2.903712749481201
2.903712749481201
2.9037126302719116
0.51997110247612
0.51997110247612
0.51997110247612
0.51997110247612
0.06261324882507324
0.06261324882507324
0.4883568286895752
0.019971102476119995
0.019971102476119995
0.019971102476119995
0.019971102476119995
0.2716156244277954
0.2716156244277954
0.035320162773132324
0.2716156244277954
0.2716156244277954
0.2716156244277954
3.863077163696289
1.8982312679290771
3.863077163696289
1.8982312679290771
0.07239007949829102
0.07239007949829102
0.07239007949829102
0.035320162773132324
0.035320162773132324
0.07239007949829102
0.035320162773132324
0.28624749183654785
0.2862473726272583
0.2862473726272583
0.3239552974700928
0.3239552974700928
0.7513502374832153
0.7749824843353271
0.7513502374832153
0.7749824843353271
2.0221277475357056
0.8439063727855682
0.8439063727855682
0.8439063727855682
0.8439063727855682
2.52667960524559
2.52667960524559
1.837250292301178
1.837250292301178
1.3846887699890136
1.3846887699890136
1.3846887699890136
1.3846887699890136
1.499132752418518
0.31438910961151123
0.31438910961151123
0.31438910961151123
0.31438910961151123
0.27870672941207886
0.7229407429695129
0.22294074296951294
0.22294074296951294
0.7229407429695129
0.7229407429695129
0.7229408025741577
6.7307209968566895
6.730721116065979
3.2662497758865356
3.2662497758865356
0.2932788586063385
0.3508622646331787
0.2932788586063385
0.3508622646331787
0.07983911037445068
0.07983911037445068
0.07983911037445068
0.07983911037445068
0.07983911037445068
0.07983911037445068
0.20912073850631713
0.14396882057189941
0.07705467939376831
0.20131683349609375
0.20131683349609375
0.16113173961639404
0.16113173961639404
0.019335269927978516
0.16113173961639404
0.15406644344329834
0.15406644344329834
0.15406644344329834
0.15406644344329834
1.043738842010498
0.4620257616043091
0.4620257616043091
0.4620257616043091
1.043738842010498
0.4620257019996643
0.04373884201049805
1.043738842010498
0.0736548900604248
0.12894129753112793
0.12894129753112793
0.12894129753112793
0.10919582843780518
0.07509124279022217
0.07509124279022217
0.08749359846115112
0.05599278211593628
0.05599278211593628
0.07509124279022217
0.1617262363433838
0.1617262363433838
0.1617262363433838
0.9683059990406035
0.9683059990406035
0.9683059990406035
0.9683059990406035
0.045794129371643066
0.045794129371643066
0.09415769577026367
0.045794129371643066
0.045794129371643066
0.048455238342285156
0.048455238342285156
0.048455238342285156
0.048455238342285156
0.048455238342285156
0.048455238342285156
2.9051320552825928
0.07999706268310547
0.07999706268310547
0.07999706268310547
0.07999706268310547
0.07999706268310547
3.3816146850585938
3.3816146850585938
3.3816146850585938
3.3816146850585938
0.04486523514556884
0.04486523514556884
0.07508373260498047
0.1930464506149292
0.1930464506149292
0.07508373260498047
28.978257656097412
0.12825856163024896
0.3610353469848633
0.4097663164138794
0.4097663164138794
1.9158618450164795
1.9158618450164795
1.9158618450164795
1.9158618450164795
0.11411309242248535
1.2452259063720703
1.2452259063720703
1.2452259063720703
1.2452259063720703
1.2452259063720703
1.245225965976715
0.24768739938735962
0.1662611961364746
0.01801611537170411
0.01801611537170411
0.2476874589920044
0.1662611961364746
0.16811597347259521
0.018794327974319458
2.1353482007980347
2.1353482007980347
0.5775843858718872
0.1601801574230194
0.26093435287475586
0.26093435287475586
0.26093435287475586
0.26093435287475586
0.26093435287475586
0.31389690637588497
0.31389690637588497
0.31389690637588497
0.31389690637588497
0.3589717149734497
0.10902807116508484
0.10902807116508484
0.10902807116508484
0.37396806478500366
1.0503844022750854
0.37396806478500366
0.37396806478500366
0.37396806478500366
0.016769334133148184
0.23336976766586304
0.01676939373779296
0.10408294200897217
0.016769334133148184
0.016769334133148184
0.6431859135627747
0.9537112658786773
0.6431859135627747
1.1047861332130433
1.1047861332130433
0.384041532333374
0.12033712863922119
0.1544241761608124
1.662700355052948
1.662700355052948
1.1734708601665498
0.662700355052948
1.1734708601665498
0.13815597295761106
0.08799910545349121
0.610231876373291
0.8469005823135376
0.8469005823135376
0.8469005823135376
0.8469005823135376
0.8469005823135376
0.8469005823135376
0.8469005823135376
0.8469005823135376
0.6614951610565185
0.6614951610565185
0.6614951610565185
0.661495041847229
0.14087343215942383
0.3233028054237366
0.24135573262405396
0.3233028054237366
0.3233028054237366
0.3233028054237366
0.09965324401855469
0.09965324401855469
0.17874014377593994
0.09965324401855469
0.17874014377593994
0.21684934252929688
1.051051378250122
1.051051378250122
1.051051378250122
1.051051378250122
1.051051378250122
0.04903148060607909
0.08357870578765869
0.3437148332595825
0.3437148332595825
0.3437148332595825
0.3437148332595825
0.3437148332595825
0.3437148332595825
0.28977441787719727
0.28977441787719727
0.28977441787719727
0.28977441787719727
0.26903180723953246
0.19429707527160645
4.985327696247101
4.985327696247101
4.985327636642456
4.985327636642456
0.30182202106285094
0.3132498264312744
0.05038440227508545
0.05038440227508545
0.05038440227508545
0.22546756267547607
0.14558535814285278
0.14558535814285278
0.015274643898010254
0.20940238237380981
0.03138327598571777
0.34149301052093506
0.34149301052093506
0.34149301052093506
0.34149301052093506
0.18675017356872559
0.07730952501296995
1.5182655453681946
0.4359783970413208
0.7995504980850219
0.5665706992149353
3.7959227561950684
0.3221367597579956
0.3221367597579956
0.3221367597579956
0.26016318798065186
0.3221367597579956
2.512922167778015
2.512922167778015
2.512922167778015
2.512922167778015
0.42337357997894287
1.6547104120254517
4.788387775421143
1.0023198127746582
0.15848588943481445
0.15848588943481445
1.0023198127746582
0.15848588943481445
0.15848588943481445
0.3609142303466797
0.494381308555603
0.3609142303466797
0.3609142303466797
0.06688511371612549
0.06688511371612549
0.06688511371612549
0.06688511371612549
0.06688511371612549
0.2919579744338989
3.6793789863586426
0.958627974433899
0.3727130889892578
0.25776113592910765
0.09514164924621582
0.4302666187286377
0.4302666187286377
0.05220460891723633
0.05220460891723633
1.0462349653244019
1.046234905719757
0.28127805906677245
0.28127805906677245
0.28127805906677245
0.28127805906677245
1.181325113220215
1.181325113220215
1.181325113220215
1.181325113220215
1.736473023891449
0.7779324352741241
1.1018376350402832
0.9811505079269409
0.9811505079269409
1.9246490001678467
1.9246490001678467
0.13304626941680908
0.04380038976669309
0.04380038976669309
0.04380038976669309
0.04380038976669309
0.2528653144836426
0.2528653144836426
0.9190486669540405
0.06379552239608766
0.1591383397579193
0.13906478881835938
0.13906478881835938
0.1591383397579193
0.14885926246643066
0.14885926246643066
0.14885926246643066
0.14885926246643066
0.14885926246643066
0.2971012592315674
0.2971012592315674
0.1355341076850891
0.21755921840667725
0.21755921840667725
0.21755921840667725
0.1355341076850891
0.062188148498535156
0.10122163647842408
0.11196297407150269
0.10122163647842408
0.38687121868133545
0.042707860469818115
0.17551766281890868
1.1424227952957153
0.07648136615753176
0.3698023557662964
0.3698023557662964
0.11414051055908203
0.016663849353790283
0.016663849353790283
0.016663849353790283
0.3698023557662964
0.11359071731567383
0.11359071731567383
0.11359071731567383
0.26340943574905396
0.17684444785118103
0.4846726655960083
0.18245208263397217
0.18245208263397217
0.14889347553253174
0.3050552757911682
0.3050552757911682
0.3050552757911682
0.3050552757911682
0.28573940992355346
0.14057838916778564
0.14057838916778564
0.03301881199645995
0.8543462753295898
0.7830338478088379
0.18123364448547363
0.8187663555145264
0.13053858280181885
0.13053858280181885
0.14217865467071533
0.14217865467071533
0.09878280758857727
0.04030966758728027
0.04030966758728027
0.2281715428276062
0.11943018436431885
0.2281715428276062
0.391243577003479
0.17312382107543944
0.11424149626922608
0.6447360515594482
0.11424149626922608
0.006199216842651345
0.006199216842651345
0.7229705452919006
0.1300078809261322
0.13791211003494264
0.06121188402175903
0.34260499477386475
0.06121188402175903
0.1342310905456543
0.1342310905456543
0.05783798694610598
2.022428274154663
0.09187698364257812
0.09187698364257812
0.31007254123687744
0.31007254123687744
0.09187698364257812
0.09187698364257812
0.09187698364257812
0.13453499357223508
1.0074481964111328
0.8107273578643799
0.8107273578643799
0.46765203797149657
0.1686580777168274
0.1686580777168274
0.34101927280426025
0.34101927280426025
0.10780264491271974
0.10780264491271974
10.640474677085876
10.640474677085876
0.11016793603134156
0.11016793603134156
0.469757616519928
0.13814017772674558
0.13814017772674558
0.18052887916564941
1.0028350949287415
0.2883254289627075
0.019991592267990133
0.019991592267990133
1.3481725454330444
1.3481725454330444
0.3564341068267822
0.3564341068267822
0.3564341068267822
0.03195977210998535
0.03195977210998535
0.13608060831260682
0.13608060831260682
0.15502792596817017
0.4249534010887146
0.4249534010887146
0.01104852557182312
0.01104852557182312
0.036329954862594604
0.036329954862594604
34.581711530685425
0.05619406700134277
0.05619406700134277
0.05619406700134277
0.23477959632873535
0.23477959632873535
0.30674190873336793
0.06730103492736816
0.30674190873336793
0.8796854019165039
0.3182804584503174
0.31828051805496216
0.8796854019165039
0.10797222012710572
0.10797222012710572
0.41311192512512207
0.2903156280517578
1.0421725511550903
0.5402774810791016
0.20482003688812256
0.20482003688812256
0.1770315170288086
0.10979501008987425
0.10979501008987425
0.1770315170288086
0.0708608627319336
0.1770315170288086
0.0708608627319336
0.017397046089172363
0.017397046089172363
0.12269842624664307
0.2947911024093628
0.6052167415618896
0.6052167415618896
0.2558685541152954
0.06532049179077148
0.2810863256454468
0.690091609954834
0.06532049179077148
0.03522072678375243
0.09974038600921631
0.03522072678375243
0.2693643569946289
0.033840954303741455
0.9558881521224976
0.10659933090209961
0.9558881521224976
0.033840954303741455
0.033840954303741455
1.0264157056808472
0.6242160797119141
0.09233780259323121
0.09233780259323121
0.11271822452545166
0.35972859019470216
0.049939767066955576
0.35972859019470216
0.6020352840423584
0.08480514640045167
0.3079303503036499
0.08480514640045167
0.03218340873718262
0.03218340873718262
0.15910719389152528
0.20916640758514404
0.15910719389152528
0.15910719389152528
0.24045956134796143
0.22152376174926758
0.05895107984542847
0.12184895629119874
0.12184895629119874
0.11394643783569336
0.12184895629119874
0.0338054895401001
0.43847769498825073
0.05785654539299012
0.05785654539299012
0.04308438301086426
0.04308438301086426
0.09357557296752927
0.09357557296752927
0.11202883720397949
0.013817071914672852
0.013817071914672852
0.043087005615234375
0.043087005615234375
0.26928247565460206
0.12973463535308838
0.12973463535308838
0.26928247565460206
0.03189212083816528
0.03189212083816528
0.130412653629303
0.24450875872802735
0.4217456579208374
0.24450875872802735
0.24450875872802735
0.24450875872802735
0.24450875872802735
0.08882524127197267
0.16968765258789065
0.16968765258789065
0.3109300136566162
0.051366984844207764
0.051366955041885376
0.26105870360565187
0.10062813758850098
0.2011185884475708
0.2011185884475708
0.2011185884475708
0.47365039587020874
0.47365039587020874
0.10096776485443115
0.871979832649231
0.871979832649231
1.9001212120056152
1.9001212120056152
1.9001212120056152
0.37197983264923096
0.09987878799438477
0.09402799606323242
0.8954818248748779
0.8954818248748779
0.10451817512512207
0.02464151382446289
0.0005213022232055664
0.0005213022232055664
0.0005213022232055664
0.0005213022232055664
0.0005213022232055664
0.01157069206237793
0.4789167046546936
0.015165106002807627
0.015165106002807627
0.12022078037261963
0.1525925850315094
0.08630800247192383
0.1525925850315094
0.14086389541625977
0.22927814722061157
0.12080323696136475
0.04587435722351074
0.04587435722351074
0.12080323696136475
0.11299514770507812
0.11299514770507812
0.11299514770507812
0.11299514770507812
0.22663207375335692
0.05342429922676084
0.50147745013237
0.09727289676666262
0.05342429922676084
0.22663207375335692
0.3359333276748657
0.3359333276748657
0.5277383923530579
0.5277383923530579
0.04006311297416687
0.04006311297416687
0.009648716449737527
0.009648716449737527
0.07515777701568604
0.07572317123413086
0.39794063568115234
0.9517370110321044
0.9517370110321044
0.6385510861873627
0.3684154748916626
0.6385510563850403
1.6020593643188477
0.12204641103744507
0.2564964448852539
0.12204641103744507
0.09374104494285584
0.4626885652542114
0.059984936614990214
0.037311434745788574
0.03877890110015869
0.0728688394470215
0.0728688394470215
0.059984936614990214
0.17795311212539672
0.16258542537689208
0.05876405591201783
0.16258542537689208
0.297165310382843
0.5389850437641144
0.44736534357070923
0.10700583457946777
0.5389850437641144
0.21101495623588562
0.21101495623588562
0.10700583457946777
0.03449501395225524
0.06466041451263427
0.03449501395225524
0.0170781914024353
0.0170781914024353
0.028103665058135996
0.22303426337814336
0.3554462194442749
0.024418041650772104
0.22303426337814336
0.13060858845710754
0.1133570671081543
0.1133570671081543
0.1133570671081543
0.08917433023452759
0.08917433023452759
0.08917433023452759
0.08917433023452759
0.09477604979705812
0.4663422234039306
0.4309782207012176
0.21311041712760925
0.21799877882003782
0.5598183715896606
0.4663422234039306
0.3464791178703308
0.4309782207012176
0.14277206659317015
0.00841522216796875
0.14277206659317015
0.00841522216796875
0.1973643457336426
0.1941543698310852
0.3183397650718689
0.1941543698310852
0.3183397650718689
0.04751873016357422
0.039912486076355
0.039912486076355
0.39391273260116577
0.5504997670650482
0.15435470938682555
0.1655493974685669
0.15435470938682555
0.39391273260116577
0.1655493974685669
0.14296108484268188
0.1743042767047882
0.7768943309783936
0.2759863495826721
0.056300014720916725
0.40699827671051025
0.056300014720916725
0.08655698527908323
0.21459864134025575
0.030769824981689453
0.08655698527908323
0.27346073145103456
0.26850903034210205
0.08110801929664613
0.01850903034210205
0.15606670135688783
0.01850903034210205
0.26850903034210205
0.07056197570419309
0.9308764338493347
2.331349015235901
0.3313490152359009
0.9308764338493347
0.9126646762657165
0.9126646166610717
0.9299092292785645
0.929909348487854
0.2305954098701477
0.18291023969650266
0.3464702367782593
0.18341313372039791
0.18341313372039791
0.10342645645141602
0.20557223314476014
0.18291023969650266
0.2716764211654663
0.09116190671920776
0.09116190671920776
0.051718175411224365
0.459703266620636
0.15286296606063843
0.05247539281845093
0.15286296606063843
0.08965110778808594
0.12882892841529847
0.2137573719024658
0.2137573719024658
0.7399345880317687
0.2898060977458954
0.07705441117286682
0.046939969062805176
0.07705441117286682
0.11714722162055968
0.04231454377937316
0.04231454377937316
0.022174835205078125
0.002926468849182129
0.002926468849182129
0.002926468849182129
0.002926468849182129
0.05873136276435853
0.017282485961914062
0.05873136276435853
0.020705088432312002
0.02116220593452456
0.4107241630554199
0.02116220593452456
0.4107241630554199
0.09894508123397827
0.24740304106903077
0.09894508123397827
0.1616450548171997
0.33824737439537045
0.11680233478546143
0.33824737439537045
0.5461317598819733
0.06881172900962829
0.06048040390014647
0.06881172900962829
0.14491158723831177
0.14491158723831177
0.019634485244750977
0.09084813350868226
0.09084813350868226
0.03557121753692627
0.9502969980239868
0.049703001976013184
0.9502969980239868
0.04970288276672363
0.4292484521865845
0.42924851179122925
1.158928394317627
0.7272564470767975
0.3939234470767975
0.976931095123291
0.7272564470767975
0.11680233478546143
0.45691102743148804
0.3939234470767975
0.05161476135253906
0.05161476135253906
0.07815492153167725
0.04933035373687744
0.12199831008911133
0.020072638988494873
0.12199831008911133
0.37199831008911133
0.37199831008911133
0.01054072380065918
0.20519059896469116
0.20519059896469116
3.9218450784683228
2.9218450784683228
2.9218450784683228
3.9218450784683228
0.17816531658172607
0.17816531658172607
0.04222138280105592
0.04222138280105592
0.03473898768424988
0.034739017486572266
0.21920976638793943
0.40100669860839844
0.09026101231575012
0.09026101231575012
0.22176902294158934
0.22176902294158934
0.22176902294158934
0.22176902294158934
0.14366954565048218
0.27629518508911133
0.14366954565048218
0.1044316291809082
0.28029908293914796
0.2099820375442505
0.28029908293914796
0.030521249771118142
0.030521249771118142
0.18050275797080995
0.18109680766296388
0.030521249771118142
0.030521249771118142
0.005304217338562012
0.005304217338562012
0.06282527798843385
0.08596372604370117
0.22085614800453185
0.22085614800453185
0.06282527798843385
0.4519237279891968
0.8821498155593872
0.11785018444061279
0.8821496963500977
0.8821496963500977
0.8821498155593872
0.9222204685211182
0.4594250763015747
0.6065866351127625
0.6065866351127625
0.4594250763015747
0.11432385444641113
0.11432385444641113
0.11432385444641113
0.11432385444641113
0.11432385444641113
0.8425803184509277
0.13782751560211182
0.03140521049499512
0.13782751560211182
0.13267435063934324
0.6143209934234619
0.12700003385543823
0.7041033506393433
0.5637485980987549
0.11468720436096191
0.19600985998344422
0.17708194255828857
0.13267435063934324
0.7041033506393433
0.0965459942817688
0.0965459942817688
0.0842152988357544
0.01331794261932373
0.26555819863510133
0.4741417169570923
0.26555819863510133
0.26555819863510133
0.26555819863510133
0.26555819863510133
0.21550148725509644
0.21550148725509644
0.034498512744903564
0.034498512744903564
0.2524000406265259
0.034498512744903564
0.07923233509063721
0.5666132271289825
0.6159573197364807
0.5666132271289825
0.22683846950531006
0.36261743903160093
0.36261743903160093
0.12977351302337647
0.12977351302337647
0.7964365130233764
0.03707480430603027
0.7964365130233764
0.19905316829681396
0.13122421503067017
0.13122421503067017
0.13122421503067017
0.14145599603652953
0.14145599603652953
0.2284574806690216
0.08908581733703613
0.1451986288471222
0.1451986586494446
0.1451986586494446
0.2284574806690216
0.5224781215190888
0.5224781215190888
0.8267982006072998
0.5224781215190888
0.5224781215190888
0.26027393341064453
0.27124351263046265
0.27124351263046265
0.014564657211303733
0.021243512630462646
0.014564657211303733
0.7937119251060485
0.7937119251060485
0.1270489251060486
0.1270489251060486
0.09598731994628906
0.09598731994628906
0.09598731994628906
0.12980049848556519
0.12980049848556519
0.12019950151443481
0.12019950151443481
0.12019950151443481
0.20778825879096985
0.20778825879096985
0.19446761960220338
0.19446761960220338
0.19446761960220338
0.15867280960083008
0.15867280960083008
0.006346344947814941
0.016702437400817893
0.016702437400817893
0.10172486305236816
0.10172486305236816
0.14827513694763184
0.08441305160522461
0.14827513694763184
0.10172486305236816
0.09494626522064209
0.11007189750671387
0.11007189750671387
0.08409537429046632
0.15435576438903809
0.08409537429046632
0.02392869591712954
0.004308923538207998
0.004308923538207998
0.02392869591712954
0.05345892906188965
0.17451763153076172
0.17451763153076172
0.17451763153076172
0.17451763153076172
0.17451763153076172
0.19395387172698975
0.500033050775528
0.500033050775528
0.24771626347732545
0.24771626347732545
0.09481704235076904
0.0719301700592041
0.0719301700592041
0.0719301700592041
0.155082210357666
0.041857123374938965
0.155082210357666
0.0433659553527832
0.04546332359313965
0.04546332359313965
0.04546332359313965
0.0433659553527832
0.1109818970603943
0.1109818970603943
0.10492944717407227
0.39411216974258423
0.10492944717407227
0.033878982067108154
0.16001568788719178
0.16001568788719178
0.033878982067108154
0.16001568788719178
0.0813215970993042
0.26040748357772825
0.49512016773223877
0.26040748357772825
0.05174720287322998
0.0010029077529907227
0.39401036500930786
0.39401036500930786
0.036378711462020874
0.022950923442840554
0.12563443183898926
0.022950923442840554
0.03637874126434326
0.09769320487976074
0.15508103370666504
0.15508103370666504
0.4173738956451416
0.07632981294822694
0.07632981294822694
0.16742324829101562
0.16742324829101562
0.16742324829101562
0.15691214799880981
0.15691214799880981
0.24107651466560365
0.02994835376739502
0.24107651466560365
0.02994835376739502
0.07007339000701907
0.12992660999298095
0.12992660999298095
0.14215993881225586
0.19255471229553223
