0.25749001789297665
0.25749001789297665
0.7574900178929767
2.8549072388681296
2.8549072388681296
2.8549072388681296
2.8549072388681296
0.43444762278092186
0.4761607553785413
0.4761607553785413
0.4761607553785413
0.4761607553785413
0.7229036453448598
0.7677816227809219
0.7677816227809219
0.6983215785817154
0.2955285343825089
0.6983215785817154
0.2941946269445126
0.7460923330198717
0.7460923330198717
2.3016784214182846
2.3016784214182846
0.4324467616239275
0.4324467616239275
0.4324467616239275
0.4324467616239275
0.7532407132611301
0.7532407132611301
0.5687628458587497
0.5687628458587497
0.6976546248627171
1.7967824078918913
1.7967824078918913
1.7967824078918913
1.7967824078918913
0.43444762278092186
0.43444762278092186
0.5039076669801283
0.5039076669801283
0.2955285343825089
0.10670071117933477
2.704471465617491
0.2955285343825089
2.704471465617491
0.10670071117933477
0.23807898261995986
0.2817149384207534
0.2817149384207534
0.23807898261995986
0.2413402877720099
0.12633397837756455
0.12633397837756455
0.2413402877720099
0.2955285343825089
0.2955285343825089
0.7539076669801283
0.7539076669801283
0.4324467616239275
0.4324467616239275
0.696320717424721
0.5046998500223404
0.696320717424721
0.5046998500223404
0.696320717424721
0.696320717424721
0.7062777986064444
0.32744709205463307
0.32744709205463307
0.32744709205463307
0.30019721041549596
1.0052514801900587
1.0052514801900587
0.8536923475924394
0.8536923475924394
0.6983215785817154
0.6983215785817154
0.29366662191697235
0.6983215785817154
0.6983215785817154
0.6394919867835506
0.6394919867835506
0.7033659425843442
0.7033659425843442
10.699802789584504
10.699802789584504
10.699802789584504
10.699802789584504
0.20299025461470244
0.20299025461470244
0.5067007111793348
0.5067007111793348
0.5067007111793348
0.5067007111793348
0.35302938828921315
0.7302123465155479
0.35302938828921315
0.35302938828921315
0.35302938828921315
0.1983215785817154
0.1983215785817154
0.43444762278092186
0.43444762278092186
0.9513821488798886
0.9513821488798886
0.9513821488798886
0.9513821488798886
0.7678094125192135
0.7678094125192135
0.2955563241208006
0.2955563241208006
0.2955563241208006
0.4351145764999199
0.4351145764999199
0.19898853230071345
0.296195488101507
0.19898853230071345
0.20708425312576556
0.20708425312576556
0.2709582089265591
0.32744709205463307
0.2709582089265591
0.2955285343825089
0.2955285343825089
0.014612082238514734
0.06611187356227857
0.06611187356227857
0.014612082238514734
0.25390766698012834
0.10111462278092187
0.10111462278092187
0.25390766698012834
0.2995302566964977
0.2995302566964977
0.7004697433035023
0.7004697433035023
0.7004697433035023
0.2995302566964977
0.2995302566964977
0.7004697433035023
0.3016784214182846
0.03115754861926545
1.8307008600746264
1.8307008600746264
1.8307008600746264
1.8307008600746264
0.30153111785349207
0.20432416205269854
0.10578329881390891
0.10578329881390891
0.10578329881390891
0.10578329881390891
0.2955285343825089
0.2955285343825089
0.2955285343825089
0.2955285343825089
0.3023453751372829
0.9767506751689257
0.9767506751689257
0.9767506751689257
0.9767506751689257
0.002641685872443289
0.03304222572914384
0.03304222572914384
0.002641685872443289
0.1976268351244257
0.3023092305256567
0.3023092305256567
0.3023092305256567
0.3023092305256567
0.35258448984749136
0.35258448984749136
0.35258448984749136
0.35258448984749136
0.7029902546147024
0.39206421499481964
0.39206421499481964
0.14412543599085226
0.14412543599085226
0.20299025461470244
0.7029902546147024
0.29486158066351065
0.7051384193364894
0.29486158066351065
0.29486158066351065
0.25749001789297665
0.25749001789297665
0.32277841602164603
0.32277841602164603
0.5085763430131154
0.17466539179164575
0.32782425919402636
0.17466539179164575
0.699802789584504
0.32782425919402636
0.6983215785817154
0.6983215785817154
0.6983215785817154
0.6983215785817154
0.5898289579680768
0.5898289579680768
0.2955285343825089
0.2955285343825089
0.2955285343825089
0.2955285343825089
0.18920856400914776
0.12533460820835424
0.18920856400914776
0.7029902546147024
0.12533460820835424
0.10603375746033661
0.10603375746033661
0.10603375746033661
0.10603375746033661
0.30019721041549596
0.30019721041549596
0.30019721041549596
0.30019721041549596
0.30019721041549596
0.48863061278767805
0.2552514801900587
0.48863061278767805
0.2552514801900587
0.30019721041549596
0.30019721041549596
0.30019721041549596
0.30019721041549596
0.30019721041549596
0.11136938721232181
0.30019721041549596
0.7280015985509216
0.30019721041549596
0.7219573333556826
0.30019721041549596
0.7280015985509216
0.30019721041549596
0.30019721041549596
0.7219573333556826
0.2955285343825089
0.2955285343825089
0.2955285343825089
0.30019721041549596
0.30019721041549596
0.25390766698012834
0.310965681216885
0.310965681216885
0.25390766698012834
0.25390766698012834
0.677221583978354
0.3016784214182846
0.3016784214182846
0.28115754861926545
0.28115754861926545
1.704471465617491
0.23221537721907803
0.8016784214182846
0.699802789584504
0.10578329881390891
0.10578329881390891
0.2858262246522525
0.2858262246522525
0.08929827487948758
0.08929827487948758
0.08929827487948758
0.08929827487948758
0.10111462278092187
0.2955285343825089
0.2955285343825089
0.2955285343825089
0.2955285343825089
0.7677816227809219
0.2955285343825089
0.7677816227809219
0.7677816227809219
0.7677816227809219
0.30019721041549596
0.7029902546147024
0.7029902546147024
0.7029902546147024
0.7029902546147024
0.5080346186173311
0.5080346186173311
0.7691155302189182
0.5080346186173311
0.5080346186173311
0.19765462486271712
0.32744709205463307
0.32744709205463307
0.7302401362538395
0.7302401362538395
0.799700180453046
0.30019721041549596
0.799700180453046
0.3267801383356348
1.699802789584504
1.699802789584504
1.699802789584504
1.699802789584504
1.699802789584504
1.699802789584504
0.2955285343825089
0.1983215785817154
0.2955285343825089
0.1983215785817154
0.1983215785817154
0.2955285343825089
0.1983215785817154
0.4391162988139089
0.4391162988139089
0.4391162988139089
0.4391162988139089
0.2255714602208525
0.1024485302189182
0.3003445139802883
0.29686244182050525
0.3003445139802883
0.1024485302189182
0.6983215785817154
0.7677816227809219
0.7677816227809219
0.6983215785817154
0.7677816227809219
0.1983215785817154
0.7044714656174911
0.25215438814099156
0.300864164134494
0.300864164134494
0.300864164134494
0.300864164134494
0.300864164134494
0.30019721041549596
0.30019721041549596
0.7029902546147024
0.7029902546147024
3.3792494906052744
3.3792494906052744
3.3792494906052744
3.3792494906052744
0.2955285343825089
0.2955285343825089
0.20299025461470244
1.699802789584504
1.699802789584504
0.10578329881390891
0.29700974538529756
0.10578329881390891
0.4761607553785413
0.1983215785817154
0.1983215785817154
0.1983215785817154
0.4761607553785413
0.29686244182050525
0.29686244182050525
0.29686244182050525
0.29686244182050525
0.29686244182050525
0.4889473860591961
0.699802789584504
0.699802789584504
0.20299025461470244
0.20299025461470244
0.30019721041549596
0.699802789584504
0.12109544461257449
0.12109544461257449
0.32668153301098746
0.32668153301098746
0.31550935621416154
0.20232330089570416
0.7717833450949106
0.20232330089570416
0.7004697433035023
0.20232330089570416
0.20232330089570416
0.7717833450949106
0.20232330089570416
0.2995302566964977
0.20299025461470244
0.699802789584504
0.30019721041549596
0.699802789584504
0.699802789584504
0.20299025461470244
0.20299025461470244
0.3208053446029431
0.2968902315587967
0.2968902315587967
0.4914236569868846
0.15858768694933456
1.2970097453852976
0.15858768694933456
0.2141737753477475
0.2141737753477475
0.4914236569868846
0.27466539179164573
0.27466539179164573
0.27466539179164573
0.27466539179164573
0.6983215785817154
0.6983215785817154
0.6983215785817154
0.6983215785817154
0.19898853230071345
0.19898853230071345
0.19898853230071345
0.19898853230071345
0.19898853230071345
0.6474954314115283
0.7585763430131154
0.7113693872123219
0.7113693872123219
0.6474954314115283
0.25390766698012834
0.25390766698012834
0.10111462278092187
0.10111462278092187
0.46138073114854095
0.46138073114854095
0.2007517169117845
0.2007517169117845
0.2007517169117845
0.2007517169117845
0.22551588074426943
0.22551588074426943
0.22551588074426943
0.22551588074426943
0.7044714656174911
0.30019721041549596
0.7029902546147024
1.2282136549050895
0.22821365490508927
1.2282136549050895
0.4892975665066762
0.4892975665066762
0.2955285343825089
0.2955285343825089
0.2955285343825089
0.19965548601971173
0.29686244182050525
0.19965548601971173
0.19965548601971173
0.19965548601971173
0.2585763430131154
0.2585763430131154
0.10578329881390891
0.30019721041549596
0.10578329881390891
0.2585763430131154
0.43444762278092186
0.43444762278092186
0.43444762278092186
0.43444762278092186
0.8988853772190781
0.7366184076944644
0.7366184076944644
0.756575481856121
0.7366184076944644
0.7366184076944644
0.5113693872123218
0.5113693872123218
0.5113693872123218
0.5113693872123218
0.21950940509973282
0.2955285343825089
0.2955285343825089
0.13303318045304602
0.2858262246522525
0.10578329881390891
0.338619268851459
0.338619268851459
0.13303318045304602
0.7029902546147024
0.7029902546147024
0.7029902546147024
0.7029902546147024
0.7029902546147024
0.6983215785817154
0.6983215785817154
0.6983215785817154
0.6983215785817154
8.770331596625372
8.770331596625372
8.770331596625372
8.770331596625372
11.673124640824579
0.31416243141152833
0.31416243141152833
0.2585763430131154
0.2585763430131154
0.13303318045304602
0.10578329881390891
0.338619268851459
1.3016784214182846
1.3016784214182846
1.3016784214182846
1.3016784214182846
0.30019721041549596
0.30019721041549596
0.30019721041549596
0.30019721041549596
0.3023453751372829
0.25324071326113007
1.3016784214182846
1.3016784214182846
1.3016784214182846
1.3016784214182846
0.8501581918441725
0.4914236569868846
1.699802789584504
0.7970097453852976
0.4914236569868846
0.4914236569868846
0.4914236569868846
0.7970097453852976
1.7001362664440032
0.33828579199195985
0.34288423888900915
0.7724502988139089
0.34288423888900915
0.3658691504905961
0.3658691504905961
0.34141231305066544
0.1983215785817154
0.1983215785817154
0.1983215785817154
0.1983215785817154
0.09196538138266885
0.09196538138266885
0.24475842558187533
0.24475842558187533
0.16586915049059603
0.16586915049059603
0.16586915049059603
0.16586915049059603
0.30019721041549596
0.30019721041549596
0.30019721041549596
0.30019721041549596
0.30019721041549596
0.029919357249871936
0.11136938721232181
0.029919357249871936
0.029919357249871936
0.029919357249871936
0.11136938721232181
0.2955285343825089
0.2955285343825089
0.2955285343825089
0.2955285343825089
0.2955285343825089
0.46169750442005897
0.3654654444951592
0.2955285343825089
0.2955285343825089
0.2955285343825089
0.2955285343825089
0.2955285343825089
0.05650228517001099
0.05650228517001099
0.0346622409708045
0.0346622409708045
0.0346622409708045
0.17407835933166738
0.10111462278092187
0.24609233301987166
0.24609233301987166
1.3016784214182846
1.3016784214182846
0.2955285343825089
0.296195488101507
0.296195488101507
0.6958010672705153
0.6958010672705153
0.6958010672705153
0.6958010672705153
0.799700180453046
0.20299025461470244
0.20299025461470244
0.3113693872123219
0.10578329881390891
0.3113693872123219
0.10578329881390891
0.10578329881390891
0.10578329881390891
0.10578329881390891
0.10578329881390891
0.10578329881390891
0.10578329881390891
0.821614432340198
0.31416243141152833
0.31416243141152833
0.31416243141152833
0.31416243141152833
0.6983215785817154
0.6983215785817154
0.6983215785817154
0.6983215785817154
2.7024706044604967
2.7024706044604967
2.7024706044604967
2.7024706044604967
0.33565731189753967
0.296195488101507
0.296195488101507
0.296195488101507
0.296195488101507
0.44378497484689594
0.44378497484689594
0.44378497484689594
0.44378497484689594
0.4936160620921831
0.2995302566964977
0.2995302566964977
1.699802789584504
1.699802789584504
0.2955285343825089
0.2955285343825089
0.6996554860197117
0.29686244182050525
0.6996554860197117
0.29686244182050525
0.32277841602164603
0.32277841602164603
0.32277841602164603
0.32277841602164603
0.4391162988139089
0.4391162988139089
0.4391162988139089
0.4391162988139089
0.20299025461470244
0.4391162988139089
0.4391162988139089
0.2955285343825089
0.2955285343825089
0.2955285343825089
0.2955285343825089
0.2955285343825089
0.13395059281847188
0.20496549557994093
0.1983215785817154
0.13395059281847188
0.20496549557994093
0.5052415744181247
0.5080346186173311
0.5052415744181247
0.5080346186173311
0.29686244182050525
1.2750954934981455
1.2750954934981455
0.2955285343825089
0.2955285343825089
0.4391162988139089
0.4391162988139089
0.4391162988139089
0.4391162988139089
0.4391162988139089
0.677221583978354
0.30019721041549596
0.30019721041549596
0.30019721041549596
3.681795039171554
0.6983215785817154
0.2955285343825089
0.2955285343825089
0.2955285343825089
0.2955285343825089
0.2955285343825089
0.7255714602208525
0.689859053587876
0.689859053587876
0.2955285343825089
0.689859053587876
0.689859053587876
0.30019721041549596
0.30019721041549596
0.30019721041549596
0.30019721041549596
0.30019721041549596
0.30019721041549596
0.30019721041549596
0.32277841602164603
0.32277841602164603
0.32277841602164603
0.32277841602164603
0.1983215785817154
0.1983215785817154
0.1983215785817154
0.1983215785817154
2.2948114970688778
2.2948114970688778
2.2948114970688778
2.2948114970688778
1.699802789584504
0.699802789584504
0.29700974538529756
1.699802789584504
0.29700974538529756
0.30553284016748106
0.30553284016748106
0.30553284016748106
0.30553284016748106
0.7528213418599896
0.29819634925850136
0.29819634925850136
0.29819634925850136
0.29819634925850136
0.29819634925850136
0.7255714602208525
0.2955285343825089
0.7460923330198717
0.7460923330198717
0.7460923330198717
0.7460923330198717
0.4391162988139089
0.20299025461470244
0.4391162988139089
0.20299025461470244
0.32277841602164603
0.32277841602164603
2.704471465617491
0.8016784214182846
2.704471465617491
0.8016784214182846
0.30019721041549596
0.20299025461470244
0.4391162988139089
0.20299025461470244
0.30019721041549596
0.4391162988139089
0.25215438814099156
0.296195488101507
0.296195488101507
0.6989885323007134
0.296195488101507
0.296195488101507
0.6989885323007134
0.7044714656174911
0.7044714656174911
0.7044714656174911
0.7044714656174911
0.2995302566964977
0.2995302566964977
0.2995302566964977
0.2995302566964977
0.2995302566964977
0.49191768694933447
0.49191768694933447
0.49191768694933447
0.49191768694933447
0.7044714656174911
0.7044714656174911
0.7044714656174911
0.7044714656174911
0.30019721041549596
0.32744709205463307
0.7302401362538395
0.30019721041549596
0.7302401362538395
0.6976546248627171
0.6976546248627171
1.110672094224812
0.29886330297749963
0.29886330297749963
0.29886330297749963
0.32277841602164603
2.704471465617491
2.704471465617491
2.704471465617491
2.704471465617491
0.1983215785817154
0.1983215785817154
0.1983215785817154
0.1983215785817154
0.2955285343825089
0.2955285343825089
0.34345398131058835
0.6983215785817154
0.6983215785817154
0.6983215785817154
0.6983215785817154
0.6983215785817154
0.6983215785817154
0.2955285343825089
0.6983215785817154
0.6983215785817154
0.6983215785817154
3.704471465617491
1.3016784214182846
3.704471465617491
1.3016784214182846
0.6983215785817154
0.6983215785817154
0.6983215785817154
0.2955285343825089
0.2955285343825089
0.6983215785817154
0.2955285343825089
0.296195488101507
0.296195488101507
0.296195488101507
0.2955285343825089
0.2955285343825089
0.3929197005738761
0.30212294477308255
0.3929197005738761
0.30212294477308255
1.699802789584504
0.6349201562230457
0.6349201562230457
0.6349201562230457
0.6349201562230457
1.8988853772190781
1.8988853772190781
1.2460923330198717
1.2460923330198717
1.4355525843141648
1.4355525843141648
1.4355525843141648
1.4355525843141648
0.8687453627976156
0.05285879353079748
0.05285879353079748
0.05285879353079748
0.05285879353079748
0.1983215785817154
0.2930080230713088
0.2069919769286912
0.2069919769286912
0.2930080230713088
0.2930080230713088
0.2930080230713088
6.704471465617491
6.704471465617491
2.8016784214182846
2.8016784214182846
0.4391162988139089
0.20299025461470244
0.4391162988139089
0.20299025461470244
0.29819634925850136
0.29819634925850136
0.29819634925850136
0.29819634925850136
0.29819634925850136
0.29819634925850136
0.7612004744576091
0.2955285343825089
0.7249322962401459
0.293694411655264
0.293694411655264
0.6964874558544705
0.6964874558544705
0.293694411655264
0.6964874558544705
0.30019721041549596
0.30019721041549596
0.30019721041549596
0.30019721041549596
0.7044714656174911
0.1983215785817154
0.1983215785817154
0.1983215785817154
0.7044714656174911
0.1983215785817154
0.2955285343825089
0.7044714656174911
0.32211146230264776
0.2995302566964977
0.2995302566964977
0.2995302566964977
0.30019721041549596
0.30019721041549596
0.30019721041549596
0.20299025461470244
0.7029902546147024
0.7029902546147024
0.30019721041549596
0.30019721041549596
0.30019721041549596
0.30019721041549596
0.48863061278767805
0.48863061278767805
0.48863061278767805
0.48863061278767805
0.2955285343825089
0.2955285343825089
0.2955285343825089
0.2955285343825089
0.2955285343825089
0.2955285343825089
0.2955285343825089
0.2955285343825089
0.2955285343825089
0.2955285343825089
0.2955285343825089
2.704471465617491
0.7023233008957042
0.7023233008957042
0.7023233008957042
0.7023233008957042
0.7023233008957042
2.7970097453852976
2.7970097453852976
2.7970097453852976
2.7970097453852976
0.4357815302189182
0.4357815302189182
0.5052415744181247
0.19965548601971173
0.19965548601971173
0.5052415744181247
28.681128085452556
2.328403321318226
0.1983215785817154
0.6996554860197117
0.6996554860197117
1.699802789584504
1.699802789584504
1.699802789584504
1.699802789584504
0.2995302566964977
0.7976766991042958
0.7976766991042958
0.7976766991042958
0.7976766991042958
0.7976766991042958
0.7976766991042958
0.23024013625383954
0.30019721041549596
0.466366180453046
0.466366180453046
0.23024013625383954
0.30019721041549596
0.5324914560572618
0.7003224397387098
1.7064723267744855
1.7064723267744855
0.29486158066351065
0.3093685260553274
0.2995302566964977
0.2995302566964977
0.2995302566964977
0.2995302566964977
0.2995302566964977
0.22016562851337151
0.22016562851337151
0.22016562851337151
0.22016562851337151
0.29486158066351065
0.506575481856121
0.506575481856121
0.506575481856121
0.20299025461470244
0.699802789584504
0.20299025461470244
0.20299025461470244
0.20299025461470244
0.4371154376569145
0.700989393457708
0.4371154376569145
0.20098939345770805
0.4371154376569145
0.4371154376569145
0.09541130893082594
0.2343273973292388
0.09541130893082594
0.567667397329239
0.567667397329239
0.030549359703649248
0.293694411655264
0.765947500053677
1.3034847544072379
1.3034847544072379
0.5673617102080315
0.3034847544072379
0.5673617102080315
0.17800016038663646
0.29486158066351065
0.699802789584504
0.7064723267744855
0.7064723267744855
0.7064723267744855
0.7064723267744855
0.7064723267744855
0.7064723267744855
0.7064723267744855
0.7064723267744855
0.7746653917916457
0.7746653917916457
0.7746653917916457
0.7746653917916457
0.296195488101507
0.7545746206991266
0.7684485764999199
0.7545746206991266
0.7545746206991266
0.7545746206991266
0.30019721041549596
0.30019721041549596
0.7029902546147024
0.30019721041549596
0.7029902546147024
0.795031504420059
0.7004419535652107
0.7004419535652107
0.7004419535652107
0.7004419535652107
0.7004419535652107
0.43375287932363216
0.7029902546147024
0.2955285343825089
0.2955285343825089
0.2955285343825089
0.2955285343825089
0.2955285343825089
0.2955285343825089
0.30019721041549596
0.30019721041549596
0.30019721041549596
0.30019721041549596
0.6973265186568156
0.32277841602164603
4.5608867011860905
4.5608867011860905
4.5608867011860905
4.5608867011860905
0.6428267553785413
0.6983215785817154
0.30019721041549596
0.30019721041549596
0.30019721041549596
0.30019721041549596
0.7029902546147024
0.7029902546147024
0.30419893272948473
0.7625780653271041
0.30419893272948473
0.7951079972416433
0.7951079972416433
0.7951079972416433
0.7951079972416433
0.1983215785817154
0.30670071117933484
0.8995523309380764
0.3867441855926371
0.2328823309380763
0.06604940718152807
3.704471465617491
0.696320717424721
0.696320717424721
0.696320717424721
0.29352767322551454
0.696320717424721
1.9008862383760725
1.9008862383760725
1.9008862383760725
1.9008862383760725
0.12769755070106092
1.7051384193364894
4.704471465617491
0.3016784214182846
0.41849328193508983
0.41849328193508983
0.3016784214182846
0.41849328193508983
0.41849328193508983
0.2955285343825089
0.6983215785817154
0.2955285343825089
0.2955285343825089
0.30019721041549596
0.30019721041549596
0.30019721041549596
0.30019721041549596
0.30019721041549596
0.1337953550118307
3.6717907333865822
0.5328746449881694
0.2955285343825089
0.5694297995777479
0.32277841602164603
0.30239259974053145
0.30239259974053145
0.7051856439397379
0.7051856439397379
0.7045270450940744
0.7045270450940744
0.4340117696152979
0.4340117696152979
0.4340117696152979
0.4340117696152979
1.1487971120238392
1.1487971120238392
1.1487971120238392
1.1487971120238392
1.2460923330198717
0.3855871099420438
0.29486158066351065
0.2803914818869273
0.2803914818869273
1.6831845260861338
1.6831845260861338
0.29886330297749963
0.5372853614134626
0.5372853614134626
0.5372853614134626
0.5372853614134626
0.2955285343825089
0.2955285343825089
0.7015257533585826
0.5306605186568156
0.820313334292287
0.8402704084539434
0.8402704084539434
0.820313334292287
0.30153111785349207
0.30153111785349207
0.30153111785349207
0.30153111785349207
0.30153111785349207
0.30019721041549596
0.30019721041549596
0.7527657623834065
0.32272283654506273
0.32272283654506273
0.32272283654506273
0.7527657623834065
0.32272283654506273
0.8176960792410838
0.7209861534027402
0.8176960792410838
0.2984186671648341
0.6983215785817154
0.6973265186568156
0.7044714656174911
0.5067007111793348
0.2975293955395033
0.2975293955395033
0.2975293955395033
0.7003224397387098
0.7003224397387098
0.7003224397387098
0.2975293955395033
0.30019721041549596
0.30019721041549596
0.30019721041549596
0.2955285343825089
0.7539076669801283
0.30019721041549596
0.7029902546147024
0.7029902546147024
0.2984186671648341
0.681152720486872
0.681152720486872
0.681152720486872
0.681152720486872
0.7911737504493219
0.30019721041549596
0.30019721041549596
0.43733775556324705
0.7015813328351659
0.7015813328351659
0.3150925101397877
0.6849074898602123
0.30019721041549596
0.30019721041549596
0.7521543881409916
0.7521543881409916
0.3094937553785413
0.3004195283218285
0.3004195283218285
0.7726726167202417
0.3004195283218285
0.7726726167202417
0.2955285343825089
0.6428267553785413
0.5175589648746212
1.2541830390362776
0.5175589648746212
0.5898120532730341
0.5898120532730341
1.2541830390362776
0.2479158138145044
0.46169750442005897
0.6983215785817154
0.2955285343825089
0.6983215785817154
0.2984186671648341
0.2984186671648341
0.04791581381450438
1.704471465617491
0.6983215785817154
0.6983215785817154
0.2955285343825089
0.2955285343825089
0.6983215785817154
0.6983215785817154
0.6983215785817154
0.10383614198628899
0.7044714656174911
0.2987882886359594
0.2987882886359594
0.117606318783115
0.7587986609194481
0.7587986609194481
0.30019721041549596
0.30019721041549596
0.795031504420059
0.795031504420059
10.692243980769192
10.692243980769192
0.7726726167202417
0.7726726167202417
0.1983215785817154
0.5067007111793348
0.5067007111793348
0.2012117113640406
0.7015813328351659
0.2955285343825089
0.2837157995777479
0.2837157995777479
0.6898262735378236
0.6898262735378236
0.30019721041549596
0.30019721041549596
0.30019721041549596
0.3001694206772043
0.3001694206772043
0.7720056630012434
0.7720056630012434
0.6983215785817154
0.10578329881390891
0.10578329881390891
0.6983215785817154
0.6983215785817154
0.6983215785817154
0.6983215785817154
34.66257639189869
0.3001694206772043
0.3001694206772043
0.3001694206772043
0.3001694206772043
0.3001694206772043
0.4391162988139089
0.30019721041549596
0.4391162988139089
0.699802789584504
0.20299025461470244
0.20299025461470244
0.699802789584504
0.466366180453046
0.466366180453046
0.30019721041549596
0.32744709205463307
0.7044714656174911
0.003907666980128344
0.5764981647273527
0.5764981647273527
0.7585763430131154
0.5113693872123218
0.5113693872123218
0.7585763430131154
0.7029902546147024
0.7585763430131154
0.7029902546147024
0.29486158066351065
0.29486158066351065
0.2955007446442173
0.20299025461470244
0.008576343013115384
0.008576343013115384
0.2955007446442173
0.3690815660909431
0.20232330089570416
0.7004697433035023
0.3690815660909431
0.26628953289357216
0.3639935186568156
0.26628953289357216
0.2947504217103445
0.30019721041549596
0.29700974538529756
0.30019721041549596
0.29700974538529756
0.30019721041549596
0.30019721041549596
0.29906618601887525
0.699802789584504
0.466366180453046
0.466366180453046
0.30019721041549596
0.20199519468980254
0.4936160620921831
0.20199519468980254
0.699802789584504
0.4936160620921831
0.7574900178929767
0.4936160620921831
0.2968902315587967
0.2968902315587967
0.7724502988139089
0.7029902546147024
0.7724502988139089
0.7724502988139089
0.7011561318874575
0.7539076669801283
0.6983215785817154
0.7724502988139089
0.7724502988139089
0.30019721041549596
0.7724502988139089
0.2955007446442173
0.2011561318874575
0.7706717555632471
0.7706717555632471
0.7255158807442694
0.7255158807442694
0.5338950133418887
0.5338950133418887
0.30019721041549596
0.5085763430131154
0.5085763430131154
0.7255436704825609
0.7255436704825609
0.43733775556324705
0.2984186671648341
0.2984186671648341
0.43733775556324705
0.7585763430131154
0.7585763430131154
0.43436425356604713
0.4391162988139089
0.20299025461470244
0.4391162988139089
0.4391162988139089
0.4391162988139089
0.4391162988139089
0.7724502988139089
0.5113693872123218
0.5113693872123218
0.1982659991051321
0.5311019691426822
0.5311019691426822
0.7670868793236322
0.30019721041549596
0.7029902546147024
0.7029902546147024
0.7029902546147024
0.22554367048256085
0.22554367048256085
0.6983215785817154
0.29698195564700614
0.29698195564700614
1.6997749998462126
1.6997749998462126
1.6997749998462126
0.20301804435299386
0.3002250001537874
0.2955007446442173
0.7044714656174911
0.7044714656174911
0.2955285343825089
0.698349368320007
0.6983215785817154
0.6983215785817154
0.6983215785817154
0.6983215785817154
0.6983215785817154
0.2955285343825089
0.1983215785817154
0.48082943141152834
0.48082943141152834
0.7029902546147024
0.7724502988139089
0.30019721041549596
0.7724502988139089
0.6982937888434237
0.6983215785817154
0.7585763430131154
0.30019721041549596
0.30019721041549596
0.7585763430131154
0.29352767322551454
0.29352767322551454
0.29352767322551454
0.29352767322551454
0.5740984756107348
0.4312414756107348
0.20299025461470244
0.5113693872123218
0.4312414756107348
0.5740984756107348
0.30019721041549596
0.30019721041549596
0.10578329881390891
0.10578329881390891
0.5085763430131154
0.5085763430131154
0.5113693872123218
0.5113693872123218
0.7724502988139089
0.30019721041549596
0.30019721041549596
0.227546701186091
0.227546701186091
0.008576343013115384
0.20299025461470244
0.008576343013115384
1.699802789584504
0.5311575486192655
0.43444762278092186
0.5311575486192655
0.7724502988139089
0.20299025461470244
0.2883844756107348
0.7029902546147024
0.7029902546147024
0.48082943141152834
0.48082943141152834
0.2883844756107348
0.7338116441270139
0.733950592818472
0.7677816227809219
0.733950592818472
0.33389501334188876
0.003907666980128344
0.1983215785817154
0.2955285343825089
0.003907666980128344
0.7539076669801283
0.7539076669801283
0.2955285343825089
0.27983437148662843
0.5353291946898026
0.27983437148662843
0.35481932728742194
0.35481932728742194
0.48082943141152834
0.0330144359908523
0.2585763430131154
0.48082943141152834
0.0330144359908523
0.7811019691426822
0.30019721041549596
0.30019721041549596
0.30019721041549596
0.2955285343825089
0.2955285343825089
0.2955285343825089
0.2955285343825089
0.7958374068305151
0.39914534759243925
0.27466539179164573
0.31416243141152833
0.3113693872123219
0.01917056858847166
0.39914534759243925
0.005251480190058722
0.27466539179164573
0.7658691504905961
0.30019721041549596
0.7658691504905961
0.30019721041549596
0.46169750442005897
0.733950592818472
0.28115754861926545
0.733950592818472
0.28115754861926545
0.30019721041549596
0.565869150490596
0.565869150490596
0.2585763430131154
0.20299025461470244
0.7113693872123219
0.31416243141152833
0.7113693872123219
0.2585763430131154
0.31416243141152833
0.7585763430131154
0.8085463789498606
0.677221583978354
0.3113693872123219
0.4312414756107348
0.2585763430131154
0.4312414756107348
0.2883844756107348
0.4391162988139089
0.5085763430131154
0.2883844756107348
0.461836453111517
0.005251480190058722
0.7724502988139089
0.24474851980994128
0.7724502988139089
0.24474851980994128
0.005251480190058722
0.4312414756107348
0.2744285397791475
1.677221583978354
0.32277841602164603
0.2744285397791475
0.227546701186091
0.227546701186091
0.699802789584504
0.699802789584504
0.30019721041549596
0.338619268851459
0.2585763430131154
0.17277635724987195
0.17277635724987195
0.30019721041549596
0.4391162988139089
0.338619268851459
0.2955285343825089
0.6983215785817154
0.6983215785817154
0.3134676879542386
0.20299025461470244
0.7858262246522525
0.7029902546147024
0.7858262246522525
0.30019721041549596
0.7724502988139089
0.338619268851459
0.338619268851459
0.20096377326595216
0.2585763430131154
0.24474851980994128
0.7029902546147024
0.24474851980994128
0.6474954314115283
0.18920856400914776
0.18920856400914776
0.2955285343825089
0.7029902546147024
0.7029902546147024
0.7029902546147024
0.7029902546147024
0.795031504420059
0.2955285343825089
0.795031504420059
0.4384215553566192
0.5113415974740302
0.3001694206772043
0.5113415974740302
0.3001694206772043
0.5085485532748237
0.43908850907561725
0.5085485532748237
0.30019721041549596
0.17277635724987195
0.30019721041549596
0.17277635724987195
0.20299025461470244
0.5080793130506654
0.7113693872123219
0.5080793130506654
0.7577704406026593
0.7577704406026593
0.7021843522042464
0.7943645507010609
0.7943645507010609
0.7249045065018545
0.699802789584504
0.30019721041549596
0.699802789584504
0.30019721041549596
0.1983215785817154
0.1983215785817154
0.699802789584504
0.18583756858847167
0.14749543141152832
0.29700974538529756
0.18583756858847167
0.30019721041549596
0.20299025461470244
0.14749543141152832
0.6983215785817154
0.6983215785817154
0.30019721041549596
0.7029902546147024
0.5085763430131154
0.30019721041549596
0.5085763430131154
0.2585763430131154
0.2585763430131154
0.2955285343825089
0.7539076669801283
0.7539076669801283
3.699802789584504
2.699802789584504
2.699802789584504
3.699802789584504
0.7579093892941171
0.7579093892941171
0.4801624776925302
0.4801624776925302
0.29858132936921733
0.29858132936921733
0.3379523151324608
0.22957318253484127
0.42358132936921733
0.42358132936921733
0.7113693872123219
0.7113693872123219
0.7113693872123219
0.7113693872123219
0.7539076669801283
0.2955285343825089
0.7539076669801283
0.2955285343825089
0.14282675537854128
0.2955285343825089
0.14282675537854128
0.5113693872123218
0.5113693872123218
0.4391162988139089
0.7724502988139089
0.5113693872123218
0.5113693872123218
0.2941946269445126
0.2941946269445126
0.48082943141152834
0.7029902546147024
0.7113693872123219
0.7113693872123219
0.48082943141152834
0.20299025461470244
0.7044714656174911
0.2955285343825089
0.7044714656174911
0.7044714656174911
0.7044714656174911
0.2983436528232939
0.020504476026467988
0.08996452022567447
0.08996452022567447
0.020504476026467988
0.2955285343825089
0.2955285343825089
0.2955285343825089
0.2955285343825089
0.2955285343825089
0.7004975330417937
0.7539076669801283
0.6983215785817154
0.7539076669801283
0.2883844756107348
0.30019721041549596
0.7029902546147024
0.2830445243892652
0.008576343013115384
0.30019721041549596
0.4391162988139089
0.30019721041549596
0.2883844756107348
0.2830445243892652
0.7029902546147024
0.7029902546147024
0.7724502988139089
0.30019721041549596
0.43444762278092186
0.1983215785817154
0.43444762278092186
0.43444762278092186
0.43444762278092186
0.43444762278092186
0.7539076669801283
0.7539076669801283
0.5039076669801283
0.5039076669801283
0.2955285343825089
0.5039076669801283
0.30019721041549596
0.10300159855092161
0.008576343013115384
0.10300159855092161
0.30019721041549596
0.14741551015250864
0.14741551015250864
0.43444762278092186
0.43444762278092186
0.23221537721907803
0.2955285343825089
0.23221537721907803
0.30019721041549596
0.7585763430131154
0.7585763430131154
0.7585763430131154
0.7113693872123219
0.7113693872123219
0.753324082476005
0.6977379940775921
0.7671980382767986
0.7671980382767986
0.7671980382767986
0.753324082476005
0.13861926885145892
0.13861926885145892
0.30019721041549596
0.13861926885145892
0.13861926885145892
0.6984049477965901
0.7585763430131154
0.7585763430131154
0.5113693872123218
0.5085763430131154
0.5113693872123218
0.2308814697810817
0.2308814697810817
0.4357815302189182
0.4357815302189182
0.2955285343825089
0.2955285343825089
0.2955285343825089
0.7585763430131154
0.7585763430131154
0.5085763430131154
0.5085763430131154
0.5085763430131154
0.7585763430131154
0.7585763430131154
0.7724502988139089
0.7724502988139089
0.7724502988139089
0.7539076669801283
0.7539076669801283
0.6983215785817154
0.5067007111793348
0.5067007111793348
0.5085763430131154
0.5085763430131154
0.7585763430131154
0.30019721041549596
0.7585763430131154
0.5085763430131154
0.6983215785817154
0.7539076669801283
0.7539076669801283
0.7677816227809219
0.2955285343825089
0.7677816227809219
0.5386192688514589
0.5080793130506654
0.5080793130506654
0.5386192688514589
0.30019721041549596
0.2036572083337005
0.2036572083337005
0.2036572083337005
0.2036572083337005
0.2036572083337005
0.2955285343825089
0.10111462278092187
0.10111462278092187
0.43311371534292553
0.43311371534292553
0.2941946269445126
0.30019721041549596
0.30019721041549596
0.30019721041549596
0.6414928479405451
0.2941946269445126
0.6414928479405451
0.7029902546147024
0.30019721041549596
0.30019721041549596
0.30019721041549596
0.7029902546147024
0.7724502988139089
0.7724502988139089
0.5085763430131154
0.20299025461470244
0.5085763430131154
0.7036572083337005
0.773117252532907
0.773117252532907
0.7036572083337005
0.773117252532907
0.7036572083337005
0.30670071117933484
0.1983215785817154
0.30670071117933484
0.2955285343825089
0.2955285343825089
0.25390766698012834
0.25390766698012834
0.5039076669801283
0.5067007111793348
0.2955285343825089
0.5067007111793348
0.5039076669801283
0.29352767322551454
0.3074928942215469
0.3074928942215469
0.30019721041549596
0.7724502988139089
0.7724502988139089
0.7029902546147024
0.7029902546147024
0.7029902546147024
0.6983215785817154
0.6983215785817154
0.43444762278092186
0.2955285343825089
0.43444762278092186
0.2955285343825089
0.512703294650318
0.712703294650318
0.712703294650318
0.30153111785349207
0.2955285343825089
