0.26559308038028573
0.26559308038028573
0.7655930803802857
2.8585600579694472
2.8585600579694472
2.8585600579694472
2.8585600579694472
0.4345086170781226
0.47400067840208704
0.47400067840208704
0.47400067840208704
0.47400067840208704
0.7273578569397952
0.7678426170781226
0.7678426170781226
0.6991229299701343
0.2970702428621461
0.6991229299701343
0.295736869999369
0.7467716958138892
0.7467716958138892
2.3008770700298657
2.3008770700298657
0.4325085577839566
0.4325085577839566
0.4325085577839566
0.4325085577839566
0.7525616177547221
0.7525616177547221
0.5658626790786865
0.5658626790786865
0.6984562435387458
1.8011710401950662
1.8011710401950662
1.8011710401950662
1.8011710401950662
0.4345086170781226
0.4345086170781226
0.5032283041861108
0.5032283041861108
0.2970702428621461
0.10528099129409885
2.702929757137854
0.2970702428621461
2.702929757137854
0.10528099129409885
0.23443899332389728
0.2788153062159093
0.2788153062159093
0.23443899332389728
0.24202155499024514
0.13219774523432815
0.13219774523432815
0.24202155499024514
0.2970702428621461
0.2970702428621461
0.7532283041861108
0.7532283041861108
0.4325085577839566
0.4325085577839566
0.6971228706759685
0.5032809319999328
0.6971228706759685
0.5032809319999328
0.6971228706759685
0.6971228706759685
0.7047353662228648
0.3326387205770822
0.3326387205770822
0.3326387205770822
0.30173704788186684
1.008894142362216
1.008894142362216
0.8595560810382517
0.8595560810382517
0.6991229299701343
0.6991229299701343
0.29520907657451945
0.6991229299701343
0.6991229299701343
0.6373332462451438
0.6373332462451438
0.7019475591371556
0.7019475591371556
10.698262952118133
10.698262952118133
10.698262952118133
10.698262952118133
0.20378973498985498
0.20378973498985498
0.5052809912940989
0.5052809912940989
0.5052809912940989
0.5052809912940989
0.35302024826830847
0.7346636290837625
0.35302024826830847
0.35302024826830847
0.35302024826830847
0.19912292997013425
0.19912292997013425
0.4345086170781226
0.4345086170781226
0.9506401580947987
0.9506401580947987
0.9506401580947987
0.9506401580947987
0.7678703956794305
0.7678703956794305
0.297098021463454
0.297098021463454
0.297098021463454
0.4351753035095113
0.4351753035095113
0.19978961640152315
0.2977369292935348
0.19978961640152315
0.21291624993940655
0.21291624993940655
0.2775305628314184
0.3326387205770822
0.2775305628314184
0.2970702428621461
0.2970702428621461
0.02187372968414092
0.05959058320787072
0.05959058320787072
0.02187372968414092
0.25322830418611075
0.10117561707812261
0.10117561707812261
0.25322830418611075
0.30107036145047816
0.30107036145047816
0.6989296385495218
0.6989296385495218
0.6989296385495218
0.30107036145047816
0.30107036145047816
0.6989296385495218
0.30087707002986575
0.03412997688132613
1.828482955147087
1.828482955147087
1.828482955147087
1.828482955147087
0.3030704207446442
0.20512310785263232
0.10584242209784311
0.10584242209784311
0.10584242209784311
0.10584242209784311
0.2970702428621461
0.2970702428621461
0.2970702428621461
0.2970702428621461
0.3015437564612542
0.9774377893036184
0.9774377893036184
0.9774377893036184
0.9774377893036184
0.00026060807151206955
0.037425233855535756
0.037425233855535756
0.00026060807151206955
0.19842846493743793
0.3038482215812641
0.3038482215812641
0.3038482215812641
0.3038482215812641
0.3511129045489757
0.3511129045489757
0.3511129045489757
0.3511129045489757
0.703789734989855
0.4001490197142871
0.4001490197142871
0.14850845525422784
0.14850845525422784
0.20378973498985498
0.703789734989855
0.29640355643075766
0.7035964435692423
0.29640355643075766
0.29640355643075766
0.26559308038028573
0.26559308038028573
0.3279719155573617
0.3279719155573617
0.5078951092058313
0.17978876814623979
0.3351687068222753
0.17978876814623979
0.6982629521181332
0.3351687068222753
0.6991229299701343
0.6991229299701343
0.6991229299701343
0.6991229299701343
0.6022741742026693
0.6022741742026693
0.2970702428621461
0.2970702428621461
0.2970702428621461
0.2970702428621461
0.18482554474577217
0.1202112318537602
0.18482554474577217
0.703789734989855
0.1202112318537602
0.10461430486271017
0.10461430486271017
0.10461430486271017
0.10461430486271017
0.30173704788186684
0.30173704788186684
0.30173704788186684
0.30173704788186684
0.30173704788186684
0.4900522036861805
0.2588941423622161
0.4900522036861805
0.2588941423622161
0.30173704788186684
0.30173704788186684
0.30173704788186684
0.30173704788186684
0.30173704788186684
0.10994779631381935
0.30173704788186684
0.7279924696670006
0.30173704788186684
0.7263903470190718
0.30173704788186684
0.7279924696670006
0.30173704788186684
0.30173704788186684
0.7263903470190718
0.2970702428621461
0.2970702428621461
0.2970702428621461
0.30173704788186684
0.30173704788186684
0.25322830418611075
0.3117170382052907
0.3117170382052907
0.25322830418611075
0.25322830418611075
0.6720280844426383
0.30087707002986575
0.30087707002986575
0.28412997688132613
0.28412997688132613
1.7029297571378539
0.2321543829218773
0.8008770700298657
0.6982629521181332
0.10584242209784311
0.10584242209784311
0.28879678190104663
0.28879678190104663
0.1096879760926471
0.1096879760926471
0.1096879760926471
0.1096879760926471
0.10117561707812261
0.2970702428621461
0.2970702428621461
0.2970702428621461
0.2970702428621461
0.7678426170781226
0.2970702428621461
0.7678426170781226
0.7678426170781226
0.7678426170781226
0.30173704788186684
0.703789734989855
0.703789734989855
0.703789734989855
0.703789734989855
0.5066143641568761
0.5066143641568761
0.7691759899408998
0.5066143641568761
0.5066143641568761
0.1984562435387458
0.3326387205770822
0.3326387205770822
0.7346914076850704
0.7346914076850704
0.8034110947930585
0.30173704788186684
0.8034110947930585
0.33197203414569354
1.6982629521181332
1.6982629521181332
1.6982629521181332
1.6982629521181332
1.6982629521181332
1.6982629521181332
0.2970702428621461
0.19912292997013425
0.2970702428621461
0.19912292997013425
0.19912292997013425
0.2970702428621461
0.19912292997013425
0.4391754220978431
0.4391754220978431
0.4391754220978431
0.4391754220978431
0.23002460266534985
0.10250898994089974
0.2995436971670884
0.29840361572492347
0.2995436971670884
0.10250898994089974
0.6991229299701343
0.7678426170781226
0.7678426170781226
0.6991229299701343
0.7678426170781226
0.19912292997013425
0.7029297571378539
0.26025958892917656
0.3024037343132555
0.3024037343132555
0.3024037343132555
0.3024037343132555
0.3024037343132555
0.30173704788186684
0.30173704788186684
0.703789734989855
0.703789734989855
3.3742257424157174
3.3742257424157174
3.3742257424157174
3.3742257424157174
0.2970702428621461
0.2970702428621461
0.20378973498985498
1.6982629521181332
1.6982629521181332
0.10584242209784311
0.296210265010145
0.10584242209784311
0.47400067840208704
0.19912292997013425
0.19912292997013425
0.19912292997013425
0.47400067840208704
0.29840361572492347
0.29840361572492347
0.29840361572492347
0.29840361572492347
0.29840361572492347
0.49631196246855336
0.6982629521181332
0.6982629521181332
0.20378973498985498
0.20378973498985498
0.30173704788186684
0.6982629521181332
0.12114843141847431
0.12114843141847431
0.3252538056344506
0.3252538056344506
0.31704305720249804
0.2031230485584663
0.7718427356664544
0.2031230485584663
0.6989296385495218
0.2031230485584663
0.2031230485584663
0.7718427356664544
0.2031230485584663
0.30107036145047816
0.20378973498985498
0.6982629521181332
0.30173704788186684
0.6982629521181332
0.6982629521181332
0.20378973498985498
0.20378973498985498
0.32599963486450356
0.29843139432623134
0.29843139432623134
0.49210489079416875
0.15709784388297698
1.296210265010145
0.15709784388297698
0.21120321809895337
0.21120321809895337
0.49210489079416875
0.27978876814623976
0.27978876814623976
0.27978876814623976
0.27978876814623976
0.6991229299701343
0.6991229299701343
0.6991229299701343
0.6991229299701343
0.19978961640152315
0.19978961640152315
0.19978961640152315
0.19978961640152315
0.19978961640152315
0.6453334834218076
0.7578951092058313
0.7099477963138194
0.7099477963138194
0.6453334834218076
0.25322830418611075
0.25322830418611075
0.10117561707812261
0.10117561707812261
0.45915053099096514
0.45915053099096514
0.19709079697178522
0.19709079697178522
0.19709079697178522
0.19709079697178522
0.2299690454627341
0.2299690454627341
0.2299690454627341
0.2299690454627341
0.7029297571378539
0.30173704788186684
0.703789734989855
1.2281542643335457
0.22815426433354546
1.2281542643335457
0.4907188901175692
0.4907188901175692
0.2970702428621461
0.2970702428621461
0.2970702428621461
0.2004563028329116
0.29840361572492347
0.2004563028329116
0.2004563028329116
0.2004563028329116
0.25789510920583125
0.25789510920583125
0.10584242209784311
0.30173704788186684
0.10584242209784311
0.25789510920583125
0.4345086170781226
0.4345086170781226
0.4345086170781226
0.4345086170781226
0.8988243829218774
0.7388494097148688
0.7388494097148688
0.7558950499116652
0.7388494097148688
0.7388494097148688
0.5099477963138194
0.5099477963138194
0.5099477963138194
0.5099477963138194
0.21653670955006254
0.2970702428621461
0.2970702428621461
0.1367440947930585
0.28879678190104663
0.10584242209784311
0.3408494690090348
0.3408494690090348
0.1367440947930585
0.703789734989855
0.703789734989855
0.703789734989855
0.703789734989855
0.703789734989855
0.6991229299701343
0.6991229299701343
0.6991229299701343
0.6991229299701343
8.769542807754599
8.769542807754599
8.769542807754599
8.769542807754599
11.671595494862586
0.31200048342180764
0.31200048342180764
0.25789510920583125
0.25789510920583125
0.1367440947930585
0.10584242209784311
0.3408494690090348
1.3008770700298657
1.3008770700298657
1.3008770700298657
1.3008770700298657
0.30173704788186684
0.30173704788186684
0.30173704788186684
0.30173704788186684
0.3015437564612542
0.2525616177547221
1.3008770700298657
1.3008770700298657
1.3008770700298657
1.3008770700298657
0.826857591241372
0.49210489079416875
1.6982629521181332
0.796210265010145
0.49210489079416875
0.49210489079416875
0.49210489079416875
0.796210265010145
1.6985962953338276
0.34051612579334056
0.34728551592022666
0.7725094220978431
0.34728551592022666
0.3717511417042503
0.3717511417042503
0.342902156117023
0.19912292997013425
0.19912292997013425
0.19912292997013425
0.19912292997013425
0.09338563584312387
0.09338563584312387
0.24543832295111212
0.24543832295111212
0.1717511417042502
0.1717511417042502
0.1717511417042502
0.1717511417042502
0.30173704788186684
0.30173704788186684
0.30173704788186684
0.30173704788186684
0.30173704788186684
0.030668843225011178
0.10994779631381935
0.030668843225011178
0.030668843225011178
0.030668843225011178
0.10994779631381935
0.2970702428621461
0.2970702428621461
0.2970702428621461
0.2970702428621461
0.2970702428621461
0.465410289773338
0.37352038359572154
0.2970702428621461
0.2970702428621461
0.2970702428621461
0.2970702428621461
0.2970702428621461
0.06090382948883799
0.06090382948883799
0.03980414238084984
0.03980414238084984
0.03980414238084984
0.17556846968563444
0.10117561707812261
0.24677169581388925
0.24677169581388925
1.3008770700298657
1.3008770700298657
0.2970702428621461
0.2977369292935348
0.2977369292935348
0.6942628335298013
0.6942628335298013
0.6942628335298013
0.6942628335298013
0.8034110947930585
0.20378973498985498
0.20378973498985498
0.3099477963138194
0.10584242209784311
0.3099477963138194
0.10584242209784311
0.10584242209784311
0.10584242209784311
0.10584242209784311
0.10584242209784311
0.10584242209784311
0.10584242209784311
0.8289792760371647
0.31200048342180764
0.31200048342180764
0.31200048342180764
0.31200048342180764
0.6991229299701343
0.6991229299701343
0.6991229299701343
0.6991229299701343
2.700929697843688
2.700929697843688
2.700929697843688
2.700929697843688
0.3459333222717569
0.2977369292935348
0.2977369292935348
0.2977369292935348
0.2977369292935348
0.4438422271175638
0.4438422271175638
0.4438422271175638
0.4438422271175638
0.5009787674882741
0.30107036145047816
0.30107036145047816
1.6982629521181332
1.6982629521181332
0.2970702428621461
0.2970702428621461
0.7004563028329116
0.29840361572492347
0.7004563028329116
0.29840361572492347
0.3279719155573617
0.3279719155573617
0.3279719155573617
0.3279719155573617
0.4391754220978431
0.4391754220978431
0.4391754220978431
0.4391754220978431
0.20378973498985498
0.4391754220978431
0.4391754220978431
0.2970702428621461
0.2970702428621461
0.2970702428621461
0.2970702428621461
0.2970702428621461
0.13618266398931422
0.2012527102266619
0.19912292997013425
0.13618266398931422
0.2012527102266619
0.5045616770488879
0.5066143641568761
0.5045616770488879
0.5066143641568761
0.29840361572492347
1.2706420837660388
1.2706420837660388
0.2970702428621461
0.2970702428621461
0.4391754220978431
0.4391754220978431
0.4391754220978431
0.4391754220978431
0.4391754220978431
0.6720280844426383
0.30173704788186684
0.30173704788186684
0.30173704788186684
3.6802624184706394
0.6991229299701343
0.2970702428621461
0.2970702428621461
0.2970702428621461
0.2970702428621461
0.2970702428621461
0.7300246026653499
0.6935498391467804
0.6935498391467804
0.2970702428621461
0.6935498391467804
0.6935498391467804
0.30173704788186684
0.30173704788186684
0.30173704788186684
0.30173704788186684
0.30173704788186684
0.30173704788186684
0.30173704788186684
0.3279719155573617
0.3279719155573617
0.3279719155573617
0.3279719155573617
0.19912292997013425
0.19912292997013425
0.19912292997013425
0.19912292997013425
2.2860661952771104
2.2860661952771104
2.2860661952771104
2.2860661952771104
1.6982629521181332
0.6982629521181332
0.296210265010145
1.6982629521181332
0.296210265010145
0.307070539332976
0.307070539332976
0.307070539332976
0.307070539332976
0.7609262753605652
0.2997369885877008
0.2997369885877008
0.2997369885877008
0.2997369885877008
0.2997369885877008
0.7300246026653499
0.2970702428621461
0.7467716958138892
0.7467716958138892
0.7467716958138892
0.7467716958138892
0.4391754220978431
0.20378973498985498
0.4391754220978431
0.20378973498985498
0.3279719155573617
0.3279719155573617
2.702929757137854
0.8008770700298657
2.702929757137854
0.8008770700298657
0.30173704788186684
0.20378973498985498
0.4391754220978431
0.20378973498985498
0.30173704788186684
0.4391754220978431
0.26025958892917656
0.2977369292935348
0.2977369292935348
0.6997896164015232
0.2977369292935348
0.2977369292935348
0.6997896164015232
0.7029297571378539
0.7029297571378539
0.7029297571378539
0.7029297571378539
0.30107036145047816
0.30107036145047816
0.30107036145047816
0.30107036145047816
0.30107036145047816
0.4904278438829769
0.4904278438829769
0.4904278438829769
0.4904278438829769
0.7029297571378539
0.7029297571378539
0.7029297571378539
0.7029297571378539
0.30173704788186684
0.3326387205770822
0.7346914076850704
0.30173704788186684
0.7346914076850704
0.6984562435387458
0.6984562435387458
1.1099055364959867
0.3004036750190895
0.3004036750190895
0.3004036750190895
0.3279719155573617
2.702929757137854
2.702929757137854
2.702929757137854
2.702929757137854
0.19912292997013425
0.19912292997013425
0.19912292997013425
0.19912292997013425
0.2970702428621461
0.2970702428621461
0.34863919493040996
0.6991229299701343
0.6991229299701343
0.6991229299701343
0.6991229299701343
0.6991229299701343
0.6991229299701343
0.2970702428621461
0.6991229299701343
0.6991229299701343
0.6991229299701343
3.702929757137854
1.3008770700298657
3.702929757137854
1.3008770700298657
0.6991229299701343
0.6991229299701343
0.6991229299701343
0.2970702428621461
0.2970702428621461
0.6991229299701343
0.2970702428621461
0.2977369292935348
0.2977369292935348
0.2977369292935348
0.2970702428621461
0.2970702428621461
0.419181696130599
0.32764458323858703
0.419181696130599
0.32764458323858703
1.6982629521181332
0.6385609473819367
0.6385609473819367
0.6385609473819367
0.6385609473819367
1.8988243829218774
1.8988243829218774
1.2467716958138892
1.2467716958138892
1.4341127356478207
1.4341127356478207
1.4341127356478207
1.4341127356478207
0.8650337356906446
0.030247842852243134
0.030247842852243134
0.030247842852243134
0.030247842852243134
0.19912292997013425
0.2922101464218132
0.2077898535781868
0.2077898535781868
0.2922101464218132
0.2922101464218132
0.2922101464218132
6.702929757137854
6.702929757137854
2.8008770700298657
2.8008770700298657
0.4391754220978431
0.20378973498985498
0.4391754220978431
0.20378973498985498
0.2997369885877008
0.2997369885877008
0.2997369885877008
0.2997369885877008
0.2997369885877008
0.2997369885877008
0.7670843366845297
0.2970702428621461
0.729385694835269
0.2952368551758273
0.2952368551758273
0.6972895422838157
0.6972895422838157
0.2952368551758273
0.6972895422838157
0.30173704788186684
0.30173704788186684
0.30173704788186684
0.30173704788186684
0.7029297571378539
0.19912292997013425
0.19912292997013425
0.19912292997013425
0.7029297571378539
0.19912292997013425
0.2970702428621461
0.7029297571378539
0.32730522912597304
0.30107036145047816
0.30107036145047816
0.30107036145047816
0.30173704788186684
0.30173704788186684
0.30173704788186684
0.20378973498985498
0.703789734989855
0.703789734989855
0.30173704788186684
0.30173704788186684
0.30173704788186684
0.30173704788186684
0.4900522036861805
0.4900522036861805
0.4900522036861805
0.4900522036861805
0.2970702428621461
0.2970702428621461
0.2970702428621461
0.2970702428621461
0.2970702428621461
0.2970702428621461
0.2970702428621461
0.2970702428621461
0.2970702428621461
0.2970702428621461
0.2970702428621461
2.702929757137854
0.7031230485584663
0.7031230485584663
0.7031230485584663
0.7031230485584663
0.7031230485584663
2.796210265010145
2.796210265010145
2.796210265010145
2.796210265010145
0.43584198994089973
0.43584198994089973
0.5045616770488879
0.2004563028329116
0.2004563028329116
0.5045616770488879
28.67959573203925
2.3329938022347205
0.19912292997013425
0.7004563028329116
0.7004563028329116
1.6982629521181332
1.6982629521181332
1.6982629521181332
1.6982629521181332
0.30107036145047816
0.7968769514415337
0.7968769514415337
0.7968769514415337
0.7968769514415337
0.7968769514415337
0.7968769514415337
0.23469140768507035
0.30173704788186684
0.4700770947930585
0.4700770947930585
0.23469140768507035
0.30173704788186684
0.5354633497441035
0.7011229892643003
1.7049298164320197
1.7049298164320197
0.29640355643075766
0.3079477370196534
0.30107036145047816
0.30107036145047816
0.30107036145047816
0.30107036145047816
0.30107036145047816
0.2179854227558089
0.2179854227558089
0.2179854227558089
0.2179854227558089
0.29640355643075766
0.5058950499116652
0.5058950499116652
0.5058950499116652
0.20378973498985498
0.6982629521181332
0.20378973498985498
0.20378973498985498
0.20378973498985498
0.4371753628036771
0.701789675695689
0.4371753628036771
0.20178967569568895
0.4371753628036771
0.4371753628036771
0.09683018240529861
0.2342655566212748
0.09683018240529861
0.567605556621275
0.567605556621275
0.03569290938728642
0.2952368551758273
0.7660092293918038
1.3026826791148767
1.3026826791148767
0.5672999920068884
0.3026826791148767
0.5672999920068884
0.18312220030318316
0.29640355643075766
0.6982629521181332
0.7049298164320197
0.7049298164320197
0.7049298164320197
0.7049298164320197
0.7049298164320197
0.7049298164320197
0.7049298164320197
0.7049298164320197
0.7797887681462398
0.7797887681462398
0.7797887681462398
0.7797887681462398
0.2977369292935348
0.7538949906174994
0.7685093035095113
0.7538949906174994
0.7538949906174994
0.7538949906174994
0.30173704788186684
0.30173704788186684
0.703789734989855
0.30173704788186684
0.703789734989855
0.798744289773338
0.698901859948214
0.698901859948214
0.698901859948214
0.698901859948214
0.698901859948214
0.43381415204542606
0.703789734989855
0.2970702428621461
0.2970702428621461
0.2970702428621461
0.2970702428621461
0.2970702428621461
0.2970702428621461
0.30173704788186684
0.30173704788186684
0.30173704788186684
0.30173704788186684
0.7024700237925179
0.3279719155573617
4.560827577902157
4.560827577902157
4.560827577902157
4.560827577902157
0.640666678402087
0.6991229299701343
0.30173704788186684
0.30173704788186684
0.30173704788186684
0.30173704788186684
0.703789734989855
0.703789734989855
0.30573716647019866
0.7618952277941631
0.30573716647019866
0.7980748347378721
0.7980748347378721
0.7980748347378721
0.7980748347378721
0.19912292997013425
0.3052809912940989
0.8994910693532661
0.3824407590605704
0.23282106935326596
0.06381733601068573
3.702929757137854
0.6971228706759685
0.6971228706759685
0.6971228706759685
0.2950701835679803
0.6971228706759685
1.9008244422160434
1.9008244422160434
1.9008244422160434
1.9008244422160434
0.13141060334194932
1.7035964435692423
4.702929757137854
0.30087707002986575
0.43094036918294876
0.43094036918294876
0.30087707002986575
0.43094036918294876
0.43094036918294876
0.2970702428621461
0.6991229299701343
0.2970702428621461
0.2970702428621461
0.30173704788186684
0.30173704788186684
0.30173704788186684
0.30173704788186684
0.30173704788186684
0.13384325221616677
3.6702621219998095
0.5328267477838333
0.2970702428621461
0.5665293655100752
0.3279719155573617
0.30393155738518773
0.30393155738518773
0.7059842444931759
0.7059842444931759
0.7029853143404694
0.7029853143404694
0.4332824124212669
0.4332824124212669
0.4332824124212669
0.4332824124212669
1.1531782602739487
1.1531782602739487
1.1531782602739487
1.1531782602739487
1.2467716958138892
0.38922763381332537
0.29640355643075766
0.27959866142804435
0.27959866142804435
1.6816513485360325
1.6816513485360325
0.3004036750190895
0.5395160961462575
0.5395160961462575
0.5395160961462575
0.5395160961462575
0.2970702428621461
0.2970702428621461
0.6999852253992205
0.5358040237925179
0.8334989298920654
0.8505445700888619
0.8505445700888619
0.8334989298920654
0.3030704207446442
0.3030704207446442
0.3030704207446442
0.3030704207446442
0.3030704207446442
0.30173704788186684
0.30173704788186684
0.7608707181579495
0.327916358354746
0.327916358354746
0.327916358354746
0.7608707181579495
0.327916358354746
0.8250624932527565
0.7254411334495527
0.8250624932527565
0.2999592173981638
0.6991229299701343
0.7024700237925179
0.7029297571378539
0.5052809912940989
0.29907030215631214
0.29907030215631214
0.29907030215631214
0.7011229892643003
0.7011229892643003
0.7011229892643003
0.29907030215631214
0.30173704788186684
0.30173704788186684
0.30173704788186684
0.2970702428621461
0.7532283041861108
0.30173704788186684
0.703789734989855
0.703789734989855
0.2999592173981638
0.6928583592191072
0.6928583592191072
0.6928583592191072
0.6928583592191072
0.8007083123079155
0.30173704788186684
0.30173704788186684
0.43739759161414005
0.7000407826018362
0.7000407826018362
0.3166263781828802
0.6833736218171198
0.30173704788186684
0.30173704788186684
0.7602595889291766
0.7602595889291766
0.30733367840208703
0.3019592766923296
0.3019592766923296
0.7727316509083061
0.3019592766923296
0.7727316509083061
0.2970702428621461
0.640666678402087
0.19524178662785396
0.7622874268246504
0.19524178662785396
0.39934716084383026
0.39934716084383026
0.7622874268246504
0.24644609952925506
0.465410289773338
0.6991229299701343
0.2970702428621461
0.6991229299701343
0.2999592173981638
0.2999592173981638
0.04644609952925505
1.7029297571378539
0.6991229299701343
0.6991229299701343
0.2970702428621461
0.2970702428621461
0.6991229299701343
0.6991229299701343
0.6991229299701343
0.10604621336275666
0.7029297571378539
0.2979880954938481
0.2979880954938481
0.11685496179470933
0.7581173380162942
0.7581173380162942
0.30173704788186684
0.30173704788186684
0.798744289773338
0.798744289773338
10.690707172562394
10.690707172562394
0.7727316509083061
0.7727316509083061
0.19912292997013425
0.5052809912940989
0.5052809912940989
0.20201190450615192
0.7000407826018362
0.2970702428621461
0.2808153655100752
0.2808153655100752
0.6882904342486111
0.6882904342486111
0.30173704788186684
0.30173704788186684
0.30173704788186684
0.30170926928055897
0.30170926928055897
0.7720649644769174
0.7720649644769174
0.6991229299701343
0.10584242209784311
0.10584242209784311
0.6991229299701343
0.6991229299701343
0.6991229299701343
0.6991229299701343
34.6573887615534
0.30170926928055897
0.30170926928055897
0.30170926928055897
0.30170926928055897
0.30170926928055897
0.4391754220978431
0.30173704788186684
0.4391754220978431
0.6982629521181332
0.20378973498985498
0.20378973498985498
0.6982629521181332
0.4700770947930585
0.4700770947930585
0.30173704788186684
0.3326387205770822
0.7029297571378539
0.003228304186110753
0.5838108757234303
0.5838108757234303
0.7578951092058313
0.5099477963138194
0.5099477963138194
0.7578951092058313
0.703789734989855
0.7578951092058313
0.703789734989855
0.29640355643075766
0.29640355643075766
0.29704246426083847
0.20378973498985498
0.007895109205831252
0.007895109205831252
0.29704246426083847
0.36543917120639524
0.2031230485584663
0.6989296385495218
0.36543917120639524
0.2728637578116978
0.3691370237925179
0.2728637578116978
0.2962924420255262
0.30173704788186684
0.296210265010145
0.30173704788186684
0.296210265010145
0.30173704788186684
0.30173704788186684
0.2982658815069268
0.6982629521181332
0.4700770947930585
0.4700770947930585
0.30173704788186684
0.2071368288122385
0.5009787674882741
0.2071368288122385
0.6982629521181332
0.5009787674882741
0.7655930803802857
0.5009787674882741
0.29843139432623134
0.29843139432623134
0.7725094220978431
0.703789734989855
0.7725094220978431
0.7725094220978431
0.7019563473035362
0.7532283041861108
0.6991229299701343
0.7725094220978431
0.7725094220978431
0.30173704788186684
0.7725094220978431
0.29704246426083847
0.20195634730353618
0.7707315916141401
0.7707315916141401
0.7299690454627341
0.7299690454627341
0.5361271067866985
0.5361271067866985
0.30173704788186684
0.5078951092058313
0.5078951092058313
0.729996824064042
0.729996824064042
0.43739759161414005
0.2999592173981638
0.2999592173981638
0.43739759161414005
0.7578951092058313
0.7578951092058313
0.434425281274199
0.4391754220978431
0.20378973498985498
0.4391754220978431
0.4391754220978431
0.4391754220978431
0.4391754220978431
0.7725094220978431
0.5099477963138194
0.5099477963138194
0.19906737276751874
0.5340744196787104
0.5340744196787104
0.7671481520454261
0.30173704788186684
0.703789734989855
0.703789734989855
0.703789734989855
0.22999682406404198
0.22999682406404198
0.6991229299701343
0.29618248640883715
0.29618248640883715
1.6982351735168253
1.6982351735168253
1.6982351735168253
0.20381751359116285
0.3017648264831747
0.29704246426083847
0.7029297571378539
0.7029297571378539
0.2970702428621461
0.6991507085714423
0.6991229299701343
0.6991229299701343
0.6991229299701343
0.6991229299701343
0.6991229299701343
0.2970702428621461
0.19912292997013425
0.47866748342180765
0.47866748342180765
0.703789734989855
0.7725094220978431
0.30173704788186684
0.7725094220978431
0.6990951513688266
0.6991229299701343
0.7578951092058313
0.30173704788186684
0.30173704788186684
0.7578951092058313
0.2950701835679803
0.2950701835679803
0.2950701835679803
0.2950701835679803
0.5711961705297958
0.42833917052979575
0.20378973498985498
0.5099477963138194
0.42833917052979575
0.5711961705297958
0.30173704788186684
0.30173704788186684
0.10584242209784311
0.10584242209784311
0.5078951092058313
0.5078951092058313
0.5099477963138194
0.5099477963138194
0.7725094220978431
0.30173704788186684
0.30173704788186684
0.2274875779021568
0.2274875779021568
0.007895109205831252
0.20378973498985498
0.007895109205831252
1.6982629521181332
0.5341299768813261
0.4345086170781226
0.5341299768813261
0.7725094220978431
0.20378973498985498
0.2854821705297958
0.703789734989855
0.703789734989855
0.47866748342180765
0.47866748342180765
0.2854821705297958
0.736043770982775
0.7361826639893143
0.7678426170781226
0.7361826639893143
0.33612710678669855
0.003228304186110753
0.19912292997013425
0.2970702428621461
0.003228304186110753
0.7532283041861108
0.7532283041861108
0.2970702428621461
0.28201457724419104
0.5404708288122385
0.28201457724419104
0.357739890136203
0.357739890136203
0.47866748342180765
0.037397455254227885
0.25789510920583125
0.47866748342180765
0.037397455254227885
0.7840744196787104
0.30173704788186684
0.30173704788186684
0.30173704788186684
0.2970702428621461
0.2970702428621461
0.2970702428621461
0.2970702428621461
0.799549869211266
0.4050090810382515
0.27978876814623976
0.31200048342180764
0.3099477963138194
0.02133251657819235
0.4050090810382515
0.008894142362216084
0.27978876814623976
0.7717511417042502
0.30173704788186684
0.7717511417042502
0.30173704788186684
0.465410289773338
0.7361826639893143
0.28412997688132613
0.7361826639893143
0.28412997688132613
0.30173704788186684
0.5717511417042502
0.5717511417042502
0.25789510920583125
0.20378973498985498
0.7099477963138194
0.31200048342180764
0.7099477963138194
0.25789510920583125
0.31200048342180764
0.7578951092058313
0.8151705425830809
0.6720280844426383
0.3099477963138194
0.42833917052979575
0.25789510920583125
0.42833917052979575
0.2854821705297958
0.4391754220978431
0.5078951092058313
0.2854821705297958
0.46554918277987734
0.008894142362216084
0.7725094220978431
0.24110585763778392
0.7725094220978431
0.24110585763778392
0.008894142362216084
0.42833917052979575
0.26997539733465015
1.6720280844426383
0.3279719155573617
0.26997539733465015
0.2274875779021568
0.2274875779021568
0.6982629521181332
0.6982629521181332
0.30173704788186684
0.3408494690090348
0.25789510920583125
0.1735258432250112
0.1735258432250112
0.30173704788186684
0.4391754220978431
0.3408494690090348
0.2970702428621461
0.6991229299701343
0.6991229299701343
0.3113060183891111
0.20378973498985498
0.7887967819010466
0.703789734989855
0.7887967819010466
0.30173704788186684
0.7725094220978431
0.3408494690090348
0.3408494690090348
0.19725259163832987
0.25789510920583125
0.24110585763778392
0.703789734989855
0.24110585763778392
0.6453334834218076
0.18482554474577217
0.18482554474577217
0.2970702428621461
0.703789734989855
0.703789734989855
0.703789734989855
0.703789734989855
0.798744289773338
0.2970702428621461
0.798744289773338
0.43848095706514656
0.5099200177125115
0.30170926928055897
0.5099200177125115
0.30170926928055897
0.5078673306045234
0.43914764349653523
0.5078673306045234
0.30173704788186684
0.1735258432250112
0.30173704788186684
0.1735258432250112
0.20378973498985498
0.509569156117023
0.7099477963138194
0.509569156117023
0.7570895297679032
0.7570895297679032
0.702984155551927
0.7980776033419493
0.7980776033419493
0.7293579162339612
0.6982629521181332
0.30173704788186684
0.6982629521181332
0.30173704788186684
0.19912292997013425
0.19912292997013425
0.6982629521181332
0.18799951657819236
0.14533348342180763
0.296210265010145
0.18799951657819236
0.30173704788186684
0.20378973498985498
0.14533348342180763
0.6991229299701343
0.6991229299701343
0.30173704788186684
0.703789734989855
0.5078951092058313
0.30173704788186684
0.5078951092058313
0.25789510920583125
0.25789510920583125
0.2970702428621461
0.7532283041861108
0.7532283041861108
3.6982629521181334
2.6982629521181334
2.6982629521181334
3.6982629521181334
0.7572284227744426
0.7572284227744426
0.478000796990419
0.478000796990419
0.3022425165968261
0.3022425165968261
0.3401827825776462
0.23402472125368168
0.4272425165968261
0.4272425165968261
0.7099477963138194
0.7099477963138194
0.7099477963138194
0.7099477963138194
0.7532283041861108
0.2970702428621461
0.7532283041861108
0.2970702428621461
0.14066667840208702
0.2970702428621461
0.14066667840208702
0.5099477963138194
0.5099477963138194
0.4391754220978431
0.7725094220978431
0.5099477963138194
0.5099477963138194
0.295736869999369
0.295736869999369
0.47866748342180765
0.703789734989855
0.7099477963138194
0.7099477963138194
0.47866748342180765
0.20378973498985498
0.7029297571378539
0.2970702428621461
0.7029297571378539
0.7029297571378539
0.7029297571378539
0.2975436378729224
0.0226658894409697
0.09138557654895796
0.09138557654895796
0.0226658894409697
0.2970702428621461
0.2970702428621461
0.2970702428621461
0.2970702428621461
0.2970702428621461
0.6989574171508297
0.7532283041861108
0.6991229299701343
0.7532283041861108
0.2854821705297958
0.30173704788186684
0.703789734989855
0.2859468294702042
0.007895109205831252
0.30173704788186684
0.4391754220978431
0.30173704788186684
0.2854821705297958
0.2859468294702042
0.703789734989855
0.703789734989855
0.7725094220978431
0.30173704788186684
0.4345086170781226
0.19912292997013425
0.4345086170781226
0.4345086170781226
0.4345086170781226
0.4345086170781226
0.7532283041861108
0.7532283041861108
0.5032283041861108
0.5032283041861108
0.2970702428621461
0.5032283041861108
0.30173704788186684
0.1029924696670006
0.007895109205831252
0.1029924696670006
0.30173704788186684
0.1488870954510243
0.1488870954510243
0.4345086170781226
0.4345086170781226
0.2321543829218773
0.2970702428621461
0.2321543829218773
0.30173704788186684
0.7578951092058313
0.7578951092058313
0.7578951092058313
0.7099477963138194
0.7099477963138194
0.7526449535586455
0.6985395793426692
0.7672592664506576
0.7672592664506576
0.7672592664506576
0.7526449535586455
0.14084946900903472
0.14084946900903472
0.30173704788186684
0.14084946900903472
0.14084946900903472
0.6992062657740579
0.7578951092058313
0.7578951092058313
0.5099477963138194
0.5078951092058313
0.5099477963138194
0.23082101005910016
0.23082101005910016
0.43584198994089973
0.43584198994089973
0.2970702428621461
0.2970702428621461
0.2970702428621461
0.7578951092058313
0.7578951092058313
0.5078951092058313
0.5078951092058313
0.5078951092058313
0.7578951092058313
0.7578951092058313
0.7725094220978431
0.7725094220978431
0.7725094220978431
0.7532283041861108
0.7532283041861108
0.6991229299701343
0.5052809912940989
0.5052809912940989
0.5078951092058313
0.5078951092058313
0.7578951092058313
0.30173704788186684
0.7578951092058313
0.5078951092058313
0.6991229299701343
0.7532283041861108
0.7532283041861108
0.7678426170781226
0.2970702428621461
0.7678426170781226
0.5408494690090347
0.509569156117023
0.509569156117023
0.5408494690090347
0.30173704788186684
0.20445642142124365
0.20445642142124365
0.20445642142124365
0.20445642142124365
0.20445642142124365
0.2970702428621461
0.10117561707812261
0.10117561707812261
0.43317524421534526
0.43317524421534526
0.295736869999369
0.30173704788186684
0.30173704788186684
0.30173704788186684
0.6393333055393097
0.295736869999369
0.6393333055393097
0.703789734989855
0.30173704788186684
0.30173704788186684
0.30173704788186684
0.703789734989855
0.7725094220978431
0.7725094220978431
0.5078951092058313
0.20378973498985498
0.5078951092058313
0.7044564214212437
0.7731761085292318
0.7731761085292318
0.7044564214212437
0.7731761085292318
0.7044564214212437
0.3052809912940989
0.19912292997013425
0.3052809912940989
0.2970702428621461
0.2970702428621461
0.25322830418611075
0.25322830418611075
0.5032283041861108
0.5052809912940989
0.2970702428621461
0.5052809912940989
0.5032283041861108
0.2950701835679803
0.3053336191079211
0.3053336191079211
0.30173704788186684
0.7725094220978431
0.7725094220978431
0.703789734989855
0.703789734989855
0.703789734989855
0.6991229299701343
0.6991229299701343
0.4345086170781226
0.2970702428621461
0.4345086170781226
0.2970702428621461
0.5112811691765967
0.7112811691765968
0.7112811691765968
0.3030704207446442
0.2970702428621461
