0.6102318167686462
0.6102318167686462
0.11023181676864624
2.6182302236557007
2.6182302236557007
2.6182302236557007
2.6182302236557007
0.3774783169670105
-0.2348791515274048
-0.2348791515274048
-0.2348791515274048
-0.2348791515274048
0.11190342903137207
0.04414431696701049
0.04414431696701049
0.10324949026107788
0.4658351540565491
0.10324949026107788
0.4682576656341553
1.4037293791770935
1.4037293791770935
3.103249490261078
3.103249490261078
0.3789010798377991
0.3789010798377991
0.3789010798377991
0.3789010798377991
-0.09514963626861572
-0.09514963626861572
-0.5444799216918945
-0.5444799216918945
0.10469388961791992
1.358072066860199
1.358072066860199
1.358072066860199
1.358072066860199
0.3774783169670105
0.3774783169670105
0.1537293791770935
0.1537293791770935
0.4658351540565491
0.3480548739433289
3.465835154056549
0.4658351540565491
3.465835154056549
0.3480548739433289
-0.4298595190048218
-0.25556133757019045
-0.25556133757019045
-0.4298595190048218
0.8946243524551392
-0.7287191363143921
-0.7287191363143921
0.8946243524551392
0.4658351540565491
0.4658351540565491
-0.0962706208229065
-0.0962706208229065
0.3789010798377991
0.3789010798377991
0.10758274793624878
-0.046445584297180154
0.10758274793624878
-0.046445584297180154
0.10758274793624878
0.10758274793624878
1.469115674495697
0.4597703218460083
0.4597703218460083
0.4597703218460083
0.4573562741279602
0.8041175603866577
0.8041175603866577
-0.0012439839172362355
-0.0012439839172362355
0.10324949026107788
0.10324949026107788
0.46921658515930176
0.10324949026107788
0.10324949026107788
-0.3935336912231445
-0.3935336912231445
-0.24410127401351928
-0.24410127401351928
11.45735627412796
11.45735627412796
11.45735627412796
11.45735627412796
0.5931384563446045
0.5931384563446045
-0.05194512605667112
-0.05194512605667112
-0.05194512605667112
-0.05194512605667112
0.26139843463897705
0.09852570295333862
0.2613985538482666
0.2613985538482666
0.2613985538482666
0.6032494902610779
0.6032494902610779
0.3774783169670105
0.3774783169670105
1.0529727111244203
1.0529727111244203
1.0529727111244203
1.0529727111244203
0.044124587829589834
0.044124587829589834
0.4657846689224243
0.4657846689224243
0.4657846689224243
0.3770041024131775
0.3770041024131775
0.6018050909042358
0.4646238684654236
0.6018050909042358
-0.5041169643402099
-0.5041169643402099
-0.3421784793777466
0.4597703218460083
-0.3421784793777466
0.4658351540565491
0.4658351540565491
-0.8645368004379272
-1.0068667824401856
-1.0068667824401856
-0.8645368004379272
0.4037293791770935
0.7108113169670105
0.7108113169670105
0.4037293791770935
0.4585675597190857
0.4585675597190857
1.4585675597190857
1.4585675597190857
1.4585675597190857
0.4585675597190857
0.4585675597190857
1.4585675597190857
1.1032494902610779
0.7603145688772202
2.358505892753601
2.358505892753601
2.358505892753601
2.358505892753601
0.45468956232070923
0.5902495980262756
0.7027118802070618
0.7027118802070618
0.7027118802070618
0.7027118802070618
0.4658351540565491
0.4658351540565491
0.4658351540565491
0.4658351540565491
1.1046939492225647
1.5968361496925354
1.5968362092971802
1.5968362092971802
1.5968361496925354
0.014197379814147926
-0.38598686384582515
-0.38598686384582515
0.014197379814147926
0.6047540903091431
0.4530028700828552
0.4530028700828552
0.4530028700828552
0.4530028700828552
-0.880821430683136
-0.880821430683136
-0.880821430683136
-0.880821430683136
0.09313845634460449
-1.1166742898025512
-1.1166742898025512
-0.2749426806526184
-0.2749426806526184
0.5931384563446045
0.09313845634460449
0.4670463800430298
1.4670463800430298
0.4670463800430298
0.4670463800430298
0.6102318167686462
0.6102318167686462
0.47152429819107056
0.47152429819107056
0.14478403329849243
-0.462336802482605
-0.9629801083679199
-0.462336802482605
1.4573562741279602
-0.9629802275772095
0.10324949026107788
0.10324949026107788
0.10324949026107788
0.10324949026107788
0.034108861740112295
0.034108861740112295
0.4658351540565491
0.4658351540565491
0.4658351540565491
0.4658351540565491
-0.6082766806526184
-0.7623368024826049
-0.6082766806526184
0.09313845634460449
-0.7623368024826049
0.3499682426452637
0.3499682426452637
0.3499682426452637
0.3499682426452637
0.4573562741279602
0.4573562741279602
0.4573562741279602
0.4573562741279602
0.4573562741279602
0.9349653959274291
0.054117560386657715
0.9349653959274291
0.05411750078201294
0.4573562741279602
0.4573562741279602
0.4573562741279602
0.4573562741279602
0.4573562741279602
0.33496539592742924
0.4573562741279602
0.636332631111145
0.4573562741279602
-0.678015977607727
0.4573562741279602
0.636332631111145
0.4573562741279602
0.4573562741279602
-0.678015977607727
0.4658351540565491
0.4658351540565491
0.4658351540565491
0.4573562741279602
0.4573562741279602
0.4037293791770935
-0.1774268008270264
-0.1774268008270264
0.4037293791770935
0.4037293791770935
1.4715242981910706
1.1032494902610779
1.1032494902610779
0.5103145688772202
0.5103145688772202
2.465835154056549
1.0441413169670104
1.6032494902610779
1.4573562741279602
0.7027118802070618
0.7027118802070618
0.4972726106643677
0.4972726106643677
-0.8927868827636719
-0.8927868827636719
-0.8927868827636719
-0.8927868827636719
0.7108113169670105
0.4658351540565491
0.4658351540565491
0.4658351540565491
0.4658351540565491
0.04414431696701049
0.4658351540565491
0.04414431696701049
0.04414431696701049
0.04414431696701049
0.4573562741279602
0.09313845634460449
0.09313845634460449
0.09313845634460449
0.09313845634460449
-0.055771803855895974
-0.055771803855895974
0.042447789962768545
-0.055771803855895974
-0.055771803855895974
0.6046939492225647
0.4597703218460083
0.4597703218460083
0.09847480058670044
0.09847480058670044
0.07111923342514037
0.4573562741279602
0.07111923342514037
0.46144944429397583
2.45735627412796
2.45735627412796
2.45735627412796
2.45735627412796
2.45735627412796
2.45735627412796
0.4658351540565491
0.6032494902610779
0.4658351540565491
0.6032494902610779
0.6032494902610779
0.4658351540565491
0.6032494902610779
0.3693788802070618
0.3693788802070618
0.3693788802070618
0.3693788802070618
0.6070202589035034
0.7091147899627686
1.100360631942749
0.46341264247894287
1.100360631942749
0.7091147899627686
0.10324949026107788
0.04414431696701049
0.04414431696701049
0.10324949026107788
0.04414431696701049
0.6032494902610779
1.465835154056549
0.6180128455162048
0.4561353325843811
0.4561353325843811
0.4561353325843811
0.4561353325843811
0.4561353325843811
0.4573562741279602
0.4573562741279602
0.09313845634460449
0.09313845634460449
1.80940580368042
1.80940580368042
1.80940580368042
1.80940580368042
0.4658351540565491
0.4658351540565491
0.5931384563446045
2.45735627412796
2.45735627412796
0.7027118802070618
1.0931384563446045
0.7027118802070618
-0.2348791515274048
0.6032494902610779
0.6032494902610779
0.6032494902610779
-0.2348791515274048
0.46341264247894287
0.46341264247894287
0.46341264247894287
0.46341264247894287
0.46341264247894287
0.4013271486206055
1.4573562741279602
1.4573562741279602
0.5931384563446045
0.5931384563446045
0.4573562741279602
1.4573562741279602
0.6622060537338257
0.6622060537338257
0.09362027645111082
0.09362027645111082
0.43249356746673584
0.5945829153060913
0.037253722007751455
0.5945829153060913
1.4585675597190857
0.5945829153060913
0.5945829153060913
0.037253722007751455
0.5945829153060913
0.4585675597190857
0.5931384563446045
1.4573562741279602
0.4573562741279602
1.4573562741279602
1.4573562741279602
0.5931384563446045
0.5931384563446045
0.4764918088912964
0.4633621573448181
0.4633621573448181
1.1447840332984924
0.5045703053474426
2.0931384563446045
0.5045703053474426
0.9972726106643677
0.9972726106643677
1.1447840332984924
-0.362336802482605
-0.362336802482605
-0.362336802482605
-0.362336802482605
0.10324949026107788
0.10324949026107788
0.10324949026107788
0.10324949026107788
0.6018050909042358
0.6018050909042358
0.6018050909042358
0.6018050909042358
0.6018050909042358
-0.41276119595336913
-0.10521596670150757
-0.2650346040725708
-0.2650346040725708
-0.41276119595336913
0.4037293791770935
0.4037293791770935
0.7108113169670105
0.7108113169670105
1.0247936487197875
1.0247936487197875
0.22826164960861206
0.22826164960861206
0.22826164960861206
0.22826164960861206
0.607122004032135
0.607122004032135
0.607122004032135
0.607122004032135
1.465835154056549
0.4573562741279602
0.09313845634460449
2.0372507220077516
1.0372507220077514
2.0372507220077516
0.936766231060028
0.936766231060028
0.4658351540565491
0.4658351540565491
0.4658351540565491
0.600360631942749
0.46341264247894287
0.600360631942749
0.600360631942749
0.600360631942749
0.39478403329849243
0.39478403329849243
0.7027118802070618
0.4573562741279602
0.7027118802070618
0.39478403329849243
0.3774783169670105
0.3774783169670105
0.3774783169670105
0.3774783169670105
1.7108113169670105
-0.17131118774414061
-0.17131118774414061
-0.10138225555419922
-0.17131118774414061
-0.17131118774414061
-0.06503460407257078
-0.06503460407257078
-0.06503460407257078
-0.06503460407257078
1.0121776908636093
0.4658351540565491
0.4658351540565491
0.7377862334251404
0.4972726106643677
0.7027118802070618
0.22479364871978758
0.22479364871978758
0.7377862334251404
0.09313845634460449
0.09313845634460449
0.09313845634460449
0.09313845634460449
0.09313845634460449
0.10324949026107788
0.10324949026107788
0.10324949026107788
0.10324949026107788
9.527501702308655
9.527501702308655
9.527501702308655
9.527501702308655
12.419178366661072
-0.07942819595336914
-0.07942819595336914
0.39478403329849243
0.39478403329849243
0.7377862334251404
0.7027118802070618
0.22479364871978758
2.103249490261078
2.103249490261078
2.103249490261078
2.103249490261078
0.4573562741279602
0.4573562741279602
0.4573562741279602
0.4573562741279602
1.1046939492225647
0.4048503637313843
2.103249490261078
2.103249490261078
2.103249490261078
2.103249490261078
-0.06148594617843628
1.1447840332984924
2.45735627412796
1.5931384563446045
1.1447840332984924
1.1447840332984924
1.1447840332984924
1.5931384563446045
2.457961916923523
0.22544286251068113
-0.0939296937980652
0.03604488020706176
-0.0939296937980652
0.30134902000427244
0.30134902000427244
0.004570305347442627
0.6032494902610779
0.6032494902610779
0.6032494902610779
0.6032494902610779
0.544228196144104
0.544228196144104
0.9011735916137695
0.9011735916137695
0.5013490200042725
0.5013490200042725
0.5013490200042725
0.5013490200042725
0.4573562741279602
0.4573562741279602
0.4573562741279602
0.4573562741279602
0.4573562741279602
0.09723749803161619
0.33496539592742924
0.09723749803161619
0.09723749803161619
0.09723749803161619
0.33496539592742924
0.4658351540565491
0.4658351540565491
0.4658351540565491
0.4658351540565491
0.4658351540565491
0.41244630569648744
8.09573135375774e-05
0.4658351540565491
0.4658351540565491
0.4658351540565491
0.4658351540565491
0.4658351540565491
0.19302478479003904
0.19302478479003904
0.4318751538352966
0.4318751538352966
0.4318751538352966
0.1728160535736084
0.7108113169670105
0.9037293791770935
0.9037293791770935
2.103249490261078
2.103249490261078
0.4658351540565491
0.4646238684654236
0.4646238684654236
1.448906660079956
1.448906660079956
1.448906660079956
1.4489065408706665
0.07111923342514037
0.5931384563446045
0.5931384563446045
0.13496539592742918
0.7027118802070618
0.13496539592742918
0.7027118802070618
0.7027118802070618
0.7027118802070618
0.7027118802070618
0.7027118802070618
0.7027118802070618
0.7027118802070618
0.06821824556159972
-0.07942819595336914
-0.07942819595336914
-0.07942819595336914
-0.07942819595336914
0.10324949026107788
0.10324949026107788
0.10324949026107788
0.10324949026107788
3.4622013568878174
3.4622013568878174
3.4622013568878174
3.4622013568878174
0.49728497862815857
0.4646238684654236
0.4646238684654236
0.4646238684654236
0.4646238684654236
0.36161483878326417
0.36161483878326417
0.36161483878326417
0.36161483878326417
0.3996122633857727
0.4585675597190857
0.4585675597190857
2.45735627412796
2.45735627412796
0.4658351540565491
0.4658351540565491
0.10036063194274902
0.46341264247894287
0.10036063194274902
0.46341264247894287
0.47152429819107056
0.47152429819107056
0.47152429819107056
0.47152429819107056
0.3693788802070618
0.3693788802070618
0.3693788802070618
0.3693788802070618
0.5931384563446045
0.3693788802070618
0.3693788802070618
0.4658351540565491
0.4658351540565491
0.4658351540565491
0.4658351540565491
0.4658351540565491
0.43388234376907353
1.0791093056964873
0.6032494902610779
0.43388234376907353
1.0791093056964873
0.15117359161376953
-0.055771803855895974
0.15117359161376953
-0.055771803855895974
0.46341264247894287
2.108241081237793
2.108241081237793
0.4658351540565491
0.4658351540565491
0.3693788802070618
0.3693788802070618
0.3693788802070618
0.3693788802070618
0.3693788802070618
1.4715242981910706
0.4573562741279602
0.4573562741279602
0.4573562741279602
4.429792582988739
0.10324949026107788
0.4658351540565491
0.4658351540565491
0.4658351540565491
0.4658351540565491
0.4658351540565491
0.10702025890350342
-0.4856327517471314
-0.4856327517471314
0.4658351540565491
-0.4856327517471314
-0.4856327517471314
0.4573562741279602
0.4573562741279602
0.4573562741279602
0.4573562741279602
0.4573562741279602
0.4573562741279602
0.4573562741279602
0.47152429819107056
0.47152429819107056
0.47152429819107056
0.47152429819107056
0.6032494902610779
0.6032494902610779
0.6032494902610779
0.6032494902610779
1.9080484438133238
1.9080484438133238
1.9080484438133238
1.9080484438133238
2.45735627412796
1.4573562741279602
1.0931384563446045
2.45735627412796
1.0931384563446045
0.4460151195526123
0.4460151195526123
0.4460151195526123
0.4460151195526123
0.11688756942749023
0.4609900116920471
0.4609900116920471
0.4609900712966919
0.4609900712966919
0.4609900712966919
0.10702025890350342
0.4658351540565491
1.4037293791770935
1.4037293791770935
1.4037293791770935
1.4037293791770935
0.3693788802070618
0.5931384563446045
0.3693788802070618
0.5931384563446045
0.47152429819107056
0.47152429819107056
3.465835154056549
1.6032494902610779
3.465835154056549
1.6032494902610779
0.4573562741279602
0.5931384563446045
0.3693788802070618
0.5931384563446045
0.4573562741279602
0.3693788802070618
0.6180128455162048
0.4646238684654236
0.4646238684654236
0.10180509090423584
0.4646238684654236
0.4646238684654236
0.10180503129959106
1.465835154056549
1.465835154056549
1.465835154056549
1.465835154056549
0.4585675597190857
0.4585675597190857
0.4585675597190857
0.4585675597190857
0.4585675597190857
0.8379003053474425
0.8379003053474425
0.8379003053474425
0.8379003053474425
1.465835154056549
1.465835154056549
1.465835154056549
1.465835154056549
0.4573562741279602
0.4597703218460083
0.09847480058670044
0.4573562741279602
0.09847480058670044
0.1046939492225647
0.1046939492225647
-14.86362075805664
0.4597787857055664
0.4597787857055664
0.4597787857055664
0.47152429819107056
3.465835154056549
3.465835154056549
3.465835154056549
3.465835154056549
0.6032494902610779
0.6032494902610779
0.6032494902610779
0.6032494902610779
0.4658351540565491
0.4658351540565491
0.4193071126937866
0.10324949026107788
0.10324949026107788
0.10324949026107788
0.10324949026107788
0.10324949026107788
0.10324949026107788
0.4658351540565491
0.10324949026107788
0.10324949026107788
0.10324949026107788
4.465835154056549
2.103249490261078
4.465835154056549
2.103249490261078
0.10324949026107788
0.10324949026107788
0.10324949026107788
0.4658351540565491
0.4658351540565491
0.10324949026107788
0.4658351540565491
0.4646238684654236
0.4646238684654236
0.4646238684654236
0.4658351540565491
0.4658351540565491
-0.5227992073242187
-0.6508457980102539
-0.5227992073242187
-0.6508457980102539
2.45735627412796
0.4403335452079773
0.4403335452079773
0.4403335452079773
0.4403335452079773
2.7108113169670105
2.7108113169670105
1.9037293791770935
1.9037293791770935
0.8028496853637694
0.8028496853637694
0.8028496853637694
0.8028496853637694
1.7409216165542603
-0.17802608013153076
-0.17802608013153076
-0.17802608013153076
-0.17802608013153076
0.6032494902610779
1.0844717025756836
0.5844717025756836
0.5844717025756836
1.0844717025756836
1.0844717025756836
1.0844717025756836
7.465835154056549
7.465835154056549
3.603249490261078
3.603249490261078
0.3693788802070618
0.5931384563446045
0.3693788802070618
0.5931384563446045
0.4609900712966919
0.4609900712966919
0.4609900712966919
0.4609900712966919
0.4609900712966919
0.4609900712966919
-0.08283745050430297
0.4658351540565491
0.10819023847579956
0.4691661596298218
0.4691661596298218
0.10722166299819946
0.10722166299819946
0.4691661596298218
0.10722166299819946
0.4573562741279602
0.4573562741279602
0.4573562741279602
0.4573562741279602
1.465835154056549
0.6032494902610779
0.6032494902610779
0.6032494902610779
1.465835154056549
0.6032494902610779
0.4658351540565491
1.465835154056549
0.4732034206390381
0.4585675597190857
0.4585675597190857
0.4585675597190857
0.4573562741279602
0.4573562741279602
0.4573562741279602
0.5931384563446045
0.09313845634460449
0.09313845634460449
0.4573562741279602
0.4573562741279602
0.4573562741279602
0.4573562741279602
0.9349653959274291
0.9349653959274291
0.9349653959274291
0.9349653959274291
0.4658351540565491
0.4658351540565491
0.4658351540565491
0.4658351540565491
0.4658351540565491
0.4658351540565491
0.4658351540565491
0.4658351540565491
0.4658351540565491
0.4658351540565491
0.4658351540565491
3.465835154056549
0.09458291530609131
0.09458291530609131
0.09458291530609131
0.09458291530609131
0.09458291530609131
3.5931384563446045
3.5931384563446045
3.5931384563446045
3.5931384563446045
0.37578178996276856
0.37578178996276856
0.15117359161376953
0.600360631942749
0.600360631942749
0.15117359161376953
29.429124355316162
-2.03966698600769
0.6032494902610779
0.10036063194274902
0.10036063194274902
2.45735627412796
2.45735627412796
2.45735627412796
2.45735627412796
0.4585675597190857
1.5945829153060913
1.5945829153060913
1.5945829153060913
1.5945829153060913
1.5945829153060913
1.5945829153060913
0.5984748005867004
0.4573562741279602
0.4044532334251404
0.4044532334251404
0.5984748005867004
0.4573562741279602
0.25658828020095825
0.09891617298126221
2.469468891620636
2.469468891620636
0.4670463800430298
0.14040151834487913
0.4585675597190857
0.4585675597190857
0.4585675597190857
0.4585675597190857
0.4585675597190857
-0.19371144771575932
-0.19371144771575932
-0.19371144771575932
-0.19371144771575932
0.4670463800430298
0.14861774444580078
0.14861774444580078
0.14861774444580078
0.5931384563446045
1.4573562741279602
0.5931384563446045
0.5931384563446045
0.5931384563446045
0.3731588279647827
0.09747177362442017
0.3731588279647827
0.5974717736244202
0.3731588279647827
0.3731588279647827
0.5537497401237488
1.0456344729232787
0.5537497401237488
1.378974472923279
1.378974472923279
0.43951897269058227
0.4691661596298218
0.0454485560016632
2.107161521911621
2.107161521911621
1.3787657970619203
1.107161521911621
1.3787657970619203
-0.4543254613876343
0.4670463800430298
1.4573562741279602
1.469468891620636
1.469468891620636
1.469468891620636
1.469468891620636
1.469468891620636
1.469468891620636
1.469468891620636
1.469468891620636
0.13766319751739498
0.13766319751739498
0.13766319751739498
0.13766319751739498
0.4646238684654236
-0.09754854440689087
0.04367010241317748
-0.09754854440689087
-0.09754854440689087
-0.09754854440689087
0.4573562741279602
0.4573562741279602
0.09313845634460449
0.4573562741279602
0.09313845634460449
0.07911230569648742
1.4585171341896057
1.4585171341896057
1.4585171341896057
1.4585171341896057
1.4585171341896057
0.37797235006523133
0.09313845634460449
0.4658351540565491
0.4658351540565491
0.4658351540565491
0.4658351540565491
0.4658351540565491
0.4658351540565491
0.4573562741279602
0.4573562741279602
0.4573562741279602
0.4573562741279602
-0.227353676612854
0.47152429819107056
5.369381880207062
5.369381880207062
5.369381880207062
5.369381880207062
-0.4015451515274048
0.10324949026107788
0.4573562741279602
0.4573562741279602
0.4573562741279602
0.4573562741279602
0.09313845634460449
0.09313845634460449
0.44890666007995605
-0.11960804462432861
0.44890666007995605
-0.02627474069595337
-0.02627474069595337
-0.02627474069595337
-0.02627474069595337
0.6032494902610779
0.14805487394332884
1.7112855911254883
-1.3308453404006957
1.0446155911254882
0.6338823437690735
4.465835154056549
0.10758274793624878
0.10758274793624878
0.10758274793624878
0.469468891620636
0.10758274793624878
2.712234079837799
2.7122341096401215
2.7122341096401215
2.712234079837799
0.7473620176315308
2.46704638004303
5.465835154056549
1.1032494902610779
0.2001168131828308
0.2001168131828308
1.1032494902610779
0.2001168131828308
0.2001168131828308
0.4658351540565491
0.10324949026107788
0.4658351540565491
0.4658351540565491
0.4573562741279602
0.4573562741279602
0.4573562741279602
0.4573562741279602
0.4573562741279602
0.5975615382194519
4.41495680809021
1.264231538219452
0.4658351540565491
-0.5460822733573913
0.47152429819107056
0.45282214879989624
0.45282214879989624
0.08838385343551636
0.08838385343551636
1.4659360647201538
1.4659361243247986
-0.7377671452178955
-0.7377671452178955
-0.7377671452178955
-0.7377671452178955
0.7362764233779908
0.7362764233779908
0.7362764233779908
0.7362764233779908
1.9037293791770935
0.1919359564781189
0.4670463800430298
1.066655158996582
1.066655158996582
2.4311848878860474
2.4311848878860474
0.4597787857055664
0.027390384674072288
0.027390384674072288
0.027390384674072288
0.027390384674072288
0.4658351540565491
0.4658351540565491
1.4604853987693787
-0.060687676612854013
-0.0537340223789215
0.0008333921432495117
0.0008333921432495117
-0.0537340223789215
0.45468956232070923
0.45468956232070923
0.45468956232070923
0.45468956232070923
0.45468956232070923
0.4573562741279602
0.4573562741279602
0.1169813871383667
0.4716642498970032
0.4716642498970032
0.4716642498970032
0.1169813871383667
0.4716642498970032
0.06704513674545287
0.11541318893432617
0.06704513674545287
0.4605863094329834
0.10324949026107788
-0.227353676612854
1.465835154056549
-0.05194512605667112
0.4622013568878174
0.4622013568878174
0.4622013568878174
0.09891617298126221
0.09891617298126221
0.09891617298126221
0.4622013568878174
0.4573562741279602
0.4573562741279602
0.4573562741279602
0.4658351540565491
-0.0962706208229065
0.4573562741279602
0.09313845634460449
0.09313845634460449
0.4605863094329834
-0.22864909493255614
-0.22864909493255614
-0.22864909493255614
-0.22864909493255614
-0.04236825108528136
0.4573562741279602
0.4573562741279602
0.3727216875
1.4605863094329834
1.4605863094329834
0.43291133642196655
1.4329113364219666
0.4573562741279602
0.4573562741279602
0.11801284551620483
0.11801284551620483
-0.06821215152740479
0.4569525122642517
0.4569525122642517
0.03564195280838012
0.4569525122642517
0.03564195280838012
0.4658351540565491
-0.4015451515274048
0.701119065284729
0.1150854229927063
0.701119065284729
0.3570601403713226
0.3570601403713226
0.1150854229927063
-0.7696053266525269
0.41244630569648744
0.10324949026107788
0.4658351540565491
0.10324949026107788
0.4605863094329834
0.4605863094329834
-0.5696054458618164
2.465835154056549
0.10324949026107788
0.10324949026107788
0.4658351540565491
0.4658351540565491
0.10324949026107788
0.10324949026107788
0.10324949026107788
-0.6357876272964478
1.465835154056549
1.0969902873039246
1.0969902873039246
0.2511451991729736
-0.10573917627334595
-0.10573917627334595
0.4573562741279602
0.4573562741279602
0.07911230569648742
0.07911230569648742
11.441790223121643
11.441790223121643
0.03564195280838012
0.03564195280838012
0.6032494902610779
-0.05194512605667112
-0.05194512605667112
0.5969902873039246
1.4605863094329834
0.4658351540565491
-0.2603682733573914
-0.2603682733573914
1.4378398656845093
1.4378398656845093
0.4573562741279602
0.4573562741279602
0.4573562741279602
0.45740675926208496
0.45740675926208496
0.036850794609069815
0.036850794609069815
0.10324949026107788
0.7027118802070618
0.7027118802070618
0.10324949026107788
0.10324949026107788
0.10324949026107788
0.10324949026107788
35.43465316295624
0.45740675926208496
0.45740675926208496
0.45740675926208496
0.45740675926208496
0.45740675926208496
0.3693788802070618
0.4573562741279602
0.3693788802070618
1.4573562741279602
0.5931384563446045
0.5931384563446045
1.4573562741279602
0.4044532334251404
0.4044532334251404
0.4573562741279602
0.4597703218460083
1.465835154056549
0.6537293791770935
-0.4303961992263794
-0.4303961992263794
-0.10521596670150757
-0.06503460407257078
-0.06503460407257078
-0.10521596670150757
0.09313845634460449
-0.10521596670150757
0.09313845634460449
0.4670463800430298
0.4670463800430298
0.46588563919067383
0.5931384563446045
0.6447840332984924
0.6447840332984924
0.46588563919067383
-0.5692802667617798
0.5945829153060913
1.4585675597190857
-0.5692802667617798
-0.3331898605270386
0.105979323387146
-0.33318992013168336
0.4672483205795288
0.4573562741279602
1.0931384563446045
0.4573562741279602
1.0931384563446045
0.4573562741279602
0.4573562741279602
1.0975921154022217
1.4573562741279602
0.4044532334251404
0.4044532334251404
0.4573562741279602
0.2639696156425476
0.3996122633857727
0.2639696156425476
1.4573562741279602
0.3996122633857727
0.11023181676864624
0.3996122633857727
0.4633621573448181
0.4633621573448181
0.03604488020706176
0.09313845634460449
0.03604488020706176
0.03604488020706176
0.09711068868637085
-0.0962706208229065
0.10324949026107788
0.03604488020706176
0.03604488020706176
0.4573562741279602
0.03604488020706176
0.46588557958602905
0.5971106886863708
0.03938768749999999
0.03938768749999999
0.10712200403213501
0.10712200403213501
0.03399052619934084
0.03399052619934084
0.4573562741279602
0.14478403329849243
0.14478403329849243
0.1070711612701416
0.1070711612701416
0.3727216875
0.4605863094329834
0.4605863094329834
0.3727216875
-0.10521596670150757
-0.10521596670150757
0.377537623588562
0.3693788802070618
0.5931384563446045
0.3693788802070618
0.3693788802070618
0.3693788802070618
0.3693788802070618
0.03604488020706176
-0.06503460407257078
-0.06503460407257078
0.6033698320388794
0.26046980917453766
0.26046980917453766
0.0446383798675537
0.4573562741279602
0.09313845634460449
0.09313845634460449
0.09313845634460449
0.6070711612701416
0.6070711612701416
0.10324949026107788
1.0930782556533813
1.0930782556533813
2.4573057889938354
2.4573057889938354
2.4573057889938354
0.5930782556533813
0.45730578899383545
0.46588563919067383
1.465835154056549
1.465835154056549
0.4658351540565491
0.10318928956985474
0.10324949026107788
0.10324949026107788
0.10324949026107788
0.10324949026107788
0.10324949026107788
0.4658351540565491
0.6032494902610779
-0.24609519595336915
-0.24609519595336915
0.09313845634460449
0.03604488020706176
0.4573562741279602
0.03604488020706176
0.10330963134765625
0.10324949026107788
-0.10521596670150757
0.4573562741279602
0.4573562741279602
-0.10521596670150757
0.469468891620636
0.469468891620636
0.469468891620636
0.469468891620636
-0.5572983773880005
-0.41444137738800046
0.5931384563446045
-0.06503460407257078
-0.41444137738800046
-0.5572983773880005
0.4573562741279602
0.4573562741279602
0.7027118802070618
0.7027118802070618
0.14478403329849243
0.14478403329849243
-0.06503460407257078
-0.06503460407257078
0.03604488020706176
0.4573562741279602
0.4573562741279602
1.0360418802070617
1.0360418802070617
0.6447840332984924
0.5931384563446045
0.6447840332984924
2.45735627412796
0.26031456887722015
0.3774783169670105
0.26031456887722015
0.03604488020706176
0.5931384563446045
-0.2715843773880005
0.09313845634460449
0.09313845634460449
-0.24609519595336915
-0.24609519595336915
-0.2715843773880005
-0.16584717035293578
-0.1661176562309265
0.04414431696701049
-0.1661176562309265
0.2339905261993408
0.6537293791770935
0.6032494902610779
0.4658351540565491
0.6537293791770935
-0.0962706208229065
-0.0962706208229065
0.4658351540565491
-0.6937114477157593
-0.0693643843574524
-0.6937114477157593
-0.549870580795288
-0.549870580795288
-0.24609519595336915
-0.3860536210479736
0.39478403329849243
-0.24609519595336915
-0.38605368065261836
0.010469809174537659
0.4573562741279602
0.4573562741279602
0.4573562741279602
0.4658351540565491
0.4658351540565491
0.4658351540565491
0.4658351540565491
0.07776866799163817
-0.4557909839172364
-0.362336802482605
-0.07942819595336914
0.13496539592742918
0.25390480404663085
-0.4557909839172364
-0.19588243961334229
-0.362336802482605
-0.09865097999572753
0.4573562741279602
-0.09865097999572753
0.4573562741279602
0.41244630569648744
-0.1661176562309265
0.5103145688772202
-0.1661176562309265
0.5103145688772202
0.4573562741279602
0.10134902000427248
0.10134902000427248
0.39478403329849243
0.5931384563446045
-0.2650346040725708
-0.07942819595336914
-0.2650346040725708
0.39478403329849243
-0.07942819595336914
-0.10521596670150757
0.03269250690937042
1.4715242981910706
0.13496539592742918
-0.41444137738800046
0.39478403329849243
-0.41444137738800046
-0.2715843773880005
0.3693788802070618
0.14478403329849243
-0.2715843773880005
0.4122146522445679
-0.19588243961334229
0.03604488020706176
-0.4458824396133423
0.03604488020706176
-0.4458824396133423
-0.19588243961334229
-0.41444137738800046
1.1070202589035034
2.4715242981910706
0.47152429819107056
1.1070202589035034
1.0360418802070617
1.0360418802070617
1.4573562741279602
1.4573562741279602
0.4573562741279602
0.22479364871978758
0.39478403329849243
-0.045619501968383824
-0.045619501968383824
0.4573562741279602
0.3693788802070618
0.22479364871978758
0.4658351540565491
0.10324949026107788
0.10324949026107788
-0.0777592658996582
0.5931384563446045
-0.0027273893356323242
0.09313845634460449
-0.0027273893356323242
0.4573562741279602
0.03604488020706176
0.22479364871978758
0.22479364871978758
1.0723374729919433
0.39478403329849243
-0.4458824396133423
0.09313845634460449
-0.4458824396133423
-0.41276119595336913
-0.6082766806526184
-0.6082766806526184
0.4658351540565491
0.09313845634460449
0.09313845634460449
0.09313845634460449
0.09313845634460449
0.07911230569648742
0.4658351540565491
0.07911230569648742
0.3706380879325867
-0.06495956182479856
0.45740675926208496
-0.06495956182479856
0.45740675926208496
0.14483731985092163
0.369429246131897
0.14483731985092163
0.4573562741279602
-0.045619501968383824
0.4573562741279602
-0.045619501968383824
0.5931384563446045
-0.16209669465255738
-0.2650346040725708
-0.16209669465255738
-0.10367178916931152
-0.10367178916931152
0.09488379955291748
0.08069501763153075
0.08069501763153075
0.10824108123779297
1.4573562741279602
0.4573562741279602
1.4573562741279602
0.4573562741279602
0.6032494902610779
0.6032494902610779
1.4573562741279602
0.42057180404663086
0.08723880404663087
1.0931384563446045
0.42057180404663086
0.4573562741279602
0.5931384563446045
0.08723880404663087
0.10324949026107788
0.10324949026107788
0.4573562741279602
0.09313845634460449
0.14478403329849243
0.4573562741279602
0.14478403329849243
0.39478403329849243
0.39478403329849243
0.4658351540565491
-0.0962706208229065
-0.0962706208229065
4.45735627412796
3.45735627412796
3.45735627412796
4.45735627412796
-0.1039380431175232
-0.1039380431175232
-0.24449302310180665
-0.24449302310180665
-0.27014124393463135
-0.27014124393463135
0.22609207630157468
0.59969562292099
-0.39514124393463135
-0.39514124393463135
-0.2650346040725708
-0.2650346040725708
-0.2650346040725708
-0.2650346040725708
-0.0962706208229065
0.4658351540565491
-0.0962706208229065
0.4658351540565491
0.09845484847259522
0.4658351540565491
0.09845484847259522
-0.06503460407257078
-0.06503460407257078
0.3693788802070618
0.03604488020706176
-0.06503460407257078
-0.06503460407257078
0.4682576656341553
0.4682576656341553
-0.24609519595336915
0.09313845634460449
-0.2650346040725708
-0.2650346040725708
-0.24609519595336915
0.5931384563446045
1.465835154056549
0.4658351540565491
1.465835154056549
1.465835154056549
1.465835154056549
1.0960273146629333
0.2571093285636902
0.5385671257972717
0.5385671257972717
0.2571093285636902
0.4658351540565491
0.4658351540565491
0.4658351540565491
0.4658351540565491
0.4658351540565491
1.4586180448532104
-0.0962706208229065
0.10324949026107788
-0.0962706208229065
-0.2715843773880005
0.4573562741279602
0.09313845634460449
0.2998446226119995
0.6447840332984924
0.4573562741279602
0.3693788802070618
0.4573562741279602
-0.2715843773880005
0.2998446226119995
0.09313845634460449
0.09313845634460449
0.03604488020706176
0.4573562741279602
0.3774783169670105
0.6032494902610779
0.3774783169670105
0.3774783169670105
0.3774783169670105
0.3774783169670105
-0.0962706208229065
-0.0962706208229065
0.1537293791770935
0.1537293791770935
0.4658351540565491
0.1537293791770935
0.4573562741279602
0.01133263111114502
0.6447840332984924
0.01133263111114502
0.4573562741279602
-0.380821430683136
-0.380821430683136
0.3774783169670105
0.3774783169670105
1.0441413169670104
0.4658351540565491
1.0441413169670104
0.4573562741279602
-0.10521596670150757
-0.10521596670150757
-0.10521596670150757
-0.2650346040725708
-0.2650346040725708
-0.09526646137237549
0.10451340675354004
0.044559314306259146
0.04455928450393676
0.04455928450393676
-0.09526646137237549
0.42479364871978764
0.42479364871978764
0.4573562741279602
0.42479364871978764
0.42479364871978764
0.10306894779205322
-0.10521596670150757
-0.10521596670150757
-0.06503460407257078
0.14478403329849243
-0.06503460407257078
1.0424447899627685
1.0424447899627685
0.37578178996276856
0.37578178996276856
0.4658351540565491
0.4658351540565491
0.4658351540565491
-0.10521596670150757
-0.10521596670150757
0.14478403329849243
0.14478403329849243
0.14478403329849243
-0.10521596670150757
-0.10521596670150757
0.03604488020706176
0.03604488020706176
0.03604488020706176
-0.0962706208229065
-0.0962706208229065
0.10324949026107788
-0.05194512605667112
-0.05194512605667112
0.14478403329849243
0.14478403329849243
-0.10521596670150757
0.4573562741279602
-0.10521596670150757
0.14478403329849243
0.10324949026107788
-0.0962706208229065
-0.0962706208229065
0.04414431696701049
0.4658351540565491
0.04414431696701049
0.02479364871978762
-0.16209669465255738
-0.16209669465255738
0.02479364871978762
0.4573562741279602
0.5916940569877625
0.5916940569877625
0.5916940569877625
0.5916940569877625
0.5916940569877625
0.4658351540565491
0.7108113169670105
0.7108113169670105
0.3784268652839661
0.3784268652839661
0.4682576656341553
0.4573562741279602
0.4573562741279602
0.4573562741279602
-0.3983405674057007
0.4682576656341553
-0.3983405674057007
0.09313845634460449
0.4573562741279602
0.4573562741279602
0.4573562741279602
0.09313845634460449
0.03604488020706176
0.03604488020706176
0.14478403329849243
0.5931384563446045
0.14478403329849243
0.09169405698776245
0.034836098011016836
0.034836098011016836
0.09169405698776245
0.034836098011016836
0.09169405698776245
0.14805487394332884
0.6032494902610779
0.14805487394332884
0.4658351540565491
0.4658351540565491
0.4037293791770935
0.4037293791770935
0.1537293791770935
-0.05194512605667112
0.4658351540565491
-0.05194512605667112
0.1537293791770935
0.469468891620636
-0.06340527534484863
-0.06340527534484863
0.4573562741279602
0.03604488020706176
0.03604488020706176
0.09313845634460449
0.09313845634460449
0.09313845634460449
0.10324949026107788
0.10324949026107788
0.3774783169670105
0.4658351540565491
0.3774783169670105
0.4658351540565491
-0.06863639354705808
-0.2686363935470581
-0.2686363935470581
0.45468956232070923
0.4658351540565491
