-0.09305083751678467
-0.09305083751678467
-0.5930508375167847
2.9699812531471252
2.9699812531471252
2.9699812531471252
2.9699812531471252
-0.11749647503662108
-0.0828938340587616
-0.0828938340587616
-0.0828938340587616
-0.0828938340587616
-0.12118697166442871
-0.6102886950416565
-0.6102886950416565
-0.6926488876342773
-0.29053759574890137
-0.6926488876342773
0.06017345190048218
0.8209698796272278
0.8209698796272278
2.21069073677063
2.21069073677063
0.11751367205810548
0.11751367205810548
0.11751367205810548
0.11751367205810548
-0.44697219133377075
-0.44697219133377075
-0.29745914065170287
-0.29745914065170287
-0.4066157937049866
1.8695486133861543
1.8695486133861543
1.8695486133861543
1.8695486133861543
-0.0315538490371704
-0.0315538490371704
0.026872217655181885
0.026872217655181885
0.21830415725708008
-0.012871158123016313
2.5687878131866455
-0.2454138994216919
2.5687878131866455
-0.012871158123016313
0.19254116714000702
0.2212531559667587
0.2212531559667587
0.19254116714000702
0.0768430233001709
0.1524379042816162
0.1524379042816162
0.0768430233001709
-0.47889280319213867
-0.47889280319213867
-0.8243768215179443
-0.8243768215179443
0.25366522425842286
0.25366522425842286
-0.27616918087005615
0.09013190269470217
-0.2761692404747009
0.09013190269470217
-0.27616918087005615
-0.27616918087005615
0.6658878326416016
-0.13672280311584473
-0.13672280311584473
-0.13672280311584473
-0.1933290958404541
1.2307559251785278
1.2307559251785278
0.9060443885993958
0.9060443885993958
-0.92038893699646
-0.92038893699646
-0.12411630153656006
-0.6804287433624268
-0.6804287433624268
-0.12781722789573668
-0.12781722789573668
-0.08635749220848082
-0.08635749220848082
10.833934307098389
10.833934307098389
10.833934307098389
10.833934307098389
-0.01518869400024414
-0.01518869400024414
0.13376029729843142
0.13376029729843142
0.13376029729843142
0.13376029729843142
0.5166460275650024
-0.5233852863311768
0.5166460275650024
0.5166460275650024
0.5166460275650024
-0.06878113746643066
-0.06878113746643066
-0.021324976737976065
-0.021324976737976065
1.1108805904769898
1.1108805904769898
1.1108805904769898
1.1108805904769898
-0.35057403201293946
-0.35057403201293946
-0.022975683212280273
-0.3450183868408203
-0.022975683212280273
0.011334553901672373
0.011334553901672373
0.10294085741043091
-0.29787230491638184
0.10294085741043091
-0.08700598478317262
-0.08700598478317262
0.021937414463043203
-0.2767055034637451
0.021937414463043203
-0.35590481758117676
-0.35590481758117676
-0.21600968485450744
-0.2823908026351929
-0.2823908026351929
-0.21600968485450744
0.3048953413963318
0.10694634914398193
0.10694634914398193
0.3048953413963318
0.014213204383850098
0.014213204383850098
0.8846821784973145
0.8846821784973145
0.8846821784973145
0.014213204383850098
0.014213204383850098
0.8846821784973145
0.7787961363792419
0.5662820935249329
2.030944275856018
2.030944275856018
2.030944275856018
2.030944275856018
-0.012942314147949219
-0.12359750270843506
0.6691037118434906
0.6691037118434906
0.6691037118434906
0.6691037118434906
-0.18355250358581543
-0.18355250358581543
-0.18355250358581543
-0.18355250358581543
0.8952537178993225
1.2923079133033752
1.2923078536987305
1.2923078536987305
1.2923079133033752
0.32029300974464414
0.24975752902603154
0.24975752902603154
0.32029300974464414
-0.34625840187072754
-0.09535527229309082
-0.09535527229309082
-0.09535527229309082
-0.09535527229309082
-0.2515487313270569
-0.2515487313270569
-0.2515487313270569
-0.2515487313270569
-0.27359217405319214
0.09866024484252928
0.09866024484252928
0.34833897704315187
0.34833897704315187
0.2763631343841553
-0.5165302753448486
-0.06527996063232422
0.9347200393676758
0.08768641948699951
0.08768641948699951
0.3022608757019043
0.3022608757019043
-0.13807272911071777
-0.13807272911071777
-0.19122540950775146
0.29378402829170225
0.18467517007637024
0.29378402829170225
1.0888531804084778
0.18467519987869263
-0.183757483959198
-0.183757483959198
-0.183757483959198
-0.183757483959198
-0.2793372427864075
-0.2793372427864075
-0.018379926681518555
-0.018379926681518555
-0.018379926681518555
-0.018379926681518555
0.04012487774658202
0.003640758991241444
0.04012487774658202
-0.5446634292602539
0.003640758991241444
0.20228587388992314
0.20228587388992314
0.20228587388992314
0.20228587388992314
-0.17960190773010254
-0.17960190773010254
-0.17960190773010254
-0.17960190773010254
-0.17960190773010254
0.8736252427101134
0.4922695457935333
0.8736252427101134
0.4922695755958557
-0.19257616996765137
0.1072702407836914
0.1072702407836914
-0.19752442836761475
-0.19257593154907227
0.2566348791122437
-0.19752442836761475
1.0130010545253754
0.1072702407836914
0.4424448306694031
0.1072702407836914
1.0130010545253754
-0.19752442836761475
-0.19257593154907227
0.4424448306694031
0.07378178834915161
0.07378178834915161
0.07378178834915161
-0.004075288772583008
-0.004075288772583008
0.013894081115722656
-0.03818245301628115
-0.03818245301628115
0.11879897117614746
0.013894081115722656
1.2506030797958374
0.4582490921020508
0.4582490921020508
-0.20780622959136963
-0.20780622959136963
1.752462387084961
0.4185292964744567
0.7394640445709229
0.804452657699585
0.0759628415107727
0.0759628415107727
-0.14862340688705444
-0.14862340688705444
-0.5170132144744873
-0.5170132144744873
-0.5170132144744873
-0.5170132144744873
0.3999451994895935
-0.20133471488952637
-0.20133471488952637
-0.20133471488952637
-0.20133471488952637
-0.17617406005096437
-0.22667551040649414
-0.17617406005096437
-0.17617406005096437
-0.17617406005096437
-0.31336379051208496
-0.5660519599914551
-0.5660519599914551
-0.5660519599914551
-0.5660519599914551
-0.058809196949005105
-0.058809196949005105
-0.4954309021873474
-0.058809196949005105
-0.058809196949005105
0.21002882719039917
-0.1123054027557373
-0.1123054027557373
-0.24478769302368164
-0.24478769302368164
-0.3267133390350342
-0.26926708221435547
-0.3267133390350342
-0.0920863151550293
1.8967304229736328
1.8967304229736328
1.8967304229736328
1.8967304229736328
1.8967304229736328
1.8967304229736328
-0.16516900062561035
0.1992848515510559
-0.16516900062561035
0.1992848515510559
0.1992848515510559
-0.16516900062561035
0.1992848515510559
-0.15363322144317626
-0.15363322144317626
-0.15363322144317626
-0.15363322144317626
0.5618733167648315
0.07579553127288818
0.277362585067749
-0.4439373016357422
0.277362585067749
0.07579553127288818
-0.27651894092559814
-0.32289148921203614
-0.32289148921203614
-0.27651894092559814
-0.32289148921203614
0.03004324436187744
0.6111593246459961
0.06980687379837036
0.1055561900138855
0.1055561900138855
0.1055561900138855
0.1055561900138855
0.1055561900138855
-0.30843567848205566
-0.30843567848205566
-0.31516873836517334
-0.31516873836517334
2.9542145431041718
2.9542145431041718
2.9542145431041718
2.9542145431041718
-0.36063504219055176
-0.36063504219055176
0.3761470913887024
1.768397569656372
1.768397569656372
0.6175454258918762
0.7491937875747681
0.6175454258918762
-0.07582534903717042
0.2333083152770996
0.24044549465179443
0.24044549465179443
-0.07582531923484803
-0.3994154930114746
-0.3994154930114746
-0.06462669372558594
-0.3994154930114746
-0.3994154930114746
0.09638668650817872
0.6293718814849854
0.6293718814849854
-0.04198169708251953
-0.04198169708251953
-0.37062811851501465
0.6293718814849854
0.1133221983909607
0.1133221983909607
-0.08907630443573
-0.08907630443573
-0.21026360988616943
-0.07211387157440186
-0.4684885298652649
-0.07211387157440186
0.8055520057678223
-0.07211387157440186
-0.07211387157440186
-0.4684885298652649
-0.07211387157440186
-0.32244014739990234
0.20807862281799316
0.8029394149780273
-0.21035504341125488
0.8029394149780273
0.8029394149780273
0.20807862281799316
0.20807862281799316
0.0073326826095581055
0.05099219083786011
0.05099219083786011
0.8536218404769897
0.5202605128288269
1.755920648574829
0.5202605128288269
0.631395697593689
0.631395697593689
0.8536218404769897
0.12878532409667964
0.12878532409667964
0.12878532409667964
0.12878532409667964
-0.10011768341064453
-0.10011768341064453
-0.10011768341064453
-0.10011768341064453
0.16491860151290894
0.16491860151290894
0.16491860151290894
0.16491860151290894
0.16491860151290894
-0.4172274911956787
-0.48213279247283936
-0.47292118072509765
-0.47292118072509765
-0.4172274911956787
0.08589011430740356
0.08589011430740356
0.26396316289901733
0.26396316289901733
0.9487373769283294
0.9487373769283294
0.518290102481842
0.518290102481842
0.518290102481842
0.518290102481842
-0.19207215309143066
-0.19207215309143066
-0.19207215309143066
-0.19207215309143066
0.7907795906066895
-0.20987915992736816
-0.28029918670654297
1.2587719803619386
0.24423726852416983
1.2587719803619386
0.48593422174453726
0.48593422174453726
-0.18942523002624512
-0.18942523002624512
-0.18942523002624512
0.2309250831604004
-0.24251413345336914
0.2309250831604004
0.2309250831604004
0.2309250831604004
0.06027400493621826
0.06027400493621826
0.23563086986541748
-0.1313488483428955
0.23563086986541748
0.06027400493621826
0.03222657794189454
0.03222657794189454
0.03222657794189454
0.03222657794189454
1.6796623766422272
-0.12356786727905272
-0.12356786727905272
-0.09786197543144226
-0.12356786727905272
-0.12356786727905272
-0.030011570453643777
-0.030011570453643777
-0.030011570453643777
-0.030011570453643777
0.7186816930770874
-0.043997764587402344
-0.043997764587402344
0.5793219804763794
0.3706427812576294
0.2514078617095947
0.2781022548675537
0.2781022548675537
0.5793219804763794
-0.15969961881637573
-0.15969961881637573
-0.15969961881637573
-0.15969961881637573
-0.15969961881637573
-0.32146507501602173
-0.32146507501602173
-0.3214651942253113
-0.3214651942253113
8.855129837989807
8.855129837989807
8.855129837989807
8.855129837989807
11.489774942398071
-0.01835048198699951
-0.01835048198699951
0.07132720947265625
0.07132720947265625
0.2438904047012329
0.2423795461654663
0.009688711166381814
1.3560980558395386
1.3560980558395386
1.3560980558395386
1.3560980558395386
0.2053985595703125
0.2053985595703125
0.2053985595703125
0.2053985595703125
0.6927711367607117
0.141257643699646
1.8240936994552612
1.8240936994552612
1.8240936994552612
1.8240936994552612
0.6105968952178955
0.739763617515564
1.6024572849273682
1.1936979293823242
0.739763617515564
0.739763617515564
0.739763617515564
1.1936979293823242
2.054066240787506
0.11371580362319944
0.06894327630615232
-0.42701716775131227
0.06894327630615232
0.17288628816604612
0.17288628816604612
0.1341429054737091
0.04881352186203003
0.04881352186203003
0.04881352186203003
0.04881352186203003
0.44141459465026855
0.44141459465026855
0.09264278411865234
0.09264278411865234
0.1512848019599915
0.1512848019599915
0.1512848019599915
0.1512848019599915
0.08385735750198364
0.08385735750198364
0.08385735750198364
0.08385735750198364
0.08385735750198364
0.0546516482696533
0.04432885646820073
0.0546516482696533
0.0546516482696533
0.0546516482696533
0.04432885646820073
0.14229190349578857
0.14229190349578857
0.14229190349578857
0.14229190349578857
0.14229190349578857
-0.05132768994140624
0.07295285095787046
-0.24088943004608154
-0.24088943004608154
-0.24088943004608154
-0.24088943004608154
-0.24088943004608154
0.28854015515899656
0.28854015515899656
0.44874162917900084
0.44874162917900084
0.44874162917900084
0.2260120963497162
0.16735821962356567
0.43975627422332764
0.43975627422332764
1.517177164554596
1.517177164554596
-0.2814054489135742
-0.26836490631103516
-0.26836490631103516
0.6050949096679688
0.6050949096679688
0.6050949096679688
0.6050949096679688
-0.4362970745010376
0.15936845541000366
0.15936845541000366
-0.008024597167968772
0.23612219095230103
-0.008024597167968772
0.23612219095230103
0.42826348543167114
0.42826348543167114
0.42826348543167114
0.42826348543167114
0.42826348543167114
0.42826348543167114
-0.3298781668586731
-0.5490365028381348
-0.5490365028381348
-0.5490365028381348
-0.5490365028381348
-0.5690498352050781
-0.5690498352050781
-0.5690498352050781
-0.5690498352050781
2.3687684535980225
2.3687684535980225
2.3687684535980225
2.3687684535980225
0.1716552972793579
-0.46298909187316895
-0.46298909187316895
-0.46298909187316895
-0.46298909187316895
-0.1917576039390564
-0.1917576039390564
-0.19175748472976684
-0.19175748472976684
0.06303794736099244
0.2900708317756653
0.2900708317756653
1.7682297229766846
1.7682297229766846
0.27777010202407837
0.27777010202407837
-0.47264355421066284
-0.3586442470550537
-0.47264355421066284
-0.3586442470550537
0.0772850513458252
0.0772850513458252
0.0772850513458252
0.0772850513458252
0.0975136911315918
0.010052815620422373
0.0975136911315918
0.010052815620422373
0.3322654366493225
0.010052815620422373
0.010052815620422373
0.20476466417312622
0.20476466417312622
0.20476466417312622
0.20476466417312622
0.20476466417312622
0.3967292189598084
0.6134761219787597
0.16596835851669312
0.3967292189598084
0.6134761815834044
0.015260070562362671
-0.022341048717498757
0.015260070562362671
-0.022341048717498757
-0.070068359375
1.7630923390388489
1.7630923390388489
-0.16785037517547607
-0.16785037517547607
-0.1284970486717224
-0.1284970486717224
-0.1284970486717224
-0.1284970486717224
-0.1284970486717224
0.7218263149261475
0.11178714036941528
0.11178714036941528
0.11178714036941528
3.5721075534820557
-0.15145456790924072
-0.1961369514465332
-0.1961369514465332
-0.1961369514465332
-0.1961369514465332
-0.1961369514465332
-0.05026435852050781
0.447652931646347
0.447652931646347
-0.03829669952392578
0.447652931646347
0.447652931646347
-0.0694432258605957
-0.0694432258605957
-0.0694432258605957
-0.0694432258605957
-0.0694432258605957
-0.0694432258605957
-0.0694432258605957
-0.18301892280578613
-0.18301892280578613
-0.18301892280578613
-0.18301892280578613
-0.22929143905639648
-0.22929143905639648
-0.22929143905639648
-0.22929143905639648
2.320241622943878
2.320241622943878
2.320241622943878
2.320241622943878
1.6405248641967773
0.6405248641967773
0.5628713965415955
1.6405248641967773
0.5628713965415955
0.1404283046722412
0.1404283046722412
0.1404283046722412
0.1404283046722412
-0.06899523735046387
-0.2618457078933716
-0.2618457078933716
-0.26184558868408203
-0.26184558868408203
-0.26184558868408203
-0.03253781795501709
-0.2231898307800293
1.2524779438972473
1.2524779438972473
1.2524779438972473
1.2524779438972473
0.06622256392669679
-0.14937925338745117
0.06622256392669679
-0.14937925338745117
0.11240458488464355
0.11072748899459839
2.5004425048828125
0.8207473754882812
2.5004425048828125
0.8207473754882812
-0.24714303016662598
0.20344066619873047
-0.04803977852630614
0.20344066619873047
-0.14011716842651367
-0.04803977852630614
0.17841601371765137
-0.47901368141174316
-0.47901368141174316
-0.08773839473724365
-0.47901368141174316
0.26888084411621094
-0.08773833513259888
1.2582778930664062
1.2582778930664062
1.2582778930664062
1.2582778930664062
-0.3731813430786133
-0.3731813430786133
-0.3731813430786133
-0.3731813430786133
-0.3731813430786133
0.8431720679569243
0.8431720679569243
0.8431720679569243
0.8431720679569243
0.5488221645355225
0.5488221645355225
0.5488221645355225
0.5488221645355225
-0.21166980266571045
-0.2012944221496582
-0.5785636901855469
-0.21166980266571045
-0.5785636901855469
-0.7536361217498779
-0.7536361217498779
3.349512219429016
0.126032292842865
0.126032292842865
0.126032292842865
-0.3748772144317627
2.5760443210601807
2.5760445594787598
2.5760445594787598
2.5760443210601807
0.2315790057182312
0.2315790057182312
0.2315790057182312
0.2315790057182312
0.11451905965805054
0.11451905965805054
-0.4104626178741455
-0.2851836681365967
-0.2851836681365967
-0.2851836681365967
-0.2851836681365967
-0.3617555499076843
-0.3617555499076843
-0.09440231323242188
-0.3617555499076843
-0.3617555499076843
-0.3617555499076843
3.5109143257141113
1.44443678855896
3.5109143257141113
1.44443678855896
-0.3033739924430847
-0.3033739924430847
-0.3033739924430847
-0.08462238311767578
-0.08462238311767578
-0.3033739924430847
-0.08462238311767578
-0.360060453414917
-0.3600606918334961
-0.3600606918334961
0.0021613240242004395
0.0021613240242004395
-0.444521023387146
-0.3233812174743652
-0.444521023387146
-0.3233812174743652
1.942883014678955
1.0937151610851288
1.0937151610851288
1.0937151610851288
1.0937151610851288
1.9857518672943115
1.9857518672943115
1.4108048677444458
1.4108048677444458
1.3487329832839965
1.3487329832839965
1.3487329832839965
1.3487329832839965
1.4034875631332397
0.09295552968978882
0.09295552968978882
0.09295552968978882
0.09295552968978882
0.23696327209472656
0.39534831047058105
-0.10465168952941895
-0.10465168952941895
0.39534831047058105
0.39534831047058105
0.39534831047058105
6.247854471206665
6.247854471206665
2.8251779079437256
2.8251779079437256
0.10732616538238526
0.21142154932022095
0.10732616538238526
0.21142154932022095
-0.09107089042663574
-0.09107089042663574
-0.09107089042663574
-0.09107089042663574
-0.09107089042663574
-0.09107089042663574
-0.6409847617149353
-0.3885533809661865
-0.6043500900268555
-0.20906662940979004
-0.20906662940979004
-0.1374778151512146
-0.1374778151512146
0.11518031358718872
-0.1374778151512146
-0.08340764045715332
-0.08340764045715332
-0.08340764045715332
-0.08340764045715332
0.9242427349090576
0.1633446216583252
0.1633446216583252
0.1633446216583252
0.9242427349090576
0.1633446216583252
-0.07575726509094238
0.9242427349090576
0.22036194801330566
-0.2796769142150879
-0.2796769142150879
-0.2796769142150879
0.22302031517028809
-0.035811424255371094
-0.035811424255371094
0.31802719831466675
-0.15517139434814453
-0.15517139434814453
-0.035811424255371094
-0.22331082820892334
-0.22331082820892334
-0.22331082820892334
0.6515435218811034
0.6515435218811034
0.6515435218811034
0.6515435218811034
-0.10063910484313965
-0.10063910484313965
-0.20913934707641602
-0.10063910484313965
-0.10063910484313965
0.007552921772003174
0.007552921772003174
0.007552921772003174
0.007552921772003174
0.007552921772003174
0.007552921772003174
2.623896837234497
-0.5469875335693359
-0.5469875335693359
-0.5469875335693359
-0.5469875335693359
-0.5469875335693359
3.2312044501304626
3.2312044501304626
3.2312044501304626
3.2312044501304626
0.03318728560638429
0.03318728560638429
-0.16106176376342773
0.25559884309768677
0.25559884309768677
-0.16106176376342773
28.3842670917511
0.8621481900024415
0.046049535274505615
-0.25827813148498535
-0.25827813148498535
1.8914401531219482
1.8914401531219482
1.8914401531219482
1.8914401531219482
0.1841450333595276
0.8357404470443726
0.8357404470443726
0.8357404470443726
0.8357404470443726
0.8357404470443726
0.835740327835083
0.10052365064620972
-0.22847533226013184
-0.17667452936935424
-0.17667452936935424
0.10052365064620972
-0.22847533226013184
0.02698904275894165
0.04799443483352661
2.1177408695220947
2.1201313734054565
-0.10418641567230225
0.12876532077789304
-0.14214742183685303
-0.14214742183685303
-0.14214742183685303
-0.14214742183685303
-0.14214742183685303
0.2930184721946716
0.2930184721946716
0.2930184721946716
0.2930184721946716
-0.23304712772369385
0.09184285998344421
0.09184285998344421
0.09184285998344421
0.30412131547927856
1.0596614480018616
0.30412131547927856
0.30412131547927856
0.30412131547927856
0.011167064849853525
-0.19020891189575195
0.0111671244544983
0.24942606687545776
0.011167064849853525
0.011167064849853525
0.6058019399642944
0.8337063139247893
0.6058019399642944
1.0161069983673097
1.0161069983673097
0.42000155096817016
0.012347280979156494
-0.2972151195449829
2.0173386335372925
2.0173386335372925
1.1934381479454041
1.0004862546920776
1.1934381479454041
0.18889338374137876
-0.18484854698181152
1.2880733609199524
0.8694674968719482
0.8694674968719482
0.8694674968719482
0.8694674968719482
0.8694674968719482
0.8694674968719482
0.8694674968719482
0.8694674968719482
0.9033086717128753
0.9033086717128753
0.9033086717128753
0.9033086419105529
-0.08837175369262695
-0.5588435530662537
-0.5265414869232178
-0.5588435530662537
-0.5588435530662537
-0.5588435530662537
-0.03554534912109375
-0.03554534912109375
-0.40001946687698364
0.03834420442581177
-0.40001946687698364
-0.4898760473175049
0.9885566234588623
0.9885566234588623
0.9885566234588623
0.9885566234588623
0.9885566234588623
-0.5037228906707764
-0.5431585311889648
-0.30245542526245117
-0.30245542526245117
-0.30245542526245117
-0.30245542526245117
-0.30245542526245117
-0.30245542526245117
-0.06548571586608887
-0.06548571586608887
-0.06548571586608887
-0.06548571586608887
-0.36542235260772704
-0.43563199043273926
4.80699644033432
4.80699644033432
4.80699644033432
4.80699644033432
-0.3310373271064758
-0.47424930334091187
-0.0007047653198242188
-0.0007047653198242188
-0.0007047653198242188
0.016021430492401123
-0.2276933789253235
-0.2276933789253235
-0.050678253173828125
-0.19620633125305176
0.0858769416809082
-0.637911319732666
-0.637911319732666
-0.637911319732666
-0.637911319732666
-0.311877965927124
0.004917657375335671
1.269122302532196
-0.0900277339515686
0.8140137439537047
0.42769259214401245
3.6551239490509033
-0.20285093784332275
-0.20285093784332275
-0.20285093784332275
0.1092424988746643
-0.20285093784332275
2.070889890193939
2.070889890193939
2.070889890193939
2.070889890193939
0.3733491897583008
1.5734632015228271
4.466534852981567
1.0801902413368225
0.14259827136993408
0.14259827136993408
1.0801902413368225
0.14259827136993408
0.14259827136993408
-0.3349144458770752
-0.7684671878814697
-0.1781768798828125
-0.1781768798828125
-0.2603616714477539
-0.2603616714477539
-0.2603616714477539
-0.2603616714477539
-0.2603616714477539
0.18771851062774658
3.3931074142456055
0.9132655018997193
0.08799874782562256
-0.2769820245437622
-0.027707815170288086
0.16082072257995605
0.16082072257995605
-0.15776383876800537
-0.15776383876800537
0.9082307815551758
0.9082307815551758
-0.26423586923027037
-0.26423586923027037
-0.26423586923027037
-0.26423586923027037
1.267314201040268
1.267314201040268
1.267314201040268
1.267314201040268
1.8731619119644165
0.624137282371521
0.05208790302276611
1.0259377360343933
1.0259377360343933
2.457096219062805
2.457096219062805
-0.3100099563598633
1.6436883449554442
1.6436883449554442
1.6436883449554442
1.6436883449554442
-0.11783850193023682
-0.11783850193023682
0.725663423538208
-0.14774717444610597
-0.157724130153656
-0.11838611960411072
-0.11838611960411072
-0.157724130153656
0.010837912559509277
0.010837912559509277
0.010837912559509277
0.010837972164154053
0.010837972164154053
0.15983062982559204
0.15983062982559204
-0.28557080030441284
-0.039994239807128906
-0.039994239807128906
-0.039994239807128906
-0.28557080030441284
-0.015645265579223633
-0.4678566014213562
-0.3930927515029907
-0.4678566014213562
-0.12452411651611328
0.01847788691520691
-0.29003758674430846
0.7465696334838867
-0.011439090967178323
0.43494975566864014
0.43494975566864014
-0.15260028839111328
0.11538144946098328
0.11538144946098328
0.11538144946098328
0.43494975566864014
-0.008846044540405273
-0.008846044540405273
-0.008846044540405273
-0.16071319580078125
-0.19408565759658813
-0.030643939971923828
-0.12157726287841797
-0.12157726287841797
-0.1509411334991455
-0.10476572834777831
-0.10476572834777831
-0.10476572834777831
-0.10476572834777831
-0.15317802429199218
0.16391360759735107
0.16391360759735107
-0.3812199676589966
0.6580600738525391
0.44580721855163574
-0.18410372734069824
0.7828261852264404
0.027419447898864746
0.027419447898864746
-0.6382231712341309
-0.6382231712341309
0.11102226376533508
-0.1279618740081787
-0.1279618740081787
-0.28015591258239747
-0.21764087677001953
-0.28015591258239747
0.04218405485153198
-0.2707058334903717
-0.10481844788360595
-1.2119992971420288
-0.10481844788360595
-0.12638888359069822
-0.12638888359069822
-0.9050683975219727
-0.2768621027469635
-0.3681416357116699
0.11772429943084717
0.13879066705703735
0.11772429943084717
0.056291162967681885
0.056291162967681885
0.04029163122177126
1.8983917236328125
0.04365763068199158
0.04365763068199158
0.03847271203994751
0.03847271203994751
0.04365763068199158
0.04365763068199158
0.04365763068199158
0.15224210302352903
0.8271114826202393
-0.007409811019897461
-0.007409811019897461
0.5965502413444519
-0.24664920568466187
-0.24664920568466187
-0.20098161697387695
-0.20098161697387695
-0.09873820895385743
-0.09873820895385743
10.448452949523926
10.448452949523926
-0.20013310069274903
-0.20013310069274903
0.4097757339477539
-0.03180638551712034
-0.03180638551712034
-0.3598206043243408
0.45998501777648926
0.09434562921524048
0.06947611202812193
0.06947611202812193
0.9529904127120972
0.9529904127120972
-0.1981745958328247
-0.1981745958328247
-0.05583691596984863
-0.12944674491882324
-0.12944674491882324
-0.24203689450454713
-0.24203689450454713
-0.12752848863601685
0.3497891426086426
0.3497891426086426
-0.0026694536209106445
-0.0026694536209106445
0.013970792293548584
0.013970792293548584
34.29467177391052
0.011866629123687744
0.011866629123687744
0.011866629123687744
-0.07544302940368652
-0.07544302940368652
-0.07991121655273437
0.08151662349700928
-0.07991121655273437
0.9797985553741455
0.42644762992858887
0.42644762992858887
0.9797985553741455
-0.06243930702972411
-0.06243930702972411
0.1335110068321228
-0.23313546180725098
0.7343456745147705
0.581660270690918
-0.36310869455337524
-0.36310869455337524
-0.3175922632217407
-0.02105382680892942
-0.02105382680892942
-0.3175922632217407
-0.30277019739151
-0.3175922632217407
-0.30277019739151
0.35858118534088135
0.35858118534088135
0.36659085750579834
0.14271116256713867
0.32048511505126953
0.32048511505126953
-0.3056066036224365
-0.21815499663352966
0.21838051080703735
0.6504228115081787
-0.21815499663352966
-0.13621248358917237
-0.03827095031738281
-0.13621248358917237
-0.08436930179595947
-0.17866826057434082
0.6914946436882019
-0.06976962089538574
0.6914946436882019
-0.17866826057434082
-0.17866826057434082
0.9311679005622864
0.8355803489685059
-0.14545814638900756
-0.14545814638900756
-0.16143286228179932
0.2842497980041504
0.11520399207305909
0.2842497980041504
0.8246634006500244
0.05870689505767823
-0.158208966255188
0.05870689505767823
0.35590553283691406
0.35590553283691406
-0.3299634611053467
-0.3491097688674927
-0.3299634611053467
-0.3299634611053467
-0.8794491291046143
-0.1622660756111145
-0.06454873085021973
-0.13344313258361817
-0.13344313258361817
0.08851313591003418
-0.13344313258361817
0.0824776291847229
0.16145050525665283
-0.09249313229751588
-0.09249313229751588
-0.029510140419006348
-0.029510140419006348
0.033659601211547874
0.033659601211547874
-0.15302729606628418
0.05961233377456665
0.05961233377456665
-0.030913591384887695
-0.030913591384887695
0.24688042754364015
0.04482394456863403
0.04482394456863403
0.24688042754364015
-0.20418649911880493
-0.20418649911880493
-0.011803134735107412
0.06959803456497193
0.38424140214920044
0.06959803456497193
0.06959803456497193
0.06959803456497193
0.06959803456497193
-0.2637359654350281
0.052299493551254295
0.052299493551254295
0.004170536994934082
0.058849871158599854
0.058849871158599854
-0.10125811452102662
0.05955767631530762
-0.3019433617591858
-0.3549593687057495
-0.3549593687057495
0.4097744822502136
0.4097744822502136
0.04600560665130615
0.702286422252655
0.702286422252655
1.8474998474121094
1.8474998474121094
1.8474998474121094
0.20228642225265503
-0.15250015258789062
0.09493976831436157
1.0151214003562927
1.0151214003562927
0.1532086730003357
-0.01573967933654785
-0.007134914398193359
-0.007134914398193359
-0.007134914398193359
-0.007134914398193359
-0.007134914398193359
0.18710488080978394
0.3847094774246216
0.04121692424583434
0.04121692424583434
-0.14957380294799805
-0.19941379183959962
-0.013718605041503906
-0.19941373223495484
-0.359296977519989
-0.3272864818572998
-0.15265756845474243
-0.19512200355529785
-0.19512200355529785
-0.15265756845474243
0.45106297731399536
0.45106297731399536
0.45106297731399536
0.45106297731399536
-0.24864770495223998
-0.12045839475250242
0.32916516065597534
-0.04278937578201292
-0.12045839475250242
-0.24864770495223998
-0.5815062522888184
-0.5815062522888184
0.5134997665882111
0.5134997665882111
0.05281311273574829
0.05281311273574829
-0.037767058610916115
-0.037767058610916115
-0.14848609322738648
0.05886596441268921
-0.004224300384521484
0.6979065781402587
0.6979065781402587
0.6229077875614166
0.49832046031951904
0.6229077577590942
1.362147569656372
0.08847996592521667
0.20332475060653687
0.08847996592521667
-0.1529895817680359
0.47946321964263916
0.03724606265640257
-0.02053678035736084
0.005786478519439697
-0.0693527614517212
-0.0693527614517212
0.03724606265640257
-0.3794095993041992
-0.20650206804275512
-0.163138107006073
-0.20650206804275512
0.2112822890281677
0.5692494213581085
0.25989431142807007
-0.0705251693725586
0.5692494213581085
-0.18075057864189148
-0.18075057864189148
-0.0705251693725586
0.004458394646644603
-0.05193926448059083
0.004458394646644603
-0.005001560214042661
-0.005001560214042661
-0.08991558903884889
0.14911699367141729
0.23654824495315552
-0.13190610760879518
0.14911699367141729
-0.17621544003486633
0.06893116235733032
0.06893116235733032
0.06893116235733032
0.2780425548553467
0.2780425548553467
0.2780425548553467
0.2780425548553467
-0.08956237191390992
0.2461739308815002
0.22296596765518184
0.010115504264831543
0.13076741099357603
0.345836981590271
0.2461739308815002
0.11489218473434448
0.22296596765518184
-0.21617274284362792
-0.23417234420776367
-0.21617274284362792
-0.23417234420776367
0.21433945054244996
-0.20705522894859313
0.3223700523376465
-0.20705522894859313
0.3223700523376465
-0.09544873237609863
-0.03734502792358396
-0.03734502792358396
0.21254420280456543
0.3662550449371338
-0.2358324110507965
0.056791067123413086
-0.2358324110507965
0.21254420280456543
0.056791067123413086
-0.23777958750724792
-0.2036226987838745
0.8842947483062744
0.10149089097976682
-0.17072439240074155
0.24206489324569702
-0.17072439240074155
-0.027867392400741597
-0.011403485591888418
0.014399290084838867
-0.027867392400741597
0.08486761206817628
0.16251781582832336
-0.20252890938949586
-0.08748218417167664
-0.2271405016822815
-0.08748218417167664
0.16251781582832336
-0.16155117796516416
0.8164427280426025
2.0269307494163513
0.1158556342124939
0.8164427280426025
0.8342604285049438
0.8342604285049438
1.3850672841072083
1.385067343711853
0.08103495836257935
0.22011015415191648
0.31981199979782104
0.15299968490982052
0.15299968490982052
-0.09320330619812012
0.15344478244018556
0.22011015415191648
0.2571758031845093
-0.061834752559661865
-0.061834752559661865
-0.007459282875061035
0.4395264983177185
-0.16931241750717163
-0.05337965488433838
-0.16931241750717163
0.03866797685623169
-0.159279361907959
0.17980692386627195
0.17980692386627195
0.6372062211799621
0.1895264983177185
-0.10333201289176941
-0.2848368287086487
-0.10333201289176941
-0.27989266758728026
-0.16146190518569947
-0.16146190518569947
0.17385929822921753
0.05330336093902588
0.05330336093902588
0.053303301334381104
0.053303301334381104
-0.2245174800796509
0.16044247150421143
-0.2245174800796509
-0.06058911925125121
-0.0028258919715881126
0.08550828695297241
-0.0028258919715881126
0.08550828695297241
0.08553886413574219
0.13953758830261231
0.08553886413574219
0.3733096718788147
0.09592585335159298
-0.19286489486694336
0.09592585335159298
0.4620419144630432
-0.1237186347885132
-0.2561759829521179
-0.1237186347885132
-0.15266436338424683
-0.15266436338424683
-0.20076358318328857
-0.13001884574127198
-0.13001884574127198
-0.14942467212677002
1.1286819577217102
0.1286819577217102
1.1286819577217102
0.12868207693099976
0.41506314277648926
0.41506314277648926
1.127989113330841
0.5826881229877472
0.2493551229877472
0.7970927953720093
0.5826881229877472
0.06319135427474976
0.40855616331100464
0.2493551229877472
-0.054260849952697754
-0.054260849952697754
-0.07578146457672119
-0.35183393955230713
-0.017212867736816406
-0.04450047016143799
-0.017212867736816406
0.2327871322631836
0.2327871322631836
0.08258455991744995
-0.26631033420562744
-0.26631033420562744
3.9150145053863525
2.9150145053863525
2.9150145053863525
3.9150145053863525
-0.10077661275863647
-0.10077661275863647
0.019225820358276358
0.019225820358276358
0.06531769037246704
0.06531766057014465
0.24183408021926878
0.22878098487854004
-0.05968230962753296
-0.05968230962753296
-0.04944365024566649
-0.04944365024566649
-0.04944365024566649
-0.04944365024566649
-0.1688874363899231
0.15421348810195923
-0.1688874363899231
0.08793389797210693
0.30963982695770265
-0.18947196006774902
0.30963982695770265
0.039207065105438255
0.039207065105438255
0.15591622943115235
-0.129558161441803
0.039207065105438255
0.039207065105438255
0.12239688634872437
0.12239688634872437
-0.0020696675224304295
-0.13070958852767944
-0.13781096339225768
-0.13781096339225768
-0.0020696675224304295
0.2950938940048218
1.058350920677185
0.04700428247451782
1.0583509802818298
1.0583509802818298
1.058350920677185
0.6170957684516907
0.4585694218235016
0.611645519733429
0.611645519733429
0.4585694218235016
0.09232479333877563
0.07872647047042847
0.07872647047042847
0.07872647047042847
0.07872647047042847
1.0992863774299622
-0.22288376092910767
-0.19261080026626587
-0.22288376092910767
-0.16036759386444094
0.18895959854125977
-0.16005945205688477
0.4110614061355591
0.5094210803508759
0.0017279982566833496
0.20588366741371156
0.20568132400512695
-0.16036759386444094
0.4110614061355591
0.04992374777793884
0.04992374777793884
-0.06095774525833131
0.34352999925613403
0.16492153758239747
0.348147988319397
0.16492153758239747
0.16492153758239747
0.16492153758239747
0.16492153758239747
-0.07916367053985596
-0.07916367053985596
0.17083632946014404
0.17083632946014404
0.17254692316055298
0.17083632946014404
0.21501505374908447
0.21697914600372314
0.4470632076263428
0.21697914600372314
0.0006621479988098145
0.016379570960998513
0.016379570960998513
0.1409148132247925
0.1409148132247925
0.8075778132247924
0.26709282398223877
0.8075778132247924
0.35864579677581787
-0.16779640316963196
-0.16779640316963196
-0.16779640316963196
-0.168374764919281
-0.168374764919281
-0.1250056028366089
-0.017216384410858154
0.0030044758872985744
0.0030044758872985744
0.0030044758872985744
-0.1250056028366089
0.29367165565490727
0.29367165565490727
0.2144312858581543
0.29367165565490727
0.29367165565490727
-0.19483625888824463
-0.27224403619766235
-0.27224403619766235
0.005827093124389671
-0.022244036197662354
0.005827093124389671
0.7551928406524657
0.7551928406524657
0.08852984065246583
0.08852984065246583
0.025138139724731445
0.025138139724731445
0.025138139724731445
0.0068054646253585815
0.0068054646253585815
0.2568054646253586
0.2568054646253586
0.2568054646253586
-0.11946654319763184
-0.11946654319763184
-0.2284229552192688
-0.2284229552192688
-0.2284229552192688
-0.16385918855667114
-0.16385921835899353
-0.08612966537475586
0.08697452545166018
0.08697452545166018
0.23549142479896545
0.23549142479896545
-0.014508575201034546
0.04539543390274048
-0.014508575201034546
0.23549142479896545
-0.12284404039382935
-0.2572634816169739
-0.2572634816169739
-0.18778790587615968
0.1101420521736145
-0.18778790587615968
-0.10344413518905637
-0.13870139474105836
-0.13870139474105836
-0.10344413518905637
0.09974271059036255
0.2025204300880432
0.2025204300880432
0.2025204300880432
0.2025204300880432
0.2025204300880432
0.13013780117034912
0.402784526348114
0.402784526348114
0.1954438840789795
0.1954438840789795
0.03047192096710205
0.16810733079910278
0.16810733079910278
0.16810733079910278
-0.23350493555831908
0.014507949352264404
-0.23350493555831908
0.029056310653686523
0.4864780902862549
0.4864780902862549
0.4864780902862549
0.029056310653686523
-0.2064631735725403
-0.2064631735725403
-0.022396981716156006
0.3858606219291687
-0.022396981716156006
0.009819239377975464
-0.13963879698944093
-0.13963879698944093
0.009819239377975464
-0.13963879698944093
-0.13469988107681274
0.20777235031127927
0.4110652804374695
0.20777235031127927
0.27105772495269775
0.37585753202438354
0.29379838705062866
0.29379838705062866
0.14420151710510254
0.0938028931617737
-0.032523155212402344
0.0938028931617737
0.14420145750045776
0.05202728509902954
0.2073303461074829
0.2073303461074829
0.035745441913604736
-0.10069914216232301
-0.10069914216232301
-0.14193129539489746
-0.14193129539489746
-0.14193129539489746
-0.28462570905685425
-0.28462570905685425
0.24750451797676087
0.5033450126647949
0.24750451797676087
0.5033450126647949
0.059608334302902244
-0.14039166569709777
-0.14039166569709777
-0.006700754165649414
-0.09214305877685547
