0.08519721031188965
0.08519721031188965
-0.41480278968811035
2.6908700466156006
2.6908700466156006
2.6908700466156006
2.6908700466156006
0.10714508647155763
-0.18938775414657594
-0.18938775414657594
-0.18938775414657594
-0.18938775414657594
-0.2839595079421997
-0.2261889135284424
-0.2261889135284424
-0.282335102558136
-0.05706214904785156
-0.282335102558136
-0.04148292541503906
1.30405592918396
1.30405592918396
2.717664897441864
2.717664897441864
0.13292457217407228
0.13292457217407228
0.13292457217407228
0.13292457217407228
-0.18987330794334412
-0.18987330794334412
-0.3940277846984863
-0.3940277846984863
-0.27422499656677246
1.605802620010376
1.605802620010376
1.605802620010376
1.605802620010376
0.10714508647155763
0.10714508647155763
0.05405592918395996
0.05405592918395996
-0.05706214904785156
0.3068202912807465
2.9429378509521484
-0.05706214904785156
2.9429378509521484
0.3068202912807465
-0.17353808879852295
-0.09780876408004763
-0.09780876408004763
-0.17353808879852295
0.7612714171409607
-0.19648452718734744
-0.19648452718734744
0.7612714171409607
-0.05706214904785156
-0.05706214904785156
-0.19594407081604004
-0.19594407081604004
0.13292457217407228
0.13292457217407228
-0.258303165435791
-0.07586038708686826
-0.258303165435791
-0.07586038708686826
-0.258303165435791
-0.258303165435791
0.9640294313430786
-0.1543647050857544
-0.1543647050857544
-0.1543647050857544
-0.1131664514541626
1.025346279144287
1.025346279144287
0.5313615449142457
0.5313615449142457
-0.282335102558136
-0.282335102558136
-0.03532207012176514
-0.282335102558136
-0.282335102558136
-0.32814146524238585
-0.32814146524238585
-0.2649171233177185
-0.2649171233177185
10.886833548545837
10.886833548545837
10.886833548545837
10.886833548545837
0.15939617156982422
0.15939617156982422
-0.09317970871925352
-0.09317970871925352
-0.09317970871925352
-0.09317970871925352
0.482860267162323
-0.37222397327423096
0.4828603267669678
0.4828603267669678
0.4828603267669678
0.217664897441864
0.217664897441864
0.10714508647155763
0.10714508647155763
1.076018310585022
1.076018310585022
1.076018310585022
1.076018310585022
-0.22655083293151856
-0.22655083293151856
-0.0573878288269043
-0.0573878288269043
-0.0573878288269043
0.09836329573822022
0.09836329573822022
0.20953774452209473
-0.06487488746643066
0.20953774452209473
-0.09719900488853456
-0.09719900488853456
-0.026786789838790903
-0.1543647050857544
-0.026786789838790903
-0.05706214904785156
-0.05706214904785156
-0.16017288809394836
-0.1960029597415924
-0.1960029597415924
-0.16017288809394836
0.30405592918395996
0.4404780864715576
0.4404780864715576
0.30405592918395996
-0.10502171516418457
-0.10502171516418457
0.8949782848358154
0.8949782848358154
0.8949782848358154
-0.10502171516418457
-0.10502171516418457
0.8949782848358154
0.717664897441864
0.6396246254444122
2.11224125623703
2.11224125623703
2.11224125623703
2.11224125623703
-0.12943804264068604
0.14213770627975464
0.37766581773757935
0.37766581773757935
0.37766581773757935
0.37766581773757935
-0.05706214904785156
-0.05706214904785156
-0.05706214904785156
-0.05706214904785156
0.7257750630378723
1.3647843599319458
1.3647843599319458
1.3647843599319458
1.3647843599319458
0.13381508039093015
-0.06255590843582148
-0.06255590843582148
0.13381508039093015
0.2261124849319458
-0.1389237642288208
-0.1389237642288208
-0.1389237642288208
-0.1389237642288208
-0.4675507783889771
-0.4675507783889771
-0.4675507783889771
-0.4675507783889771
-0.3406038284301758
-0.25784991751098635
-0.25784991751098635
0.04833985919189454
0.04833985919189454
0.15939617156982422
-0.3406038284301758
-0.04926860332489014
0.9507313966751099
-0.04926860332489014
-0.04926860332489014
0.08519721031188965
0.08519721031188965
-0.09803295135498047
-0.09803295135498047
0.012025266885757446
-0.03582611083984377
-0.21435989628982544
-0.03582611083984377
0.8868335485458374
-0.21435983668518066
-0.282335102558136
-0.282335102558136
-0.282335102558136
-0.282335102558136
0.20235939269828795
0.20235939269828795
-0.05706214904785156
-0.05706214904785156
-0.05706214904785156
-0.05706214904785156
-0.2849941408081055
-0.33582611083984376
-0.2849941408081055
-0.3406038284301758
-0.33582611083984376
0.3125675797462464
0.3125675797462464
0.3125675797462464
0.3125675797462464
-0.1131664514541626
-0.1131664514541626
-0.1131664514541626
-0.1131664514541626
-0.1131664514541626
0.8663362503051757
0.2753462791442871
0.8663362503051757
0.27534621953964233
-0.1131664514541626
-0.1131664514541626
-0.1131664514541626
-0.1131664514541626
-0.1131664514541626
0.2663362503051758
-0.1131664514541626
0.8576547503471375
-0.1131664514541626
0.16439518286132815
-0.1131664514541626
0.8576547503471375
-0.1131664514541626
-0.1131664514541626
0.16439518286132815
-0.05706214904785156
-0.05706214904785156
-0.05706214904785156
-0.1131664514541626
-0.1131664514541626
0.30405592918395996
-0.02295856247329714
-0.02295856247329714
0.30405592918395996
0.30405592918395996
0.9019670486450195
0.717664897441864
0.717664897441864
0.38962462544441223
0.38962462544441223
1.9429378509521484
0.7738080864715575
1.217664897441864
0.8868335485458374
0.37766581773757935
0.37766581773757935
0.3358515202999115
0.3358515202999115
0.05811997508449554
0.05811997508449554
0.05811997508449554
0.05811997508449554
0.4404780864715576
-0.05706214904785156
-0.05706214904785156
-0.05706214904785156
-0.05706214904785156
-0.2261889135284424
-0.05706214904785156
-0.2261889135284424
-0.2261889135284424
-0.2261889135284424
-0.1131664514541626
-0.3406038284301758
-0.3406038284301758
-0.3406038284301758
-0.3406038284301758
-0.10466203689575193
-0.10466203689575193
-0.2438239609642029
-0.10466203689575193
-0.10466203689575193
0.22577506303787231
-0.1543647050857544
-0.1543647050857544
-0.37256360054016113
-0.37256360054016113
-0.27223815077972413
-0.1131664514541626
-0.27223815077972413
-0.14627325534820557
1.8868335485458374
1.8868335485458374
1.8868335485458374
1.8868335485458374
1.8868335485458374
1.8868335485458374
-0.05706214904785156
0.217664897441864
-0.05706214904785156
0.217664897441864
0.217664897441864
-0.05706214904785156
0.217664897441864
0.044332817737579355
0.044332817737579355
0.044332817737579355
0.044332817737579355
0.18431830406188965
0.4228430390357971
0.7013909220695496
-0.07285964488983154
0.7013909220695496
0.4228430390357971
-0.282335102558136
-0.2261889135284424
-0.2261889135284424
-0.282335102558136
-0.2261889135284424
0.217664897441864
0.9429378509521484
0.14821326732635498
-0.12130212783813477
-0.12130212783813477
-0.12130212783813477
-0.12130212783813477
-0.12130212783813477
-0.1131664514541626
-0.1131664514541626
-0.3406038284301758
-0.3406038284301758
2.67445170879364
2.67445170879364
2.67445170879364
2.67445170879364
-0.05706214904785156
-0.05706214904785156
0.15939617156982422
1.8868335485458374
1.8868335485458374
0.37766581773757935
0.6593961715698242
0.37766581773757935
-0.18938775414657594
0.217664897441864
0.217664897441864
0.217664897441864
-0.18938775414657594
-0.07285964488983154
-0.07285964488983154
-0.07285964488983154
-0.07285964488983154
-0.07285964488983154
0.08934171551895143
0.8868335485458374
0.8868335485458374
0.15939617156982422
0.15939617156982422
-0.1131664514541626
0.8868335485458374
0.16500556468963623
0.16500556468963623
-0.0691621541976929
-0.0691621541976929
-0.30155515670776367
0.16795533895492554
-0.27963353747558595
0.16795533895492554
0.8949782848358154
0.16795533895492554
0.16795533895492554
-0.27963353747558595
0.16795533895492554
-0.10502171516418457
0.15939617156982422
0.8868335485458374
-0.1131664514541626
0.8868335485458374
0.8868335485458374
0.15939617156982422
0.15939617156982422
-0.07448041439056396
-0.07319283485412598
-0.07319283485412598
1.0120252668857574
0.5476856827735901
1.6593961715698242
0.5476856827735901
0.8358515202999115
0.8358515202999115
1.0120252668857574
0.0641738891601562
0.0641738891601562
0.0641738891601562
0.0641738891601562
-0.282335102558136
-0.282335102558136
-0.282335102558136
-0.282335102558136
0.20953774452209473
0.20953774452209473
0.20953774452209473
0.20953774452209473
0.20953774452209473
-0.3951555336074829
-0.23797473311424255
-0.3336637496948242
-0.3336637496948242
-0.3951555336074829
0.30405592918395996
0.30405592918395996
0.4404780864715576
0.4404780864715576
0.998093956708908
0.998093956708908
0.45048531889915466
0.45048531889915466
0.45048531889915466
0.45048531889915466
0.18498080968856812
0.18498080968856812
0.18498080968856812
0.18498080968856812
0.9429378509521484
-0.1131664514541626
-0.3406038284301758
1.7203634625244142
0.720363462524414
1.7203634625244142
0.872176969051361
0.872176969051361
-0.05706214904785156
-0.05706214904785156
-0.05706214904785156
0.20139092206954956
-0.07285964488983154
0.20139092206954956
0.20139092206954956
0.20139092206954956
0.26202526688575745
0.26202526688575745
0.37766581773757935
-0.1131664514541626
0.37766581773757935
0.26202526688575745
0.10714508647155763
0.10714508647155763
0.10714508647155763
0.10714508647155763
1.4404780864715576
-0.18369420170783995
-0.18369420170783995
-0.21966490149497986
-0.18369420170783995
-0.18369420170783995
-0.1336637496948242
-0.1336637496948242
-0.1336637496948242
-0.1336637496948242
0.8970562517642975
-0.05706214904785156
-0.05706214904785156
0.3944288492202759
0.3358515202999115
0.37766581773757935
0.19809395670890806
0.19809395670890806
0.3944288492202759
-0.3406038284301758
-0.3406038284301758
-0.3406038284301758
-0.3406038284301758
-0.3406038284301758
-0.282335102558136
-0.282335102558136
-0.282335102558136
-0.282335102558136
8.808270931243896
8.808270931243896
8.808270931243896
8.808270931243896
11.556779742240906
-0.06182253360748291
-0.06182253360748291
0.26202526688575745
0.26202526688575745
0.3944288492202759
0.37766581773757935
0.19809395670890806
1.717664897441864
1.717664897441864
1.717664897441864
1.717664897441864
-0.1131664514541626
-0.1131664514541626
-0.1131664514541626
-0.1131664514541626
0.7257750630378723
0.3101266920566559
1.717664897441864
1.717664897441864
1.717664897441864
1.717664897441864
0.9991655051708221
1.0120252668857574
1.8868335485458374
1.1593961715698242
1.0120252668857574
1.0120252668857574
1.0120252668857574
1.1593961715698242
1.8909040689468384
0.2011410057544708
0.05067439307785032
-0.28900118226242066
0.05067439307785032
0.32760307788848875
0.32760307788848875
0.04768568277359009
0.217664897441864
0.217664897441864
0.217664897441864
0.217664897441864
0.49533796310424805
0.49533796310424805
0.7923084795475006
0.7923084795475006
0.5276030778884888
0.5276030778884888
0.5276030778884888
0.5276030778884888
-0.1131664514541626
-0.1131664514541626
-0.1131664514541626
-0.1131664514541626
-0.1131664514541626
0.22571736620521543
0.2663362503051758
0.22571736620521543
0.22571736620521543
0.22571736620521543
0.2663362503051758
-0.05706214904785156
-0.05706214904785156
-0.05706214904785156
-0.05706214904785156
-0.05706214904785156
0.122438803855896
0.2066759311161041
-0.05706214904785156
-0.05706214904785156
-0.05706214904785156
-0.05706214904785156
-0.05706214904785156
0.34159913705444334
0.34159913705444334
0.5142491603450775
0.5142491603450775
0.5142491603450775
0.21973522061538697
0.4404780864715576
0.80405592918396
0.80405592918396
1.717664897441864
1.717664897441864
-0.05706214904785156
-0.06487488746643066
-0.06487488746643066
0.8379043340682983
0.8379043340682983
0.8379043340682983
0.8379044532775879
-0.27223815077972413
0.15939617156982422
0.15939617156982422
0.06633625030517576
0.37766581773757935
0.06633625030517576
0.37766581773757935
0.37766581773757935
0.37766581773757935
0.37766581773757935
0.37766581773757935
0.37766581773757935
0.37766581773757935
-0.23624403828811646
-0.06182253360748291
-0.06182253360748291
-0.06182253360748291
-0.06182253360748291
-0.282335102558136
-0.282335102558136
-0.282335102558136
-0.282335102558136
2.9191348552703857
2.9191348552703857
2.9191348552703857
2.9191348552703857
0.384067565202713
-0.06487488746643066
-0.06487488746643066
-0.06487488746643066
-0.06487488746643066
-0.021967753227233877
-0.021967753227233877
-0.021967753227233877
-0.021967753227233877
0.03336121195983888
-0.10502171516418457
-0.10502171516418457
1.8868335485458374
1.8868335485458374
-0.05706214904785156
-0.05706214904785156
-0.29860907793045044
-0.07285964488983154
-0.29860907793045044
-0.07285964488983154
-0.09803295135498047
-0.09803295135498047
-0.09803295135498047
-0.09803295135498047
0.044332817737579355
0.044332817737579355
0.044332817737579355
0.044332817737579355
0.15939617156982422
0.044332817737579355
0.044332817737579355
-0.05706214904785156
-0.05706214904785156
-0.05706214904785156
-0.05706214904785156
-0.05706214904785156
0.4393642127513886
0.7891018038558959
0.217664897441864
0.4393642127513886
0.7891018038558959
0.04230847954750061
-0.10466203689575193
0.04230847954750061
-0.10466203689575193
-0.07285964488983154
1.6922677755355835
1.6922677755355835
-0.05706214904785156
-0.05706214904785156
0.044332817737579355
0.044332817737579355
0.044332817737579355
0.044332817737579355
0.044332817737579355
0.9019670486450195
-0.1131664514541626
-0.1131664514541626
-0.1131664514541626
3.664977192878723
-0.282335102558136
-0.05706214904785156
-0.05706214904785156
-0.05706214904785156
-0.05706214904785156
-0.05706214904785156
-0.31568169593811035
0.26579513712310787
0.26579513712310787
-0.05706214904785156
0.26579513712310787
0.26579513712310787
-0.1131664514541626
-0.1131664514541626
-0.1131664514541626
-0.1131664514541626
-0.1131664514541626
-0.1131664514541626
-0.1131664514541626
-0.09803295135498047
-0.09803295135498047
-0.09803295135498047
-0.09803295135498047
0.217664897441864
0.217664897441864
0.217664897441864
0.217664897441864
2.43213980676651
2.43213980676651
2.43213980676651
2.43213980676651
1.8868335485458374
0.8868335485458374
0.6593961715698242
1.8868335485458374
0.6593961715698242
-0.1785818338394165
-0.1785818338394165
-0.1785818338394165
-0.1785818338394165
-0.3593868613243103
-0.08887851238250732
-0.08887851238250732
-0.08887839317321777
-0.08887839317321777
-0.08887839317321777
-0.31568169593811035
-0.05706214904785156
1.30405592918396
1.30405592918396
1.30405592918396
1.30405592918396
0.044332817737579355
0.15939617156982422
0.044332817737579355
0.15939617156982422
-0.09803295135498047
-0.09803295135498047
2.9429378509521484
1.217664897441864
2.9429378509521484
1.217664897441864
-0.1131664514541626
0.15939617156982422
0.044332817737579355
0.15939617156982422
-0.1131664514541626
0.044332817737579355
0.14821326732635498
-0.06487488746643066
-0.06487488746643066
-0.2904622554779053
-0.06487488746643066
-0.06487476825714111
-0.2904622554779053
0.9429378509521484
0.9429378509521484
0.9429378509521484
0.9429378509521484
-0.10502171516418457
-0.10502171516418457
-0.10502171516418457
-0.10502171516418457
-0.10502171516418457
0.88101568277359
0.88101568277359
0.88101568277359
0.88101568277359
0.9429378509521484
0.9429378509521484
0.9429378509521484
0.9429378509521484
-0.1131664514541626
-0.1543647050857544
-0.37256360054016113
-0.1131664514541626
-0.37256360054016113
-0.2742249369621277
-0.2742249369621277
-39.091033935546875
-0.09689629077911377
-0.09689629077911377
-0.09689629077911377
-0.09803295135498047
2.9429378509521484
2.9429378509521484
2.9429378509521484
2.9429378509521484
0.217664897441864
0.217664897441864
0.217664897441864
0.217664897441864
-0.05706214904785156
-0.05706214904785156
-0.3493613004684448
-0.282335102558136
-0.282335102558136
-0.282335102558136
-0.282335102558136
-0.282335102558136
-0.282335102558136
-0.05706214904785156
-0.282335102558136
-0.282335102558136
-0.282335102558136
3.9429378509521484
1.717664897441864
3.9429378509521484
1.717664897441864
-0.282335102558136
-0.282335102558136
-0.282335102558136
-0.05706214904785156
-0.05706214904785156
-0.282335102558136
-0.05706214904785156
-0.06487488746643066
-0.06487476825714111
-0.06487476825714111
-0.05706214904785156
-0.05706214904785156
0.2883903249557495
0.24442273164329528
0.2883903249557495
0.24442273164329528
1.8868335485458374
0.6866626739501953
0.6866626739501953
0.6866626739501953
0.6866626739501953
2.4404780864715576
2.4404780864715576
1.80405592918396
1.80405592918396
1.309739624671936
1.309739624671936
1.309739624671936
1.309739624671936
1.418206810951233
0.6030943170189857
0.6030943170189857
0.6030943170189857
0.6030943170189857
0.217664897441864
0.6075654029846191
0.10756540298461914
0.10756540298461914
0.6075654029846191
0.6075654029846191
0.6075654029846191
6.942937850952148
6.942937850952148
3.217664897441864
3.217664897441864
0.044332817737579355
0.15939617156982422
0.044332817737579355
0.15939617156982422
-0.08887839317321777
-0.08887839317321777
-0.08887839317321777
-0.08887839317321777
-0.08887839317321777
-0.08887839317321777
-0.029830116033554066
-0.05706214904785156
-0.3080635070800781
-0.03564643859863281
-0.03564643859863281
-0.2602691650390625
-0.2602691650390625
-0.03564643859863281
-0.2602691650390625
-0.1131664514541626
-0.1131664514541626
-0.1131664514541626
-0.1131664514541626
0.9429378509521484
0.217664897441864
0.217664897441864
0.217664897441864
0.9429378509521484
0.217664897441864
-0.05706214904785156
0.9429378509521484
-0.09004878997802734
-0.10502171516418457
-0.10502171516418457
-0.10502171516418457
-0.1131664514541626
-0.1131664514541626
-0.1131664514541626
0.15939617156982422
-0.3406038284301758
-0.3406038284301758
-0.1131664514541626
-0.1131664514541626
-0.1131664514541626
-0.1131664514541626
0.8663362503051757
0.8663362503051757
0.8663362503051757
0.8663362503051757
-0.05706214904785156
-0.05706214904785156
-0.05706214904785156
-0.05706214904785156
-0.05706214904785156
-0.05706214904785156
-0.05706214904785156
-0.05706214904785156
-0.05706214904785156
-0.05706214904785156
-0.05706214904785156
2.9429378509521484
-0.33204466104507446
-0.33204466104507446
-0.33204466104507446
-0.33204466104507446
-0.33204466104507446
3.159396171569824
3.159396171569824
3.159396171569824
3.159396171569824
0.08951003903579713
0.08951003903579713
0.04230847954750061
0.20139092206954956
0.20139092206954956
0.04230847954750061
28.656708002090454
0.39121815011978156
0.217664897441864
-0.29860907793045044
-0.29860907793045044
1.8868335485458374
1.8868335485458374
1.8868335485458374
1.8868335485458374
-0.10502171516418457
1.1679553389549255
1.1679553389549255
1.1679553389549255
1.1679553389549255
1.1679553389549255
1.1679553985595703
0.12743639945983887
-0.1131664514541626
0.06109584922027589
0.06109584922027589
0.12743639945983887
-0.1131664514541626
0.1243707537651062
-0.3068966865539551
1.9662991762161255
1.9662991762161255
-0.04926860332489014
0.08385745286941526
-0.10502171516418457
-0.10502171516418457
-0.10502171516418457
-0.10502171516418457
-0.10502171516418457
0.2127440989017486
0.2127440989017486
0.2127440989017486
0.2127440989017486
-0.04926860332489014
0.03033509850502014
0.03033509850502014
0.03033509850502014
0.15939617156982422
0.8868335485458374
0.15939617156982422
0.15939617156982422
0.15939617156982422
0.07173825854492188
-0.3152770400047302
0.07173825854492188
0.18472295999526978
0.07173825854492188
0.07173825854492188
0.5250979363918304
0.8010025268363952
0.5250979363918304
1.1343425268363954
1.1343425268363954
0.547749116476059
-0.03564643859863281
-0.20252998227310182
1.739403247833252
1.739403247833252
1.1304535621833802
0.739403247833252
1.1304535621833802
-0.012601935863494895
-0.04926860332489014
0.8868335485458374
0.9662991762161255
0.9662991762161255
0.9662991762161255
0.9662991762161255
0.9662991762161255
0.9662991762161255
0.9662991762161255
0.9662991762161255
0.5641738891601562
0.5641738891601562
0.5641738891601562
0.5641738891601562
-0.06487476825714111
-0.2018495500087738
-0.2349707042617798
-0.2018495500087738
-0.2018495500087738
-0.2018495500087738
-0.1131664514541626
-0.1131664514541626
-0.3406038284301758
-0.1131664514541626
-0.3406038284301758
-0.210895196144104
0.8946386575698853
0.8946386575698853
0.8946386575698853
0.8946386575698853
0.8946386575698853
0.11619271392059327
-0.3406038284301758
-0.05706214904785156
-0.05706214904785156
-0.05706214904785156
-0.05706214904785156
-0.05706214904785156
-0.05706214904785156
-0.1131664514541626
-0.1131664514541626
-0.1131664514541626
-0.1131664514541626
-0.11977668052482604
-0.09803295135498047
5.044335817737579
5.044335817737579
5.044335817737579
5.044335817737579
-0.3560537541465759
-0.282335102558136
-0.1131664514541626
-0.1131664514541626
-0.1131664514541626
-0.1131664514541626
-0.3406038284301758
-0.3406038284301758
-0.16209566593170166
-0.27469807863235474
-0.16209566593170166
-0.28400158882141113
-0.28400158882141113
-0.28400158882141113
-0.28400158882141113
0.217664897441864
0.10682029128074644
1.4491638541221619
-0.1630032502708435
0.7824938541221618
0.6393642127513885
3.9429378509521484
-0.258303165435791
-0.258303165435791
-0.258303165435791
-0.03370082378387451
-0.258303165435791
2.4662575721740723
2.4662575721740723
2.4662575721740723
2.4662575721740723
0.4643767476081848
1.9507313966751099
4.942937850952148
0.717664897441864
0.4046563059091568
0.4046563059091568
0.717664897441864
0.4046563059091568
0.4046563059091568
-0.05706214904785156
-0.282335102558136
-0.05706214904785156
-0.05706214904785156
-0.1131664514541626
-0.1131664514541626
-0.1131664514541626
-0.1131664514541626
-0.1131664514541626
-0.0001806020736694336
3.540327310562134
0.6664893979263307
-0.05706214904785156
-0.3992799671821594
-0.09803295135498047
-0.139939546585083
-0.139939546585083
-0.36901795864105225
-0.36901795864105225
0.9435888528823853
0.9435889720916748
-0.40230248886489867
-0.40230254846954344
-0.40230254846954344
-0.40230254846954344
1.0830347294044496
1.0830347294044496
1.0830347294044496
1.0830347294044496
1.80405592918396
0.44161224365234375
-0.04926860332489014
0.43975937366485596
0.43975937366485596
1.682213544845581
1.682213544845581
-0.09689629077911377
0.010251396894454978
0.010251396894454978
0.010251396894454978
0.010251396894454978
-0.05706214904785156
-0.05706214904785156
0.9077808856964111
0.04688931947517394
-0.040135371685028065
-0.16572490334510803
-0.16572490334510803
-0.040135371685028065
-0.12943804264068604
-0.12943804264068604
-0.12943804264068604
-0.12943804264068604
-0.12943804264068604
-0.1131664514541626
-0.1131664514541626
-0.35874664783477783
-0.09736406803131104
-0.09736406803131104
-0.09736406803131104
-0.35874664783477783
-0.09736406803131104
-0.19229002350997926
-0.2612078785896301
-0.19229002350997926
-0.09155094623565674
-0.282335102558136
-0.11977668052482604
0.9429378509521484
-0.09317970871925352
-0.08086514472961426
-0.08086514472961426
-0.08086514472961426
-0.3068966865539551
-0.3068966865539551
-0.3068966865539551
-0.08086514472961426
-0.1131664514541626
-0.1131664514541626
-0.1131664514541626
-0.05706214904785156
-0.19594407081604004
-0.1131664514541626
-0.3406038284301758
-0.3406038284301758
-0.09155094623565674
0.024739190704345715
0.024739190704345715
0.024739190704345715
0.024739190704345715
-0.013131308555603016
-0.1131664514541626
-0.1131664514541626
0.06879128569793702
0.9084490537643433
0.9084490537643433
-0.29641711711883545
0.7035828828811646
-0.1131664514541626
-0.1131664514541626
-0.351786732673645
-0.351786732673645
-0.022720754146575928
-0.11587822437286377
-0.11587822437286377
-0.2921245252532959
-0.11587822437286377
-0.2921245252532959
-0.05706214904785156
-0.3560537541465759
0.02681280726623536
-0.8752381205558777
0.02681280726623536
0.19957213997840884
0.19957213997840884
-0.8752381205558777
-0.3360029339790344
0.122438803855896
-0.282335102558136
-0.05706214904785156
-0.282335102558136
-0.09155094623565674
-0.09155094623565674
-0.13600287437438963
1.9429378509521484
-0.282335102558136
-0.282335102558136
-0.05706214904785156
-0.05706214904785156
-0.282335102558136
-0.282335102558136
-0.282335102558136
-0.09987934549331667
0.9429378509521484
0.681930422782898
0.681930422782898
0.40561343752670287
-0.23999375104904175
-0.23999375104904175
-0.1131664514541626
-0.1131664514541626
-0.210895196144104
-0.210895196144104
10.793734788894653
10.793734788894653
-0.2921245252532959
-0.2921245252532959
0.217664897441864
-0.09317970871925352
-0.09317970871925352
0.18193042278289795
0.9084490537643433
-0.05706214904785156
-0.11356596718215944
-0.11356596718215944
0.7636942863464355
0.7636942863464355
-0.1131664514541626
-0.1131664514541626
-0.1131664514541626
-0.11282742023468018
-0.11282742023468018
-0.2827543770713806
-0.2827543770713806
-0.282335102558136
0.37766581773757935
0.37766581773757935
-0.282335102558136
-0.282335102558136
-0.282335102558136
-0.282335102558136
34.723934054374695
-0.11282742023468018
-0.11282742023468018
-0.11282742023468018
-0.11282742023468018
-0.11282742023468018
0.044332817737579355
-0.1131664514541626
0.044332817737579355
0.8868335485458374
0.15939617156982422
0.15939617156982422
0.8868335485458374
0.06109584922027589
0.06109584922027589
-0.1131664514541626
-0.1543647050857544
0.9429378509521484
0.55405592918396
-0.1841042935848236
-0.1841042935848236
-0.23797473311424255
-0.1336637496948242
-0.1336637496948242
-0.23797473311424255
-0.3406038284301758
-0.23797473311424255
-0.3406038284301758
-0.04926860332489014
-0.04926860332489014
-0.05673658847808838
0.15939617156982422
0.5120252668857574
0.5120252668857574
-0.05673658847808838
-0.34441113471984863
0.16795533895492554
0.8949782848358154
-0.34441113471984863
0.0037847304897308254
0.21355631947517395
0.003784760292053213
-0.04797065258026123
-0.1131664514541626
0.6593961715698242
-0.1131664514541626
0.6593961715698242
-0.1131664514541626
-0.1131664514541626
0.6854220628738403
0.8868335485458374
0.06109584922027589
0.06109584922027589
-0.1131664514541626
0.3421862577838898
0.03336121195983888
0.3421862577838898
0.8868335485458374
0.03336121195983888
-0.41480278968811035
0.03336121195983888
-0.07319283485412598
-0.07319283485412598
-0.28900118226242066
-0.3406038284301758
-0.28900118226242066
-0.28900118226242066
-0.31737154722213745
-0.19594407081604004
-0.282335102558136
-0.28900118226242066
-0.28900118226242066
-0.1131664514541626
-0.28900118226242066
-0.05673658847808838
0.18262845277786255
-0.264542714302063
-0.264542714302063
-0.3150191903114319
-0.3150191903114319
0.039836937189102195
0.039836937189102195
-0.1131664514541626
0.012025266885757446
0.012025266885757446
-0.31535041332244873
-0.31535041332244873
0.06879128569793702
-0.09155094623565674
-0.09155094623565674
0.06879128569793702
-0.23797473311424255
-0.23797473311424255
0.10823084468078614
0.044332817737579355
0.15939617156982422
0.044332817737579355
0.044332817737579355
0.044332817737579355
0.044332817737579355
-0.28900118226242066
-0.1336637496948242
-0.1336637496948242
0.21834206581115723
0.1402427852153778
0.1402427852153778
-0.21714128607940675
-0.1131664514541626
-0.3406038284301758
-0.3406038284301758
-0.3406038284301758
0.18464958667755127
0.18464958667755127
-0.282335102558136
0.6590369343757629
0.6590369343757629
1.886494755744934
1.886494755744934
1.886494755744934
0.15903693437576294
-0.11350524425506592
-0.05673658847808838
0.9429378509521484
0.9429378509521484
-0.05706214904785156
-0.28267377614974976
-0.282335102558136
-0.282335102558136
-0.282335102558136
-0.282335102558136
-0.282335102558136
-0.05706214904785156
0.217664897441864
-0.22848953360748292
-0.22848953360748292
-0.3406038284301758
-0.28900118226242066
-0.1131664514541626
-0.28900118226242066
-0.28199660778045654
-0.282335102558136
-0.23797473311424255
-0.1131664514541626
-0.1131664514541626
-0.23797473311424255
-0.03370082378387451
-0.03370082378387451
-0.03370082378387451
-0.03370082378387451
-0.43784798704910277
-0.29499098704910276
0.15939617156982422
-0.1336637496948242
-0.29499098704910276
-0.43784798704910277
-0.1131664514541626
-0.1131664514541626
0.37766581773757935
0.37766581773757935
0.012025266885757446
0.012025266885757446
-0.1336637496948242
-0.1336637496948242
-0.28900118226242066
-0.1131664514541626
-0.1131664514541626
0.7109958177375792
0.7109958177375792
0.5120252668857574
0.15939617156982422
0.5120252668857574
1.8868335485458374
0.13962462544441223
0.10714508647155763
0.13962462544441223
-0.28900118226242066
0.15939617156982422
-0.1521339870491028
-0.3406038284301758
-0.3406038284301758
-0.22848953360748292
-0.22848953360748292
-0.1521339870491028
-0.15945406556129454
-0.16063578724861144
-0.2261889135284424
-0.16063578724861144
0.23983693718910215
0.55405592918396
0.217664897441864
-0.05706214904785156
0.55405592918396
-0.19594407081604004
-0.19594407081604004
-0.05706214904785156
-0.28725590109825133
0.008852257783889761
-0.28725590109825133
-0.2387174371509552
-0.2387174371509552
-0.22848953360748292
-0.06277114080810542
0.26202526688575745
-0.22848953360748292
-0.06277114080810542
-0.10975721478462219
-0.1131664514541626
-0.1131664514541626
-0.1131664514541626
-0.05706214904785156
-0.05706214904785156
-0.05706214904785156
-0.05706214904785156
-0.22128976935577394
0.07681454491424555
0.0641738891601562
-0.06182253360748291
0.06633625030517576
0.2715104663925171
0.07681454491424555
0.02534627914428711
0.0641738891601562
-0.07239692211151122
-0.1131664514541626
-0.07239692211151122
-0.1131664514541626
0.122438803855896
-0.16063578724861144
0.38962462544441223
-0.16063578724861144
0.38962462544441223
-0.1131664514541626
0.1276030778884888
0.1276030778884888
0.26202526688575745
0.15939617156982422
-0.3336637496948242
-0.06182253360748291
-0.3336637496948242
0.26202526688575745
-0.06182253360748291
-0.23797473311424255
-0.09225079417228699
0.9019670486450195
0.06633625030517576
-0.29499098704910276
0.26202526688575745
-0.29499098704910276
-0.1521339870491028
0.044332817737579355
0.012025266885757446
-0.1521339870491028
0.12064833993148805
0.02534627914428711
-0.28900118226242066
-0.2246537208557129
-0.28900118226242066
-0.2246537208557129
0.02534627914428711
-0.29499098704910276
0.6843183040618896
1.9019670486450195
-0.09803295135498047
0.6843183040618896
0.7109958177375792
0.7109958177375792
0.8868335485458374
0.8868335485458374
-0.1131664514541626
0.19809395670890806
0.26202526688575745
0.08286036620521542
0.08286036620521542
-0.1131664514541626
0.044332817737579355
0.19809395670890806
-0.05706214904785156
-0.282335102558136
-0.282335102558136
-0.05598270893096924
0.15939617156982422
-0.1641484797000885
-0.3406038284301758
-0.1641484797000885
-0.1131664514541626
-0.28900118226242066
0.19809395670890806
0.19809395670890806
0.7367649918365478
0.26202526688575745
-0.2246537208557129
-0.3406038284301758
-0.2246537208557129
-0.3951555336074829
-0.2849941408081055
-0.2849941408081055
-0.05706214904785156
-0.3406038284301758
-0.3406038284301758
-0.3406038284301758
-0.3406038284301758
-0.210895196144104
-0.05706214904785156
-0.210895196144104
0.054088250343322763
-0.1334217548370361
-0.11282742023468018
-0.1334217548370361
-0.11282742023468018
0.012276560068130493
0.04472328776550294
0.012276560068130493
-0.1131664514541626
0.08286036620521542
-0.1131664514541626
0.08286036620521542
0.15939617156982422
-0.11898131722640992
-0.3336637496948242
-0.11898131722640992
-0.23064422607421875
-0.23064422607421875
-0.33029377460479736
-0.2022902523918152
-0.2022902523918152
-0.3077322244644165
0.8868335485458374
-0.1131664514541626
0.8868335485458374
-0.1131664514541626
0.217664897441864
0.217664897441864
0.8868335485458374
0.4381774663925171
0.1048444663925171
0.6593961715698242
0.4381774663925171
-0.1131664514541626
0.15939617156982422
0.1048444663925171
-0.282335102558136
-0.282335102558136
-0.1131664514541626
-0.3406038284301758
0.012025266885757446
-0.1131664514541626
0.012025266885757446
0.26202526688575745
0.26202526688575745
-0.05706214904785156
-0.19594407081604004
-0.19594407081604004
3.8868335485458374
2.8868335485458374
2.8868335485458374
3.8868335485458374
-0.23191115260124207
-0.23191115260124207
-0.22288323992919923
-0.22288323992919923
-0.04519987106323242
-0.04519987106323242
0.20419559478759763
0.13558650016784668
-0.17019987106323242
-0.17019987106323242
-0.3336637496948242
-0.3336637496948242
-0.3336637496948242
-0.3336637496948242
-0.19594407081604004
-0.05706214904785156
-0.19594407081604004
-0.05706214904785156
0.14394624585342408
-0.05706214904785156
0.14394624585342408
-0.1336637496948242
-0.1336637496948242
0.044332817737579355
-0.28900118226242066
-0.1336637496948242
-0.1336637496948242
-0.04148292541503906
-0.04148292541503906
-0.22848953360748292
-0.3406038284301758
-0.3336637496948242
-0.3336637496948242
-0.22848953360748292
0.15939617156982422
0.9429378509521484
-0.05706214904785156
0.9429378509521484
0.9429378509521484
0.9429378509521484
0.6763454675674438
0.2827247226791382
0.4780319333076477
0.4780319333076477
0.2827247226791382
-0.05706214904785156
-0.05706214904785156
-0.05706214904785156
-0.05706214904785156
-0.05706214904785156
0.895317554473877
-0.19594407081604004
-0.282335102558136
-0.19594407081604004
-0.1521339870491028
-0.1131664514541626
-0.3406038284301758
0.4192950129508972
0.5120252668857574
-0.1131664514541626
0.044332817737579355
-0.1131664514541626
-0.1521339870491028
0.4192950129508972
-0.3406038284301758
-0.3406038284301758
-0.28900118226242066
-0.1131664514541626
0.10714508647155763
0.217664897441864
0.10714508647155763
0.10714508647155763
0.10714508647155763
0.10714508647155763
-0.19594407081604004
-0.19594407081604004
0.05405592918395996
0.05405592918395996
-0.05706214904785156
0.05405592918395996
-0.1131664514541626
0.23265475034713745
0.5120252668857574
0.23265475034713745
-0.1131664514541626
0.03244922161102293
0.03244922161102293
0.10714508647155763
0.10714508647155763
0.7738080864715575
-0.05706214904785156
0.7738080864715575
-0.1131664514541626
-0.23797473311424255
-0.23797473311424255
-0.23797473311424255
-0.3336637496948242
-0.3336637496948242
-0.19063076376914978
-0.2752376198768616
-0.21858890408706666
-0.21858890408706666
-0.21858890408706666
-0.19063076376914978
0.3980939567089081
0.3980939567089081
-0.1131664514541626
0.3980939567089081
0.3980939567089081
-0.2833510637283325
-0.23797473311424255
-0.23797473311424255
-0.1336637496948242
0.012025266885757446
-0.1336637496948242
0.756173039035797
0.756173039035797
0.08951003903579713
0.08951003903579713
-0.05706214904785156
-0.05706214904785156
-0.05706214904785156
-0.23797473311424255
-0.23797473311424255
0.012025266885757446
0.012025266885757446
0.012025266885757446
-0.23797473311424255
-0.23797473311424255
-0.28900118226242066
-0.28900118226242066
-0.28900118226242066
-0.19594407081604004
-0.19594404101371765
-0.282335102558136
-0.09317970871925352
-0.09317970871925352
0.012025266885757446
0.012025266885757446
-0.23797473311424255
-0.1131664514541626
-0.23797473311424255
0.012025266885757446
-0.282335102558136
-0.19594407081604004
-0.19594407081604004
-0.2261889135284424
-0.05706214904785156
-0.2261889135284424
-0.0019060432910918967
-0.11898131722640992
-0.11898131722640992
-0.0019060432910918967
-0.1131664514541626
0.1507740020751953
0.1507740020751953
0.1507740020751953
0.1507740020751953
0.1507740020751953
-0.05706214904785156
0.4404780864715576
0.4404780864715576
0.1244144594116211
0.1244144594116211
-0.04148292541503906
-0.1131664514541626
-0.1131664514541626
-0.1131664514541626
-0.34501163607406615
-0.04148292541503906
-0.34501163607406615
-0.3406038284301758
-0.1131664514541626
-0.1131664514541626
-0.1131664514541626
-0.3406038284301758
-0.28900118226242066
-0.28900118226242066
0.012025266885757446
0.15939617156982422
0.012025266885757446
-0.3492259979248047
-0.2983713900489807
-0.2983713900489807
-0.3492259979248047
-0.2983713900489807
-0.3492259979248047
0.10682029128074644
0.217664897441864
0.10682029128074644
-0.05706214904785156
-0.05706214904785156
0.30405592918395996
0.30405592918395996
0.05405592918395996
-0.09317970871925352
-0.05706214904785156
-0.09317970871925352
0.05405595898628235
-0.03370082378387451
-0.00607907772064209
-0.00607907772064209
-0.1131664514541626
-0.28900118226242066
-0.28900118226242066
-0.3406038284301758
-0.3406038284301758
-0.3406038284301758
-0.282335102558136
-0.282335102558136
0.10714508647155763
-0.05706214904785156
0.10714508647155763
-0.05706214904785156
-0.14525309801101682
-0.34525309801101683
-0.34525309801101683
-0.12943804264068604
-0.05706214904785156
