0.18660593032836914
0.18660593032836914
-0.31339406967163086
2.6477434635162354
2.6477434635162354
2.6477434635162354
2.6477434635162354
-0.06805096512603759
-0.11469082588386537
-0.11469082588386537
-0.11469082588386537
-0.11469082588386537
-0.16446781158447266
-0.5347310459060669
-0.5347310459060669
-0.37354207038879395
0.08386069536209106
-0.37354207038879395
0.057227253913879395
0.9621487855911255
0.9621487855911255
2.4577711820602417
2.4577711820602417
-0.15814571028518676
-0.15814571028518676
-0.15814571028518676
-0.15814571028518676
-0.47965192794799805
-0.47965192794799805
-0.49081440293121337
-0.49081440293121337
-0.3899421691894531
1.6728208905029298
1.6728208905029298
1.6728208905029298
1.6728208905029298
0.045188740436553965
0.045188740436553965
0.05035287141799927
0.05035287141799927
-0.11470603942871094
0.14164142608642583
2.945921301841736
-0.16813504695892334
2.945921301841736
0.14164142608642583
0.025625556707382202
0.04424427380180357
0.04424427380180357
0.025625556707382202
0.45513200759887695
-0.15355815608978274
-0.15355815608978274
0.45513200759887695
-0.15490567684173584
-0.15490567684173584
-0.6614763736724854
-0.6614763736724854
0.02177859896850587
0.02177859896850587
-0.051995038986206055
0.02362012267112734
-0.05199509859085083
0.023620063066482566
-0.051995038986206055
-0.051995038986206055
1.000167727470398
0.012452900409698486
0.012452900409698486
0.012452900409698486
0.023285746574401855
0.9977959394454956
0.9977959394454956
0.6259665139389039
0.6259665139389039
-0.7186269760131836
-0.7186269760131836
-0.004031658172607422
-0.5781687498092651
-0.5781687498092651
-0.2091239834384918
-0.2091239834384918
-0.22019811272621154
-0.22019811272621154
10.86566936969757
10.86566936969757
10.86566936969757
10.86566936969757
0.1402718424797058
0.1402718424797058
-0.14905569553375242
-0.14905569553375242
-0.14905569553375242
-0.14905569553375242
0.6161814630031586
-0.4640524983406067
0.616181492805481
0.616181492805481
0.616181492805481
0.4835243225097656
0.4835243225097656
0.18560619706344605
0.18560619706344605
1.3301192889595033
1.3301192889595033
1.3301192889595033
1.3301192889595033
-0.5133059775276184
-0.5133059775276184
-0.09798943996429443
-0.12966859340667725
-0.09798943996429443
-0.18473289852905272
-0.18473289852905272
-0.030620694160461426
-0.15549933910369873
-0.030620694160461426
0.051384854316711415
0.051384854316711415
0.09834507053661345
0.03195381164550781
0.09834507053661345
-0.11017608642578125
-0.11017608642578125
-0.13883263712501526
-0.1848623449935913
-0.18486240459823608
-0.13883257752037048
-0.23284608125686646
-0.2143319845199585
-0.2143319845199585
-0.23284608125686646
0.30460596084594727
0.30460596084594727
1.3322250843048096
1.3322250843048096
1.3322250843048096
0.30460596084594727
0.30460596084594727
1.3322250843048096
0.8623932600021362
0.6415214240550995
2.083442735671997
2.083442735671997
2.083442735671997
2.083442735671997
0.1852637529373169
0.34394752979278564
0.5119060277938843
0.5119060277938843
0.5119060277938843
0.5119060277938843
0.16593682765960693
0.16593682765960693
0.16593682765960693
0.16593682765960693
0.8509472608566284
1.282153069972992
1.2821530103683472
1.2821530103683472
1.282153069972992
0.2831953172550201
0.12443462086296087
0.12443462086296087
0.2831953172550201
0.003952980041503906
-0.02734553813934326
-0.02734553813934326
-0.02734553813934326
-0.02734553813934326
-0.30830397605896
-0.30830397605896
-0.30830397605896
-0.30830397605896
-0.05795633792877197
-0.06618590722465517
-0.06618590722465517
0.25058810466957093
0.25058810466957093
0.23817598819732666
-0.4122215509414673
-0.2316267490386963
0.7683732509613037
0.05392730236053467
0.05392730236053467
0.1274968385696411
0.1274968385696411
-0.1408449411392212
-0.1408449411392212
-0.365614116191864
0.18517804741859434
-0.025919007169723507
0.18517804741859434
1.1871479749679565
-0.025919066774368282
-0.4199502468109131
-0.4199502468109131
-0.4199502468109131
-0.4199502468109131
-0.6444651042861939
-0.6444651042861939
-0.5380169153213501
-0.5380169153213501
-0.5380169153213501
-0.5380169153213501
-0.09900496954154969
-0.15880255103111268
-0.09900496954154969
-0.5203737020492554
-0.15880255103111268
-0.01618893146514888
-0.01618893146514888
-0.01618893146514888
-0.01618893146514888
0.004431962966918945
0.004431962966918945
0.004431962966918945
0.004431962966918945
0.004431962966918945
0.9560810565948485
0.49041351675987244
0.9560810565948485
0.49041351675987244
-0.04853808879852295
0.11931169033050537
0.11931169033050537
-0.16642272472381592
-0.04853808879852295
0.14331941604614262
-0.16642272472381592
0.9951609075069427
0.11931169033050537
0.27404174162292483
0.11931169033050537
0.9951609075069427
-0.16642272472381592
-0.04853808879852295
0.27404174162292483
-0.3363924026489258
-0.3363924026489258
-0.3363924026489258
0.20802509784698486
0.20802509784698486
0.001992344856262207
-0.2491239763298035
-0.2491239763298035
-0.023526132106781006
0.001992344856262207
0.805801272392273
0.506007194519043
0.506007194519043
-0.19320940971374512
-0.19320940971374512
1.8413522243499756
0.7415103560256957
1.3905816078186035
0.893440842628479
0.020224571228027344
0.020224571228027344
-0.14173483848571777
-0.14173483848571777
-0.304158769493866
-0.304158769493866
-0.304158769493866
-0.304158769493866
0.07948732376098633
-0.3156362771987915
-0.3156362771987915
-0.3156362771987915
-0.3156362771987915
-0.3385393773956299
-0.2254732847213745
-0.3385393773956299
-0.3385393773956299
-0.3385393773956299
0.145643949508667
-0.25011610984802246
-0.25011610984802246
-0.25011610984802246
-0.25011610984802246
-0.2307156682014465
-0.2307156682014465
-0.6800064002914429
-0.2307156682014465
-0.2307156682014465
0.2544151544570923
0.13127964735031128
0.13127964735031128
-0.2437272071838379
-0.2437272071838379
-0.2704183017654419
-0.027184605598449707
-0.2704183017654419
0.1113898754119873
1.9221683740615845
1.9221683740615845
1.9221683740615845
1.9221683740615845
1.9221683740615845
1.9221683740615845
0.03124290704727173
0.33059853315353394
0.03124290704727173
0.33059853315353394
0.33059853315353394
0.03124290704727173
0.33059853315353394
-0.10213266259002685
-0.10213266259002685
-0.10213266259002685
-0.10213266259002685
0.40255677700042725
0.031080305576324463
0.33248651027679443
-0.31441783905029297
0.33248651027679443
0.031080305576324463
-0.31241393089294434
-0.23083658570480348
-0.23083658570480348
-0.31241393089294434
-0.23083658570480348
0.3265373706817627
1.2111244201660156
0.3781324625015259
0.02010345458984375
0.02010345458984375
0.02010345458984375
0.02010345458984375
0.02010345458984375
-0.21771955490112305
-0.21771955490112305
-0.3601154088973999
-0.3601154088973999
3.0682499408721924
3.0682499408721924
3.0682499408721924
3.0682499408721924
0.17506754398345947
0.17506754398345947
0.19047558307647705
2.0918806195259094
2.0918806195259094
0.4513089060783386
0.8190755844116211
0.4513089060783386
-0.05148185843658448
0.31946343183517456
0.46457356214523315
0.46457356214523315
-0.05148188823890687
-0.2764548063278198
-0.2764548063278198
0.16216731071472168
-0.2764548063278198
-0.2764548063278198
0.12599565142822267
0.8255422115325928
0.8255422115325928
0.30512380599975586
0.30512380599975586
-0.17445778846740723
0.8255422115325928
0.22065043449401855
0.22065043449401855
0.04781064987182615
0.04781064987182615
-0.03962552547454834
0.28767240047454834
-0.3216195856971741
0.28767240047454834
1.015726923942566
0.28767240047454834
0.28767240047454834
-0.3216195856971741
0.28767240047454834
0.10911375284194946
0.18956375122070312
1.0922363996505737
0.04809772968292236
1.0922363996505737
1.0922363996505737
0.2245645523071289
0.2245645523071289
0.1941920518875122
0.24230504035949707
0.24230504035949707
0.9852660894393921
0.5884471833705902
1.7362409234046936
0.5884471833705902
0.371679425239563
0.5402175188064575
0.9852660894393921
-0.029986906051635787
-0.029986906051635787
-0.029986906051635787
-0.029986906051635787
-0.4081385135650635
-0.4081385135650635
-0.4081385135650635
-0.4081385135650635
0.04932761192321777
0.04932761192321777
0.04932761192321777
0.04932761192321777
0.04932761192321777
-0.2560201430873871
-0.37772274017333984
-0.2731352925300598
-0.2731352925300598
-0.2560201430873871
0.14485692977905273
0.14485692977905273
0.3743405342102051
0.3743405342102051
0.7830569982528686
0.7830569982528686
0.2531247138977051
0.2531247138977051
0.2531247138977051
0.2531247138977051
-0.02027285099029541
-0.02027285099029541
-0.02027285099029541
-0.02027285099029541
0.8933006525039673
-0.08833563327789307
-0.3124653100967407
1.7377259975242616
0.7477315908241271
1.7377259975242616
1.0110867261886596
1.0110867261886596
-0.04142653942108154
-0.04142653942108154
-0.04142653942108154
0.27675366401672363
0.022322773933410645
0.27675366401672363
0.27675366401672363
0.27675366401672363
0.14006483554840088
0.14006483554840088
0.18760931491851807
0.01917058229446411
0.18760931491851807
0.14006489515304565
-0.09923236017990111
-0.09923236017990111
-0.09923236017990111
-0.09923236017990111
1.530805766582489
-0.529098379611969
-0.529098379611969
-0.44350433349609375
-0.529098379611969
-0.529098379611969
-0.07696712613105772
-0.07696712613105772
-0.07696712613105772
-0.07696712613105772
0.8765763342380524
-0.05090367794036865
-0.05090367794036865
0.31098222732543945
0.19326448440551758
0.251911997795105
0.20934063792228697
0.20934063792228697
0.31098222732543945
-0.23602652549743652
-0.23602652549743652
-0.23602652549743652
-0.23602652549743652
-0.23602652549743652
-0.23768854141235352
-0.23768854141235352
-0.2376886010169983
-0.2376886010169983
9.304503083229065
9.304503083229065
9.304503083229065
9.304503083229065
12.040627360343933
0.08033695816993713
0.08033695816993713
0.26281121373176575
0.26281121373176575
0.19350075721740723
0.12482094764709473
-0.07184495925903323
1.5254771709442139
1.5254771709442139
1.5254771709442139
1.5254771709442139
-0.3504711389541626
-0.3504711389541626
-0.3504711389541626
-0.3504711389541626
0.728205680847168
0.16841280460357666
0.31559300422668457
0.31559300422668457
0.31559300422668457
0.31559300422668457
0.7122565805912018
1.1555093228816986
1.908363938331604
1.292796790599823
1.1555093228816986
1.1555093228816986
1.1555093228816986
1.292796790599823
2.327182412147522
0.1838753283023834
0.02733234991645811
-0.7233904754562378
0.02733234991645811
0.01120338439941404
0.01120338439941404
0.06656095385551453
0.06333893537521362
0.06333893537521362
0.06333893537521362
0.06333893537521362
0.16801810264587402
0.16801810264587402
0.13799870014190674
0.13799870014190674
0.06159119606018071
0.06159119606018071
0.06159119606018071
0.06159119606018071
0.14338576793670654
0.14338576793670654
0.14338576793670654
0.14338576793670654
0.14338576793670654
0.15399614022827146
0.22827349901199345
0.15399614022827146
0.15399614022827146
0.15399614022827146
0.22827349901199345
0.3135644197463989
0.3135644197463989
0.3135644197463989
0.3135644197463989
0.3135644197463989
0.24516271108818055
0.1539899848899841
-0.13841545581817627
-0.13841545581817627
-0.13841545581817627
-0.13841545581817627
-0.13841545581817627
0.06450781272506712
0.06450781272506712
0.14680407887268065
0.14680407887268065
0.14680407887268065
-0.09630809670257567
0.13938605785369873
0.5139836072921753
0.5139836072921753
1.6200306415557861
1.6200306415557861
-0.17933213710784912
-0.23971986770629883
-0.23971986770629883
0.7175589799880981
0.7175589799880981
0.7175589799880981
0.7175589799880981
-0.2293954049987793
-0.2779884338378906
-0.2779884338378906
-0.15335156917572024
-0.10902857780456543
-0.15335156917572024
-0.10902857780456543
0.2695329189300537
0.2695329189300537
0.2695329189300537
0.2695329189300537
0.2695329189300537
0.2695329189300537
-0.14370267147254945
-0.03504061698913574
-0.03504061698913574
-0.03504061698913574
-0.03504061698913574
-0.3996342420578003
-0.3996342420578003
-0.3996342420578003
-0.3996342420578003
2.7228883504867554
2.7228883504867554
2.7228883504867554
2.7228883504867554
0.23473834991455078
-0.6980980634689331
-0.6980980634689331
-0.6980980634689331
-0.6980980634689331
-0.01445393210220336
-0.01445393210220336
-0.014453991706848135
-0.014453991706848135
0.1438105856819153
-0.2193077802658081
-0.2193077802658081
2.0308940410614014
2.0308940410614014
-0.06794369220733643
-0.06794369220733643
-0.4357120394706726
-0.11559867858886719
-0.4357120394706726
-0.11559867858886719
-0.294474720954895
-0.294474720954895
-0.294474720954895
-0.294474720954895
-0.008630975540161123
-0.12408171540069579
-0.008630975540161123
-0.12408171540069579
0.16524279117584229
-0.12408171540069579
-0.12408171540069579
-0.1333245038986206
-0.1333245038986206
-0.1333245038986206
-0.1333245038986206
-0.1333245038986206
0.2369306564331055
0.37032564933776846
0.17923444509506226
0.2369306564331055
0.3703255897331237
-0.2986794710159302
-0.14033267498016355
-0.2986794710159302
-0.14033267498016355
0.13508403301239014
1.7585800886154175
1.7585800886154175
0.05620676279067993
0.05620676279067993
-0.16614852791595458
-0.16614852791595458
-0.16614852791595458
-0.16614852791595458
-0.16614852791595458
-0.3395712375640869
0.03312593698501587
0.03312593698501587
0.03312593698501587
3.9713549613952637
-0.3672179579734802
-0.0839461088180542
-0.0839461088180542
-0.0839461088180542
-0.0839461088180542
-0.0839461088180542
-0.47915709018707275
0.31824352903747555
0.31824352903747555
-0.09838950634002686
0.31824352903747555
0.31824352903747555
0.10782742500305176
0.10782742500305176
0.10782742500305176
0.10782742500305176
0.10782742500305176
0.10782742500305176
0.10782742500305176
0.0989065170288086
0.0989065170288086
0.0989065170288086
0.0989065170288086
0.08803266286849976
0.08803266286849976
0.08803266286849976
0.08803266286849976
2.305553220529556
2.305553220529556
2.305553220529556
2.305553220529556
2.1179137229919434
1.1221190690994263
0.8215887546539307
2.1179137229919434
0.8215887546539307
0.3507657051086426
0.3507657051086426
0.3507657051086426
0.3507657051086426
-0.8752895593643188
0.04077708721160889
0.04077708721160889
0.04077702760696411
0.04077702760696411
0.04077702760696411
-0.8772594928741455
-0.6825985908508301
1.1543176770210266
1.1543176770210266
1.1543176770210266
1.1543176770210266
-0.39130054360198974
-0.2986992597579956
-0.39130054360198974
-0.2986992597579956
0.12633442878723145
0.09740185737609863
2.519495368003845
0.613327145576477
2.525855541229248
0.613327145576477
0.2337714433670044
0.42280465364456177
0.09523798579406739
0.42280465364456177
-0.031145334243774414
0.09523798579406739
0.18753337860107422
-0.15615856647491455
-0.12632322311401367
-0.4793047308921814
-0.12632322311401367
-0.640816330909729
-0.47930461168289185
1.2358145117759705
1.2358145117759705
1.2358145117759705
1.2358145117759705
0.03464162349700928
0.03464162349700928
0.03464162349700928
0.03464162349700928
0.03464162349700928
0.884794021205902
0.884794021205902
0.884794021205902
0.884794021205902
0.22949445247650146
0.22949445247650146
0.22949445247650146
0.22949445247650146
-0.0495603084564209
0.11750650405883789
-0.45328885316848755
-0.0495603084564209
-0.45328885316848755
-0.18168163299560547
-0.18168163299560547
0.008091449737548828
-0.14997482299804688
-0.14997482299804688
-0.14997482299804688
0.08097076416015625
2.4473193883895874
2.447319269180298
2.447319269180298
2.4473193883895874
-0.17412126064300537
-0.17412126064300537
-0.17412126064300537
-0.17412126064300537
-0.10898208618164062
-0.10898208618164062
-0.1178581714630127
-0.7100957632064819
-0.7100957632064819
-0.7100957632064819
-0.7100957632064819
-0.2759455442428589
-0.2759455442428589
0.048808276653289795
-0.2759455442428589
-0.2759455442428589
-0.2759455442428589
3.476500391960144
1.2156518697738647
3.476500391960144
1.2156518697738647
-0.23473268747329712
-0.23473268747329712
-0.23473268747329712
0.046977698802948
0.046977698802948
-0.23473268747329712
0.046977698802948
-0.061083316802978516
-0.061083316802978516
-0.061083316802978516
-0.19076359272003174
-0.19076359272003174
-0.38685916220588684
-0.33619877910079954
-0.38685916220588684
-0.33619877910079954
2.142474412918091
0.058110594749450684
0.058110594749450684
0.058110594749450684
0.058110594749450684
1.7104207277297974
1.7104207277297974
0.9623558521270752
0.9623558521270752
1.3259226135540008
1.3259226135540008
1.3259226135540008
1.3259226135540008
1.487776517868042
0.0827721655368805
0.0827721655368805
0.0827721655368805
0.0827721655368805
0.2696331739425659
0.600337564945221
0.10033756494522095
0.10033756494522095
0.600337564945221
0.600337564945221
0.6003375053405762
6.2614322900772095
6.26143217086792
2.543458580970764
2.543458580970764
-0.026971086318969717
0.09853816032409668
-0.026971086318969717
0.09853816032409668
0.08290296792984009
0.08290296792984009
0.08290296792984009
0.08290296792984009
0.08290296792984009
0.08290296792984009
-0.7431885480880738
-0.152762770652771
-0.926870584487915
-0.035213351249694824
-0.035213351249694824
-0.027683615684509277
-0.027683615684509277
0.367020845413208
-0.027683615684509277
-0.14041507244110107
-0.14041507244110107
-0.14041507244110107
-0.14041507244110107
1.0518704652786255
0.3762648105621338
0.3762648105621338
0.3762648105621338
1.0518705248832703
0.3762648105621338
0.05187046527862549
1.0518704652786255
-0.13959240913391113
-0.4674062728881836
-0.4674062728881836
-0.4674062728881836
-0.20594871044158936
0.3589021563529968
0.3589021563529968
-0.11527955532073975
-0.06885373592376709
-0.06885373592376709
0.3589021563529968
0.001215815544128418
0.001215815544128418
0.001215815544128418
0.6304043769836425
0.6304043769836425
0.6304043769836425
0.6304043769836425
0.1811290979385376
0.1811290979385376
0.11417907476425171
0.1811290979385376
0.1811290979385376
-0.021983027458190918
-0.021983027458190918
-0.021983027458190918
-0.021983027458190918
-0.021983027458190918
-0.021983027458190918
3.1654878854751587
-0.9864829778671265
-0.9864829778671265
-0.9864829778671265
-0.9864829778671265
-0.9864829778671265
3.3137530088424683
3.3137530088424683
3.3137530088424683
3.3137530088424683
-0.010286136920928945
-0.010286136920928945
-0.0933830738067627
0.24595260620117188
0.24595260620117188
-0.0933830738067627
28.997782111167908
0.2609552388000489
0.2571018934249878
-0.7013427019119263
-0.7013427019119263
2.1110165119171143
2.1110165119171143
2.1110165119171143
2.1110165119171143
-0.11881124973297119
1.1224440336227417
1.1224440336227417
1.1224440336227417
1.1224440336227417
1.1224440336227417
1.1224440336227417
0.26247406005859375
-0.05262446403503418
-0.03375457173156737
-0.03375457173156737
0.26247406005859375
-0.05262446403503418
-0.5100463628768921
-0.05389440059661865
2.2976027727127075
2.179554581642151
-0.16641247272491455
0.24363417029380796
-0.06072366237640381
-0.06461846828460693
-0.06072366237640381
-0.06072366237640381
-0.06072366237640381
0.32184044718742366
0.32184044718742366
0.32184044718742366
0.32184044718742366
-0.1666659116744995
0.0764961838722229
0.0764961838722229
0.0764961838722229
0.41113412380218506
0.9848430156707764
0.41113412380218506
0.41113412380218506
0.41113412380218506
-0.05854700451660155
-0.22535693645477295
-0.05854700451660155
-0.19199717044830322
-0.05854700451660155
-0.05854700451660155
0.5604221224784851
0.719238007621765
0.5604221224784851
1.0234313363265992
1.0234313363265992
0.48692955022621154
0.21286511421203613
-0.07095499390792848
1.507288932800293
1.507288932800293
0.9368458146286012
0.5175728797912598
0.9368458146286012
0.0907601475715637
-0.007536530494689941
0.5054174661636353
0.972901463508606
0.972901463508606
0.972901463508606
0.972901463508606
0.972901463508606
0.972901463508606
0.972901463508606
0.972901463508606
0.6773887395858764
0.6773887395858764
0.6773887395858764
0.6773886203765869
0.0733414888381958
-0.4456578493118286
-0.322070733253479
-0.4456578493118286
-0.4456578493118286
-0.4456578493118286
0.1499471664428711
0.1499471664428711
-0.3119997978210449
0.020900607109069824
-0.3119997978210449
-0.4063491975708008
1.0335059762001038
1.0361464023590088
1.0335059762001038
1.0335059762001038
1.0335059762001038
-0.28417752629089355
-0.3363104462623596
-0.1497516632080078
-0.1497516632080078
-0.1497516632080078
-0.1497516632080078
-0.1497516632080078
-0.1497516632080078
0.04441523551940918
0.04441523551940918
0.04441523551940918
0.04441523551940918
-0.5011486852722168
-0.06445491313934326
4.946409379882812
4.946409379882812
4.946409439487457
4.946409439487457
-0.30139161592292785
-0.2560589909553528
0.008998513221740723
0.008998513221740723
0.008998513221740723
-0.112221360206604
-0.17565077543258667
-0.17565077543258667
0.13656747341156006
-0.32766008377075195
0.27669841051101685
-0.42099529504776
-0.42099529504776
-0.42099529504776
-0.42099529504776
0.12059891223907471
0.08168671131134031
1.2273694276809692
-0.34664486280059814
0.8150934224891662
0.5103591978549957
4.043459475040436
-0.32487952709198
-0.32487952709198
-0.32487952709198
-0.16703617572784424
-0.32487952709198
2.4517745971679688
2.451774477958679
2.451774477958679
2.4517745971679688
0.3608347177505493
1.8832130432128906
4.745450139045715
0.7347971200942993
-0.07580840587615967
-0.07580840587615967
0.7347971200942993
-0.07580840587615967
-0.07580840587615967
-0.1483668088912964
-0.6006274223327637
-0.11237823963165283
-0.11237823963165283
-0.3275350332260132
-0.3275350332260132
-0.3275350332260132
-0.3275350332260132
-0.3275350332260132
0.023080527782440186
2.3523576259613037
0.6782040352058412
0.19134104251861572
-0.30751977884101867
0.28034508228302
0.19923222064971924
0.19923222064971924
-0.13236874341964722
-0.13236874341964722
1.0697345733642578
1.0697345733642578
-0.36859299260520934
-0.36859293300056456
-0.36859293300056456
-0.36859293300056456
1.0986233109664918
1.0986233109664918
1.0986233109664918
1.0986233109664918
1.7118134498596191
0.5074945390224457
-0.7029973268508911
0.7464103698730469
0.7464103698730469
2.018907368183136
2.018907368183136
-0.0029582977294921875
-1.7634244918823243
-1.7634244918823243
-1.7634244918823243
-1.7634244918823243
-0.030585527420043945
-0.030585527420043945
0.9788730144500732
-0.2287082826538086
-0.4196851134300232
-0.3893980383872986
-0.3893980383872986
-0.4196851134300232
0.07908576726913452
0.07908576726913452
0.07908576726913452
0.07908576726913452
0.07908576726913452
-0.0790642499923706
-0.0790642499923706
-0.3518573045730591
0.11964941024780273
0.11964941024780273
0.11964941024780273
-0.3518573045730591
0.008578240871429443
-0.6546393191261292
-0.5383840799331665
-0.6546393191261292
-0.07530725002288818
-0.06794720888137817
-0.29105485921669005
0.9249359369277954
-0.03132349848747251
-0.2889319658279419
-0.2889319658279419
0.23515987396240234
-0.2921491265296936
-0.2921491265296936
-0.2921491265296936
-0.2889319658279419
-0.154921293258667
-0.154921293258667
-0.154921293258667
-0.18329012393951416
-0.40560460090637207
-0.16255927085876465
-0.38655775785446167
-0.3865576982498169
0.019070744514465332
-0.20166401588249205
-0.20166401588249205
-0.20166401588249205
-0.20166401588249205
-0.24509017467498778
-0.0054787397384643555
-0.0054787397384643555
-0.08119998818206786
0.9975733757019043
0.5623141527175903
-0.02354753017425537
0.9603384733200073
0.1365898847579956
0.1365898847579956
-0.5176945924758911
-0.5176945924758911
0.07878261804580688
0.04199826717376709
0.04199826717376709
-0.12874679321479798
0.1661483645439148
-0.12874679321479798
-0.08590686321258545
-0.41974674111175536
0.23495221138000488
-0.5303552150726318
0.23495221138000488
0.09197900295257566
0.09197900295257566
-0.21039068698883057
-0.2522070288658142
-0.15174429064559936
-0.14100748300552368
0.3714173436164856
-0.14100748300552368
-0.12126696109771729
-0.12126696109771729
-0.0536759555339813
2.278564929962158
-0.07438278198242188
-0.07438278198242188
0.32884931564331055
0.32884931564331055
-0.07438278198242188
-0.07438278198242188
-0.07438278198242188
-0.15961899478912356
0.8836348056793213
0.3207012414932251
0.3207012414932251
0.1797847303085327
-0.2744407653808594
-0.2744407653808594
-0.14443373680114746
-0.14443373680114746
-0.3767258083267212
-0.3767258083267212
10.899746417999268
10.899746417999268
-0.29976977462005616
-0.29976977462005616
0.41623878479003906
-0.1627283453941345
-0.1627283453941345
-0.9480695724487305
-0.009764671325683594
0.19625318050384521
0.018646373649597148
0.018646373649597148
1.0980973839759827
1.0980973839759827
0.110262930393219
0.110262930393219
0.06354224681854248
0.16358327865600586
0.16358327865600586
-0.2904002820892334
-0.2904002820892334
-0.4478468894958496
0.2466048002243042
0.2466048002243042
-0.0993465781211853
-0.0993465781211853
-0.09703844785690308
-0.09703844785690308
34.789286971092224
0.1801302433013916
0.1801302433013916
0.1801302433013916
0.0747576355934143
0.0747576355934143
0.04814948195648194
0.3023320436477661
0.04814948195648194
1.2328675389289856
0.4166371822357178
0.41663724184036255
1.2328674793243408
0.08750571364593507
0.08750571364593507
0.1621658205986023
0.10166573524475098
1.1076975464820862
0.44957435131073
-0.3581341505050659
-0.3581341505050659
-0.316062331199646
-0.5737522602081299
-0.5737522602081299
-0.316062331199646
-0.12304818630218506
-0.316062331199646
-0.12304818630218506
0.08533519506454468
0.08533519506454468
0.06200301647186279
0.31510186195373535
0.44153136014938354
0.44153136014938354
-0.13255202770233154
-0.20954498648643494
0.07156187295913696
0.7089341878890991
-0.20954498648643494
-0.15177126282882691
-0.08430182933807373
-0.15177120322418214
0.07316625118255615
0.18626046180725098
0.8813050985336304
0.3273977041244507
0.8813050985336304
0.18626046180725098
0.18626046180725098
0.3429311513900757
1.0665557384490967
-0.15982805138397216
-0.15982805138397216
-0.42930877208709717
0.1289000665588379
-0.17235170250701903
0.1289000665588379
0.8822082281112671
-0.10128818398284911
-0.2684643864631653
-0.10128818398284911
0.11415112018585205
0.11415112018585205
-0.27150620574188233
-0.27703481912612915
-0.27150620574188233
-0.27150620574188233
-0.5681793689727783
-0.2138095200061798
-0.24010705947875977
-0.431553736869812
-0.431553736869812
0.13948464393615723
-0.431553736869812
-0.005505204200744629
0.2325800061225891
-0.2761037504119873
-0.2761037504119873
0.021592170000076294
0.021592170000076294
0.04074060320854189
0.04074060320854189
-0.02138686180114746
-0.07419991493225098
-0.07419991493225098
0.02089729905128479
0.02089729905128479
0.0387283718032837
0.30820560455322266
0.30820560455322266
0.0387283718032837
-0.2526722550392151
-0.2526722550392151
0.09808374995422364
0.06592132205200196
0.3790210485458374
0.06592132205200196
0.06224776858520509
0.06592132205200196
0.06592132205200196
-0.26741267794799806
-0.24269852638244627
-0.24269852638244627
0.16667461395263672
-0.058976829051971436
-0.05897676944732666
-0.39345516318511964
0.09504735469818115
-0.3573583960533142
-0.3863278031349182
-0.3863278031349182
0.37788277864456177
0.37788277864456177
-0.062159180641174316
0.7113332748413086
0.7113332748413086
2.0006722807884216
2.0712241530418396
2.0712241530418396
0.14255458116531372
0.0006722807884216309
0.07439625263214111
1.0518922805786133
1.0518922805786133
0.07599449157714844
-0.3115403652191162
-0.21013176441192627
-0.21013176441192627
-0.21013176441192627
-0.21013176441192627
-0.21013176441192627
-0.15344107151031494
0.07977575063705444
-0.022105828468322763
-0.022105828468322763
-0.35521799325942993
-0.3453246509475708
0.07348072528839111
-0.3453246509475708
-0.23605859279632568
-0.36670589447021484
-0.13541337847709656
-0.18532562255859375
-0.18532562255859375
-0.13541337847709656
0.09811866283416748
0.09811866283416748
0.09811866283416748
0.09811866283416748
-0.2966363581352234
-0.11902397917366025
0.15951424837112427
-0.08451974987983701
-0.11902397917366025
-0.2966363581352234
-0.59600830078125
-0.59600830078125
0.20510601997375488
0.20510601997375488
-0.09675002098083496
-0.09675002098083496
-0.05760443806648252
-0.05760443806648252
-0.27032031172943116
0.24996066093444824
0.12487256526947021
0.29765292461395254
0.29765292461395254
0.3769315481185913
0.37182408571243286
0.37693148851394653
0.2257554531097412
0.032629817724227905
0.0974626099510193
0.032629817724227905
-0.2770342981262207
0.35046350955963135
-0.03511305222892763
-0.1864408254623413
-0.07962268590927124
-0.1211103355331421
-0.1211103355331421
-0.03511305222892763
-0.42103813886642455
-0.29348318576812743
-0.44536770934295655
-0.29348318576812743
0.17046148180961607
0.4746628999710083
0.3016337752342224
-0.1950228214263916
0.4746628999710083
-0.2753371000289917
-0.2753371000289917
-0.1950228214263916
-0.2445398449897766
-0.8451112663192749
-0.2445398449897766
-0.2677108052997589
-0.2677108052997589
-0.2566201841278076
0.031051338439941456
0.17039525508880615
-0.27518035525512696
0.03105127883529668
-0.194939523935318
0.12283027172088623
0.12283027172088623
0.12283027172088623
-0.24603474140167236
-0.24603474140167236
-0.24603474140167236
-0.24603474140167236
-0.119674310628891
0.15547306608963007
0.14531643390655513
-0.06395900249481201
0.019766247272491433
0.296809300239563
0.15547306608963007
0.04247480630874634
0.14531643390655513
-0.4909768581390381
-0.4771345853805542
-0.4909768581390381
-0.4771345853805542
0.11892940158081056
-0.22088732123374938
0.344199001789093
-0.22088732123374938
0.344199001789093
-0.7256405353546143
-0.5105396270751953
-0.5105395078659057
0.15982884168624878
0.4195694327354431
-0.21732257604598998
0.05025634169578552
-0.21732257604598998
0.159828782081604
0.05025634169578552
-0.3194434642791748
-0.20776954293251038
0.9066451787948608
0.09953639507293699
-0.14859196590042112
0.22507953643798828
-0.14859196590042112
-0.005734965900421163
0.03813727254104615
-0.09656774997711182
-0.005734965900421163
-0.008040472324371328
0.13811567425727844
-0.19131995791625978
-0.11188432574272156
-0.10237802619171144
-0.11188432574272156
0.13811567425727844
-0.16712921904182432
0.913720965385437
2.3040904998779297
0.3916171193122864
0.913720965385437
0.4912091141510009
0.4912091141510009
0.921332836151123
0.9213329553604126
0.15166622400283813
0.16961819529533384
0.34421584010124207
0.20480372081184384
0.20480372081184384
0.044400572776794434
0.24996869320106507
0.16961819529533384
-0.26474273204803467
-0.221011221408844
-0.221011221408844
-0.5520435571670532
0.4871369004249573
-0.16541239619255066
-0.03233528137207031
-0.16541239619255066
0.1506989598274231
-0.21950139159393312
0.22109616398811338
0.22109616398811338
0.6459260230827331
0.2496740221977234
-0.09275707602500916
-0.38348811864852905
-0.09275707602500916
-0.3087845588283539
-0.17801673764419557
-0.17801673764419557
-0.14506089687347412
-0.03542989492416382
-0.03542989492416382
-0.035429954528808594
-0.035429954528808594
-0.3003638541145325
-0.058014869689941406
-0.3003638541145325
-0.6723929489212036
-0.20012197494506834
0.3322150707244873
-0.20012197494506834
0.3322150707244873
-0.07168376445770264
0.01998026723098756
-0.07168376445770264
0.05445384979248047
0.09921868214988705
0.04431867599487305
0.09921868214988705
0.3932490348815918
-0.12852422947120667
-0.2739660918712616
-0.12852422947120667
-0.18729403614997864
-0.18729403614997864
-0.22321408987045288
-0.2819180643005371
-0.2819180643005371
-0.4446675777435303
1.0798951387405396
0.07989513874053955
1.0798951387405396
0.07989519834518433
0.35951757431030273
0.35951757431030273
1.3115608096122742
0.42106783390045166
0.08773483390045167
0.8108357191085815
0.42106783390045166
-0.039408326148986816
0.08645719289779663
0.08773483390045167
-0.1629011631011963
-0.1629011631011963
0.23047292232513428
-0.23419588804244995
-0.09856724739074707
0.22845304012298584
-0.09856724739074707
0.15143275260925293
0.15143275260925293
-0.4085153341293335
-0.516994059085846
-0.516994059085846
4.2058621644973755
3.2058621644973755
3.2058621644973755
4.2058621644973755
-0.4097749590873718
-0.4097749590873718
-0.28939773196411134
-0.28939773196411134
0.05560213327407837
0.05560216307640076
-0.055105412006378196
-1.3913795948028564
-0.06939786672592163
-0.06939786672592163
-0.4999791860580444
-0.4999791860580444
-0.4999791860580444
-0.4999791860580444
-0.32598716020584106
-0.47227799892425537
-0.32598716020584106
0.15843796730041504
0.1315573012275696
-0.032083988189697266
0.1315573012275696
-0.15891954898834226
-0.15891954898834226
0.025001004878997812
-0.37887789363098145
-0.15891954898834226
-0.15891954898834226
0.2364645004272461
0.2364645004272461
-0.26045854443740846
-0.31164389848709106
-0.4043768525123596
-0.4043768525123596
-0.26045854443740846
0.30037128925323486
1.0453611016273499
0.030981123447418213
1.0453611612319946
1.0453611612319946
1.0453611016273499
0.7688130736351013
0.20672343617248534
0.3956294059753418
0.3956294059753418
0.20672343617248534
0.03708726167678833
0.16200542449951172
0.16200542449951172
0.16200542449951172
0.16200542449951172
0.7044883966445923
-0.3039478659629822
-0.23462986946105957
-0.3039478659629822
-0.06035114894294741
-0.25310730934143066
-0.38008779287338257
0.5110778510570526
0.40370041131973267
0.28122925758361816
-0.0005590761260986232
0.05108809471130371
-0.06035114894294741
0.5110778510570526
-0.22939848899841309
-0.22939848899841309
-0.23416961783599854
0.15462106466293335
-0.12976770048904418
0.15784239768981934
-0.12976770048904418
-0.12976770048904418
-0.12976770048904418
-0.12976770048904418
-0.2431846261024475
-0.2431846261024475
0.00681537389755249
0.00681537389755249
0.23365569114685059
0.00681537389755249
-0.43184220790863037
0.21053433418273926
0.34022408723831177
0.21053433418273926
0.18566232919692993
0.020618414878845193
0.020618414878845193
0.028770700637817392
0.028770700637817392
0.6954337006378173
-0.34900152683258057
0.6954337006378173
0.12337470054626465
-0.14785555005073547
-0.14785555005073547
-0.14785555005073547
-0.22468348145484923
-0.22468348145484923
-0.26736605167388916
-0.3606591820716858
-0.15163634771537782
-0.1516364073200226
-0.1516364073200226
-0.26736605167388916
0.22153739929199223
0.22153739929199223
-0.5098377466201782
0.22153739929199223
0.22153739929199223
-0.5943025350570679
-0.23632627725601196
-0.23632627725601196
-0.020710951089858987
0.013673722743988037
-0.020710951089858987
0.7014770751762389
0.7014770751762389
0.03481407517623902
0.03481407517623902
0.04297357797622681
0.04297357797622681
0.04297357797622681
-0.32335972785949707
-0.32335972785949707
-0.07335972785949707
-0.07335972785949707
-0.07335972785949707
-0.20652899146080017
-0.20652899146080017
-0.21135021800231935
-0.21135021800231935
-0.21135021800231935
-0.2964106798171997
-0.2964106798171997
-0.09876745939254761
-0.17170712947845457
-0.17170712947845457
-0.03203105926513672
-0.03203105926513672
-0.2820310592651367
0.03698229789733887
-0.2820310592651367
-0.03203105926513672
-0.08348584175109863
-0.2950253486633301
-0.2950253486633301
-0.20028097981643678
0.13248270750045776
-0.20028097981643678
-0.1603736639022827
-0.18315143937301637
-0.18315143937301637
-0.1603736639022827
-0.022515416145324707
0.27494388818740845
0.27494388818740845
0.27494388818740845
0.27494388818740845
0.27494388818740845
0.23690855503082275
0.3701184391975403
0.3701184391975403
0.14200140589904786
0.14200140589904786
0.10296690464019775
0.010058403015136719
-0.06913745403289795
0.01005852222442627
-0.39534912949371337
0.16126561164855957
-0.39534912949371337
-0.33808577060699463
-0.238153338432312
-0.238153338432312
-0.238153338432312
-0.33808577060699463
-0.336220279876709
-0.336220279876709
-0.08054602146148682
0.18264257907867432
-0.08054602146148682
-0.02709949016571045
-0.2352709924621582
-0.2352709924621582
-0.02709949016571045
-0.2352709924621582
-0.3890647888183594
0.02301899194717405
0.17635905742645264
0.02301899194717405
0.039932429790496826
0.017740905284881592
0.1899961233139038
0.1899961233139038
-0.039828479290008545
-0.07167113423347471
0.14942550659179688
-0.07167119383811948
-0.03982841968536377
0.17330318689346313
0.058606237173080444
0.058606237173080444
-0.09513378143310547
-0.2544414555473328
-0.2544414555473328
-0.23121535778045654
-0.23121535778045654
-0.23121535778045654
-0.13112765550613403
-0.13112765550613403
0.21230976337623597
0.22396808862686157
0.21230976337623597
0.22396808862686157
0.012076967954635642
-0.18792303204536437
-0.18792303204536437
0.1311814785003662
0.07669007778167725
