0.0
0.0
0.0
1.5
2.5
2.5
2.5
-0.333333
-0.666667
0.08333299999999999
-0.666667
-1.3333370000000002
-0.166667
-0.166667
-0.06666700000000003
-1.8333300000000001
0.4
0.0
0.333333
1.083333
0.75
2.5
2.5
0.333334
0.0
-2.833333
-0.333333
-0.7844800000000001
-0.75
-0.357143
-0.857143
-0.09999999999999998
-9.66667
2.0333300000000003
1.3333300000000001
1.8333300000000001
-0.13333300000000003
0.21212200000000003
-0.166667
-0.5
0.0
-0.19999999999999996
3.5
0.0
3.25
-0.19999999999999996
-0.291667
-0.23809600000000003
-0.571429
0.175
0.25
-0.04545500000000002
-0.545455
0.75
0.5
0.5
-0.25
0.10714299999999999
0.0
0.416667
-0.5
-0.09999999999999998
-3.5
-0.6
0.25
0.0
1.5
0.0
-1.0
0.333333
0.714286
1.458333
0.958333
0.4318200000000001
0.1818200000000001
-0.5
0.0
0.27272700000000005
-5.16667
-0.5
-0.08333299999999999
-0.833333
-0.3
-0.8
11.0
11.0
11.75
11.6
-4.66667
0.0
-0.6
0.3230769
-0.6
-0.6
0.0
-1.5
0.0
0.4
-0.5
0.0
0.0
-0.333333
-0.333333
-0.2857099999999999
0.7142900000000001
1.3142900000000002
0.9642900000000001
0.08333299999999999
0.08333299999999999
0.333333
-3.0
0.333333
0.166667
-1.333333
0.0
-0.3999999999999999
0.75
-3.075
-0.7
0.08333299999999999
0.9230769
-0.166667
0.666667
-0.5
-0.269231
-0.45238100000000003
-0.785714
-0.435898
0.416667
0.75
0.6
0.35
0.5
-2.0
1.0
1.0
1.0
0.0
0.0
1.333333
1.0
0.75
2.4
2.633333
2.3
2.3
-0.5
0.5
0.0
0.5
0.333333
0.0
0.0
0.571429
0.5
0.5
0.5
1.666667
1.666667
1.5
1.8
0.04761899999999997
-0.11111099999999996
0.05555600000000005
0.21428599999999998
0.5
0.9333333
0.5
-4.0
0.5
-0.775
-0.9
-0.9
-1.9
-0.5
-0.9047589999999999
-0.07142900000000002
0.266667
0.466667
0.5
-0.5
0.666667
1.333333
0.0
0.0
0.0
-2.5
0.0
0.6
0.166667
-0.4
-1.538462
-0.4
1.4
0.128205
0.25
0.07142900000000002
-0.5
0.0
-1.666667
-0.666667
0.5
0.0
0.833333
0.0
-0.666667
-0.033333
-1.666667
0.166667
-0.2
-0.19999999999999996
-1.2
0.46666700000000005
0.55
-1.7999999999999998
0.9
0.5
-1.3333300000000001
0.0
1.257143
0.475
0.7333329999999999
0.541667
-0.5
0.333333
0.0
-1.0
0.0
-1.2
0.0
0.875
-1.7999999999999998
-2.214286
0.0
0.375
0.0
-0.5
-0.21428599999999998
0.285714
0.333333
0.375
0.0
0.0
0.19444399999999995
-0.571429
-0.571429
0.416667
-0.25
1.571429
0.1666700000000001
1.0
-0.25
-1.25
1.0
0.3333299999999999
0.75
1.125
0.4
0.375
0.514706
0.25
-0.9333333
-0.9333333
-0.9333333
-3.9333333
0.6
0.333333
-1.25
-2.0
-0.625
-0.666667
0.0
-0.7011470000000001
-0.666667
-0.666667
0.0
-0.5
-0.5
0.25
-0.166667
-0.266667
-1.1
0.13333299999999998
-0.6
-1.6
0.8
0.0
0.75
0.0
-0.75
-0.666667
0.4
-0.166667
0.0
1.5
2.333333
2.0
2.0
2.0
2.0
0.0
0.0
0.5
0.0
0.333333
-1.7999999999999998
0.0
-0.833333
-0.333333
0.0
0.06666700000000003
0.0
0.0
1.3
0.571429
0.5
0.5
-0.5
-0.166667
0.0
-0.5
-11.666667
0.4
1.0
0.5
0.0
0.0
0.666667
0.5
0.0
0.625
0.44444399999999995
0.25
-0.09999999999999998
2.875
2.375
3.175
1.625
0.0
0.125
0.0
2.0
2.0
0.666667
0.8
0.333333
-0.46666700000000005
0.5
0.0
0.333333
-0.166667
-4.66667
-1.3333300000000001
0.0
0.0
0.25
0.166667
1.0
1.333333
0.666667
0.833333
0.333333
1.1538460000000001
0.333333
0.857143
0.35
0.09999999999999998
-0.5
0.0
-0.666667
0.0
1.75
0.5
0.75
-0.166667
0.0
0.0
0.6
1.75
0.0
0.3333299999999999
1.75
-0.5
0.888889
-9.0
0.0
0.571429
1.3
0.9
2.166667
0.0
-1.75
0.25
0.5
-0.30000000000000004
0.36666699999999997
-0.30000000000000004
0.36666699999999997
-0.5
0.166667
-0.5
-0.5
-1.0
-0.5
0.0
0.5
-9.0
-0.16666599999999998
-0.25
-0.13333299999999998
0.0
-0.333333
0.25
-0.25
0.666667
0.5
0.5999999999999999
-0.6000000000000001
0.708333
-7.125
-0.125
0.375
0.5
0.6
0.0
0.75
0.0
0.0
-0.875
1.9333300000000002
1.08333
2.08333
0.3999999999999999
-0.10000000000000009
0.5
0.5
0.6
0.333333
0.0
0.0
-0.3333299999999999
0.0
0.607143
-0.9166700000000001
-0.375
0.0
-1.5
-0.125
0.0
0.266667
0.333334
-0.333333
1.333333
0.07500000000000001
-0.13333299999999998
0.10714299999999999
-0.8
-0.8
-0.6
0.15000000000000002
0.06666700000000003
0.233333
0.25
0.0
0.0
-0.5
-1.25
0.0
-0.4
-1.4
-2.0
-0.5
-2.0
-0.5
-0.09999999999999998
0.0
-0.30000000000000004
-0.5
-0.5
-0.5
9.8
9.0
9.0
9.5
12.571429
-0.125
-0.09999999999999998
0.25
0.416667
0.0
0.333333
-0.4
2.333333
1.5
-1.0
1.833333
0.0
0.5
-1.0
0.333333
-0.5
-0.25
1.16667
0.6818200000000001
1.75
1.75
-0.0625
0.5
2.5
1.2
0.0
0.5
1.25
1.0
2.75
0.39999999999999997
0.09523799999999999
-0.166667
-0.571429
-2.4
-0.06666700000000003
-0.30000000000000004
0.0
-1.0
0.0
0.0
0.833333
-1.5
-0.75
0.25
0.20000000000000007
0.46666700000000005
-0.19999999999999996
0.4
-2.0
0.0
0.333333
0.0
0.6
-0.785714
-0.19999999999999996
-0.285714
0.04761899999999997
-11.285714
-0.19999999999999996
0.0
-1.5
0.5
0.75
0.0
-0.333333
-2.071429
0.0
0.7
0.8
0.0
0.0
0.04761899999999997
0.285715
-0.166667
0.08333299999999999
0.16666599999999998
-0.13333300000000003
0.571429
0.25
0.75
1.5
1.5
0.666667
0.666667
-1.7999999999999998
1.666667
1.0
-2.0
1.5
-1.416667
0.5
0.5
0.266667
0.5
-0.4
0.0
0.0
0.0
-0.5
0.7
0.833333
-4.0
-1.666667
-0.34615399999999996
-1.5
-0.09999999999999998
0.0
-0.5
-0.5
-4.5
-0.5
3.5
2.66667
3.0
3.333333
0.08333299999999999
0.0
0.30000000000000004
-2.0
-0.3333299999999999
-0.333333
-0.08333299999999999
-0.333333
-0.333333
0.333334
0.0
0.75
2.5
2.666667
-1.5
0.333333
0.166667
0.75
0.0
0.5
0.75
0.5
0.666667
0.125
-0.333333
-0.333333
-0.333333
-2.333333
-1.0
-0.333333
0.0
0.0
0.5
0.0625
0.666667
-4.0
0.050000000000000044
0.8333299999999999
0.5
0.37142900000000006
-0.06667000000000001
-0.5
-1.1
-0.5
-0.09999999999999998
0.666667
-0.5
1.5
-2.5
-0.25
-0.333333
-1.333333
-0.333333
-0.583333
0.416667
1.625
0.8
0.5
0.5
4.5
0.0
0.769231
0.5
0.0
0.0
0.6
0.09999999999999998
-1.1538460000000001
0.44615399999999994
0.19999999999999996
0.04615399999999992
-1.6538460000000001
-1.25
0.857143
0.5
0.0
-1.0
-1.0
0.5
0.75
0.5
0.0
0.0
0.0
-4.66667
0.75
0.5
1.7272699999999999
2.3939369999999998
1.2272699999999999
1.4772699999999999
2.25
1.2
0.5
2.0
-0.5
0.6
0.8
0.0
-1.7272699999999999
0.25
0.333333
0.666667
0.6
0.0
0.5
-0.166667
0.0
0.75
-0.25
-3.25
1.25
0.333334
0.5
-0.333333
-4.0
0.0
0.666667
3.8
0.6000000000000001
2.66667
1.0
0.666667
-2.0
0.416667
0.0
0.0
-0.333333
0.777778
0.777778
0.42857100000000004
0.0
-1.0
0.5
-0.5
1.25
1.0
1.5
1.0
0.0
0.0
0.666667
-1.0
0.0
0.3333299999999999
0.8333299999999999
1.13333
0.3333299999999999
1.75
0.2857099999999999
1.0
1.0
-2.0
0.0
0.0
-0.75
-4.5
-2.5
0.0
0.625
0.8
0.625
0.8
0.0
3.0
3.0
3.0
2.0
0.7
0.0
0.42857100000000004
0.9
0.6
0.75
0.75
0.166667
-1.0
-0.5
0.3
-0.5
-29.5
0.6
-2.0
0.09999999999999998
0.0
3.0
1.5
2.75
-0.875
-0.5
0.0
-0.5
-1.0
0.5
-0.5
0.571429
-0.3999999999999999
0.5
-0.6666700000000001
0.0
0.0
-1.4166667
-0.9230769
-0.9166667
-2.9230769
2.0
0.75
0.25
0.916667
0.25
2.0
2.5
1.25
1.25
1.41818
0.8181799999999999
0.8181799999999999
0.8181799999999999
1.333333
-0.30000000000000004
-0.5
-0.5
-0.5
0.0
1.166667
0.8
0.166667
0.7
-0.5
0.5
6.0
7.75
3.6
3.5
-0.333333
0.833333
-0.333333
0.0
-0.5
0.0
0.0
-1.0
0.0
0.0
-1.3
0.0
-0.5
0.5
0.5
0.0
-0.375
0.0
-0.5
-0.3999999999999999
0.333333
0.625
0.0
1.0
0.833333
0.75
0.0
1.333333
0.0
0.75
1.25
0.75
0.5
0.0
-4.66667
-3.0
0.0
0.5
0.19999999999999996
-3.5
-0.5
0.714286
0.0
0.0
0.0
0.3999999999999999
0.3999999999999999
-1.6
0.7333329999999999
0.6
0.0
0.0
0.0
0.6
-0.8181799999999999
-2.0
0.8
-0.5
0.6
0.0
3.333333
-0.5
-0.5
-0.5
0.0
-0.8999999999999999
3.5
3.333333
3.0
3.5
-0.333333
0.416667
-0.166667
0.4
0.19999999999999996
0.166667
29.0
0.8678130000000001
0.30000000000000004
0.0
-0.8333299999999999
0.0
2.333333
1.66667
2.3
0.333333
1.25
1.0
1.0
1.0
1.0
1.888889
0.0
-1.0
-1.000003
0.0
0.6
0.0
0.0
-0.5
1.5
0.27273000000000014
0.833333
-0.4
0.5
-0.3333299999999999
0.8
0.0
0.0
0.19999999999999996
0.32499999999999996
-0.8
-0.30000000000000004
0.75
0.0
-0.166667
-3.5
-3.0
1.5
0.333333
0.666667
0.333333
0.333334
-1.75
0.416667
0.0
-0.333333
-0.333333
0.333333
0.3333299999999999
0.5
-3.33333
0.6666700000000001
-0.916667
0.333333
-0.380953
1.666667
2.166667
0.6666700000000001
0.5
0.6666700000000001
0.39999999999999997
0.0
1.0
1.3
1.6
1.2
1.75
1.0
1.0
0.6666700000000001
1.6
0.19999999999999996
-0.13332999999999995
0.19999999999999996
-0.13332999999999995
-11.0
-1.75
-2.4666669999999997
-0.75
-0.75
-0.25
0.333333
0.0
-2.875
0.75
-0.09999999999999998
-0.666667
1.571429
1.4
1.5
1.666667
1.333333
-0.583333
-0.5
0.0
0.0
0.0
0.0
0.5
0.0
0.571429
-0.5
0.0
0.0
-0.633333
0.0
4.66667
4.66667
5.16667
0.6666699999999999
-0.833333
-0.07142899999999996
0.333333
0.0
0.333333
0.666667
-0.5
0.3
0.5
-0.25
0.0
-0.416667
-0.75
-0.25
-0.25
0.9230769
0.09999999999999998
0.1818200000000001
-0.764706
0.13332999999999995
0.666667
4.2
0.166667
-0.166667
-0.5
0.8
0.25
1.75
1.0
2.0
1.5
0.6
0.0
5.5
1.166667
0.166667
-1.5
0.5
-2.0
-0.5
0.5
-2.5
0.0
0.571429
0.0
0.0
-0.5
0.0
0.0
0.0
4.5
0.6666700000000001
-2.0
-0.19047599999999998
0.0
0.0
0.0
-0.5
-0.5
1.5
1.6
-0.13888899999999998
-0.22222199999999998
-0.638889
-3.888889
-0.3333299999999999
0.6666700000000001
1.3333370000000002
1.16667
-0.25
0.21428599999999998
0.6
0.5
0.75
2.0
2.333333
-1.0
-0.6
-0.35
-1.85
-0.6
0.333333
0.0
1.0
-0.06666700000000003
-0.466667
-0.25
-0.75
-0.22857099999999997
0.666667
0.25
0.6
-0.625
0.0
0.44444399999999995
0.0
0.25
0.714286
0.0
0.333333
0.0
0.0
0.08333299999999999
-0.166667
-0.666667
0.0
0.166667
-0.833333
1.5
0.2
-0.8181799999999999
0.5
0.0
-1.5
-0.5
0.0
0.0
0.5
-9.0
0.4
0.4
-0.44999999999999996
0.0
-0.5
-0.5
-0.3999999999999999
-1.857143
-0.057143
-1.107143
-0.857143
-0.8
0.6
0.0
-0.333333
1.285714
1.0
0.5
0.5
0.666667
0.333333
-1.5
-0.166667
0.0
0.5
0.0
0.0
0.5
-1.666667
0.0
-0.333333
0.75
-0.5
0.5
-0.4
0.39999999999999997
0.0
-0.3
-0.333333
-2.5
0.5
-0.5
0.8
0.0
0.2
2.5
-0.09999999999999998
-0.5
0.44444399999999995
0.30000000000000004
-0.166667
0.25
-0.5
0.31168799999999997
0.375
0.0
1.269231
-0.142857
0.0
0.1833333
-11.0
0.166667
-0.266667
-0.666667
11.0
11.0
-2.166667
0.08333299999999999
-4.66667
0.15000000000000002
-0.6
0.4
0.0
0.0
-0.571429
-0.07142900000000002
0.5
1.0
-2.0
0.0
0.0
0.333333
0.0
-0.46666700000000005
0.0
0.0
0.0
-1.5
-0.5
0.25
-0.166667
-11.5
34.0
0.0
0.0
0.0
0.75
0.75
0.333334
0.0
0.435898
1.0
0.0
0.8
1.0
0.416667
0.04166700000000001
0.5
-0.5
1.0
0.0
-2.675
-0.07500000000000001
-0.75
0.06666700000000003
-0.266667
-0.5
0.166667
-0.75
-0.09999999999999998
0.0
0.5
0.333333
0.0
-0.3999999999999999
0.0
0.0
-0.15000000000000002
0.6
1.666667
-0.25
-0.666667
-0.166667
-0.166667
0.0
0.833333
1.0
0.0
0.7
0.8
0.25
1.388889
1.0
0.166667
-1.333333
0.9333333
-0.583333
-1.333333
-0.333333
1.0
-0.333333
-0.75
0.09523800000000004
0.0
0.0
-0.666667
-1.0
-0.666667
-0.666667
0.07142900000000002
-0.75
-0.5
-0.666667
-4.666667
0.666667
-1.166667
0.0
-0.3333299999999999
-0.666667
-0.666667
-0.30000000000000004
-0.5
-0.09999999999999998
-0.6
0.0
-0.5
-0.5
-0.5
-0.09999999999999998
-0.333333
0.666667
-1.5
-0.333333
-0.25
-0.625
-0.333333
-1.333333
-1.0
0.466667
-0.333333
0.166667
-1.333333
-0.666667
-0.6
-0.266667
0.75
-2.5
-0.5
-0.666667
0.8
0.09999999999999998
-0.8333299999999999
-2.5
0.777778
0.5
-0.5
1.1
1.25
2.5
2.666667
2.666667
0.8
0.5
0.0
1.5
1.0
0.666667
-0.5
0.0
-0.5
0.0
-0.5
-0.5
0.0
0.5
-0.666667
-0.333334
-1.16667
-0.166667
0.0
-0.333334
-0.166667
-1.5
-0.464286
0.0
0.0
-0.08333299999999999
0.5
0.833333
0.5
-0.6666700000000001
-1.357143
-0.714286
0.0
-0.028570999999999958
-0.714286
-0.10714299999999999
0.0
0.666667
-0.5
-1.0
-1.5
-1.5
-0.266667
-0.9333299999999999
0.08333299999999999
0.5
0.5
-0.6666700000000001
0.3333299999999999
0.0
0.0
0.0
2.0
-0.5
-1.333333
-0.5
-0.666667
0.4
0.22857099999999997
-2.0
-0.25
0.16666599999999998
-0.04166700000000001
-1.571429
-0.8
-1.8
-0.06666700000000003
-0.3
-0.4
0.0
0.5
0.0
0.0
0.13888899999999998
0.0
0.0
-0.466667
-0.666667
-1.3
-0.777778
-1.777778
0.19047599999999998
0.22222300000000006
-0.625
-1.666667
-1.4444439999999998
-0.75
0.375
0.0
0.333333
0.0
0.0
0.0
0.0
-0.46666700000000005
0.06060599999999994
-0.7
-0.375
-0.4
-1.166667
-1.2727270000000002
-0.375
-0.30000000000000004
-0.8
-1.0
-0.8
0.0
0.333334
-0.2
-0.25
-0.2
0.5
0.0
-4.6
-0.6
-0.25
-3.0
-11.8
-0.5
-0.3
0.5
-0.09999999999999998
-0.416667
-0.75
1.333333
0.39999999999999997
-0.714286
-0.25
-0.714286
-9.571429
-0.333333
-1.5
-0.571429
-1.333333
-0.375
-0.666667
-0.458333
-0.866667
-0.291667
-0.375
0.035714000000000024
1.25
2.0
-3.0
0.75
0.3333299999999999
0.9583299999999999
1.888889
1.5
0.5
-2.4
0.25
-0.42857100000000004
-0.928571
0.0
0.416667
0.19999999999999996
0.764706
-1.5
0.0
0.0
0.0
0.04999999999999999
-1.5
-0.08333299999999999
0.4
0.0
-0.4
-2.4
0.3333299999999999
0.25
0.04166700000000001
0.166667
-0.625
-0.26190399999999997
-0.666667
-0.166667
0.5
0.125
-0.5
-3.5
0.25
-0.166667
0.666667
-0.166667
0.06666700000000003
-4.6
0.0
0.06666700000000003
0.25
-1.0
-0.333333
0.0
0.0
-2.428571
0.333333
-1.428571
0.0
-0.666667
-0.8
-0.666667
-1.25
-0.75
0.0
-0.666667
-0.166667
0.166667
1.666667
-0.75
1.0
0.25
-2.0
0.0
0.8181799999999999
0.0
-0.333333
1.0
0.0
0.0
0.666667
0.333334
-0.166667
-0.5
0.0
-0.5
0.166667
0.5
-0.166667
0.25
-0.25
-1.0
-0.75
-0.75
4.666667
3.5
3.6
3.0
-0.75
-2.47727
-0.166667
-0.166667
-0.125
-0.625
-0.6
0.0
-2.75
-0.25
-0.8
-0.466667
-0.8
-0.04999999999999999
-0.55
0.0
-0.416667
0.25
0.333334
0.0
0.333334
0.2
-0.85
0.166667
0.0
-0.09999999999999998
-0.6
0.5
0.166667
-0.666667
-0.5
-3.8
-0.04999999999999999
-0.666667
0.25
1.0
-1.0
1.5
1.8
1.0
0.5
0.08333299999999999
0.0
0.0
-0.166667
0.4
0.375
-0.25
0.19999999999999996
0.571429
1.666667
-1.75
-0.5
-0.75
-1.3896089999999999
0.333333
-0.09999999999999998
0.0
-0.3333299999999999
-2.5
-1.333333
0.5
-0.571429
-0.7142900000000001
-0.5
-0.25
-1.3333370000000002
0.0
-1.083333
0.0
0.0
-0.13333300000000003
-1.333333
0.166667
-0.035714000000000024
-0.75
-0.8333299999999999
0.166667
0.0
-0.5
0.285714
-0.25
0.0
0.15000000000000002
-1.0
-0.4
0.39999999999999997
0.416667
0.0
0.3333299999999999
0.0
0.3333299999999999
0.857143
-0.75
-0.416667
-0.25
-0.8
-2.8
-0.75
-2.5
-0.666667
-0.166667
0.08333299999999999
-0.75
0.7230769
0.014286000000000021
0.0
-0.19999999999999996
-1.2
-0.5
-0.75
-0.25
0.275
-0.05555600000000005
-0.35
-1.66667
0.3333299999999999
-0.333333
0.166667
0.666667
-0.5
0.5
-0.25
-0.416667
-0.166667
0.166667
-0.5
-0.75
-0.15000000000000002
0.13333299999999998
-0.166667
-2.3939369999999998
0.08333299999999999
0.0
-0.30000000000000004
-0.09999999999999998
-0.6
0.166667
0.0
-1.5
0.27272700000000005
-0.75
-0.5
-0.5
-0.75
-3.75
-2.666667
0.666667
0.08333299999999999
0.10000000000000003
-0.266667
0.08333299999999999
-0.266667
0.0
0.0
-1.5
0.0
0.0
0.0
0.0
0.5
0.333333
-0.333333
-0.333333
0.0
0.666667
-0.6666700000000001
-0.3333299999999999
-0.833333
-1.0
-0.833333
0.0
0.0
-1.0
-1.0
-0.09999999999999998
-0.333334
-0.666667
-1.5
0.0
-0.5
-0.5
-0.666667
-0.666667
-2.0
-1.666667
-0.5
-0.4
0.666667
-1.4
0.0
0.5
-0.25
0.55
-1.5
-1.85
0.0
0.06666700000000003
0.0
0.5
-0.5
-0.5
0.5
-0.166667
-0.166667
-0.5
-0.5
0.09999999999999998
-1.5
-0.5
-1.333333
0.0
-0.333333
0.9333333
-0.6
-0.04999999999999999
-0.8
0.6
0.5
