0.2678612470626831
0.2678612470626831
0.7678612470626831
3.0606884360313416
3.0606884360313416
3.0606884360313416
3.0606884360313416
0.02901224737930297
0.22450186366271974
0.22450186366271974
0.22450186366271974
0.22450186366271974
0.005284130573272705
0.4084975277824402
0.4084975277824402
0.887997031211853
0.17392957210540771
0.887997031211853
0.4091038703918457
1.118818759918213
1.118818759918213
2.530186712741852
2.530186712741852
0.07846458310317994
0.07846458310317994
0.07846458310317994
0.07846458310317994
0.34452295303344727
0.34452295303344727
0.2662494929962158
0.2662494929962158
0.4518526792526245
1.5512823706436158
1.5512823706436158
1.5512823706436158
1.5512823706436158
0.010660930927276602
0.010660930927276602
0.08832669258117676
0.08832669258117676
0.14072877168655396
0.4845200657844544
3.3141028881073
0.06803828477859497
3.3141028881073
0.4845200657844544
0.03773197531700134
0.0941743396720886
0.0941743396720886
0.03773197531700134
0.8031833171844482
0.12399546186447141
0.12399546186447141
0.911881685256958
0.3213329315185547
0.3213329315185547
0.1354532241821289
0.1354532241821289
0.21291853541564942
0.21291853541564942
0.25152331590652466
0.09519260525703432
0.25152331590652466
0.09519260525703432
0.25152331590652466
0.25152331590652466
1.2008821368217468
0.44628798961639404
0.44628798961639404
0.44628798961639404
0.13534802198410034
1.3256425261497498
1.3256425261497498
0.8497688420486451
0.8497688420486451
0.19038283824920654
0.19038283824920654
0.07895344495773315
0.11095070838928223
0.11095070838928223
0.3481037462310791
0.3481037462310791
0.4494709253311157
0.4494709253311157
9.457992792129517
9.457992792129517
9.457992792129517
9.457992792129517
0.059155821800231934
0.059155821800231934
0.1140607953071594
0.1140607953071594
0.1140607953071594
0.1140607953071594
0.5074043869972229
1.1286224126815796
0.5074043869972229
0.5074043869972229
0.5074043869972229
0.03204554319381714
0.03204554319381714
0.008952423389434805
0.008952423389434805
1.1317789326095582
1.1317789326095582
1.1317789326095582
1.1317789326095582
0.33888579959106446
0.33888579959106446
0.13982856273651123
0.2500506639480591
0.13982856273651123
0.1396943485183716
0.1396943485183716
0.3649664521217346
0.08013564348220825
0.3649664521217346
0.0829091787338257
0.0829091787338257
0.0405291473312378
0.44628798961639404
0.0405291473312378
0.6041774749755859
0.6041774749755859
0.19865075593566894
0.22515407158279419
0.22515407158279419
0.19865075593566894
0.18765419721603394
0.30667823553085327
0.30667823553085327
0.18765419721603394
0.45197200775146484
0.45197200775146484
0.5945355892181396
0.5945355892181396
0.5945355892181396
0.45197200775146484
0.45197200775146484
0.5945355892181396
0.740727961063385
0.4778119921684265
2.163336682319641
2.163336682319641
2.163336682319641
2.163336682319641
0.37051141262054443
0.02480316162109375
0.46369457244873047
0.46369457244873047
0.46369457244873047
0.46369457244873047
0.061441898345947266
0.061441898345947266
0.061441898345947266
0.061441898345947266
0.903205394744873
0.8377878665924072
0.8377878665924072
0.8377878665924072
0.8377878665924072
0.32331398175811765
0.17184847665405278
0.17184847665405278
0.32331398175811765
0.047163546085357666
0.1078217625617981
0.1078217625617981
0.1078217625617981
0.1078217625617981
0.2255874514579773
0.2255874514579773
0.2255874514579773
0.2255874514579773
0.14434421062469482
0.06165088643646238
0.06165088643646238
0.3523968016548157
0.3523968016548157
0.15028530359268188
0.3648695945739746
0.3238915205001831
0.6761084794998169
0.043203115463256836
0.043203115463256836
0.2678612470626831
0.2678612470626831
0.409206748008728
0.409206748008728
0.22333121299743652
0.25017169713973997
0.07615504969406128
0.25017169713973997
1.1344477534294128
0.07615504969406128
0.2591467499732971
0.2591467499732971
0.2591467499732971
0.2591467499732971
0.39012213105392457
0.39012213105392457
0.13445883989334106
0.13445883989334106
0.13445883989334106
0.13445883989334106
0.015103563125610342
0.017687511444091808
0.015103563125610342
0.2509917616844177
0.017687511444091808
0.4567416429519653
0.4567416429519653
0.4567416429519653
0.4567416429519653
0.19716835021972656
0.19716835021972656
0.19716835021972656
0.19716835021972656
0.19716835021972656
1.0225342154502868
0.5451712608337402
1.0225342154502868
0.5451712608337402
0.2574969530105591
0.273709237575531
0.273709237575531
0.4282461404800415
0.25749683380126953
0.4900589466094971
0.4282461404800415
1.0485219359397888
0.273709237575531
0.4635009462966919
0.273709237575531
1.0485219359397888
0.4282461404800415
0.25749683380126953
0.4635009462966919
0.012163639068603516
0.012163639068603516
0.012163639068603516
0.16171932220458984
0.16171932220458984
0.37019428610801697
0.074798091550827
0.074798091550827
0.37019428610801697
0.37019428610801697
0.5788151025772095
1.0419048070907593
1.0419048070907593
0.3935527205467224
0.3935527205467224
2.4643765091896057
0.7745373493003844
1.2022883892059326
1.1001412272453308
0.5856301784515381
0.5856301784515381
0.368919312953949
0.368919312953949
0.3845535143669129
0.3845535143669129
0.3845535143669129
0.3845535143669129
0.1490502953529358
0.319286584854126
0.319286584854126
0.319286584854126
0.319286584854126
0.0023566638870239354
0.564494252204895
0.0023566638870239354
0.0023566638870239354
0.0023566638870239354
0.018335461616516113
0.22313439846038818
0.22313439846038818
0.22313439846038818
0.22313439846038818
0.04172441959381101
0.04172441959381101
0.41162355298233033
0.04172441959381101
0.04172441959381101
0.1292988657951355
0.44628798961639404
0.44628798961639404
0.3562321066856384
0.3562321066856384
0.41292388791275025
0.024438858032226562
0.41292388791275025
0.44539153575897217
2.0944432616233826
2.0944432616233826
2.0944432616233826
2.0944432616233826
2.0944432616233826
2.0944432616233826
0.3931015729904175
0.45309191942214966
0.3931015729904175
0.45309191942214966
0.45309191942214966
0.3931015729904175
0.45309191942214966
0.05339269285964965
0.05339269285964965
0.05339269285964965
0.05339269285964965
0.22873342037200928
0.5743860602378845
1.0239316821098328
0.4810992479324341
1.0239316821098328
0.5743860602378845
0.04432946443557739
0.15351386422348023
0.15351386422348023
0.04432946443557739
0.15351386422348023
0.31483250856399536
1.1022877097129822
0.13509249687194824
0.04662024974822998
0.04662024974822998
0.04662024974822998
0.04662024974822998
0.04662024974822998
0.3233829736709595
0.3233829736709595
0.5992170572280884
0.5992170572280884
2.7611453533172607
2.7611453533172607
2.7611453533172607
2.7611453533172607
0.16287225484848022
0.16287225484848022
0.23708397150039673
1.9838216304779053
1.9838216304779053
0.4134752154350281
0.7370839715003967
0.4134752154350281
0.015757397357940683
0.44233453273773193
0.2844555974006653
0.2844555974006653
0.015757397357940683
0.3792538046836853
0.3792537450790405
0.46654951572418213
0.3792537450790405
0.3792537450790405
0.1400605285720825
0.8980801105499268
0.8980801105499268
0.34418660402297974
0.34418660402297974
0.10191988945007324
0.8980801105499268
0.3822866678237915
0.3822866678237915
0.13495210409164426
0.13495210409164426
0.005455136299133301
0.3149149417877197
0.7009428893966675
0.3149149417877197
0.37492287158966064
0.3149149417877197
0.3149149417877197
0.7009428893966675
0.3149149417877197
0.2522451877593994
0.01698017120361328
0.8316038846969604
0.4681967496871948
0.8316038846969604
0.8316038846969604
0.2905692458152771
0.2905692458152771
0.299110472202301
0.3340461254119873
0.3340461254119873
0.7636997103691101
0.46351611614227295
1.610443651676178
0.46351611614227295
0.42157942056655884
0.6874639391899109
0.7636997103691101
0.18107814788818355
0.18107814788818355
0.18107814788818355
0.18107814788818355
0.3781827688217163
0.3781827688217163
0.3781827688217163
0.3781827688217163
0.1375725269317627
0.1375725269317627
0.1375725269317627
0.1375725269317627
0.1375725269317627
0.26737366562652587
0.3062032461166382
0.26512484550476073
0.26512484550476073
0.26737366562652587
0.21859556436538696
0.21859556436538696
0.30836206674575806
0.30836206674575806
1.0889466643333434
1.0889466643333434
0.6028228402137756
0.6028228402137756
0.6028228402137756
0.6028228402137756
0.1631951928138733
0.1631951928138733
0.1631951928138733
0.1631951928138733
1.1468167901039124
0.2554147243499756
0.3751617670059204
1.6997595673370363
0.6382581835556029
1.6997595673370363
0.9703234076499938
0.9703234076499938
0.31172293424606323
0.31172293424606323
0.31172293424606323
0.2307024598121643
0.48716968297958374
0.2307024598121643
0.2307024598121643
0.2307024598121643
0.13837963342666626
0.13837963342666626
0.2073161005973816
0.12988263368606567
0.2073161005973816
0.13837969303131104
0.22203032618331908
0.22203032618331908
0.22203032618331908
0.22203032618331908
1.5701717138290405
0.4700034141540527
0.4700034141540527
0.4660811424255371
0.4700034141540527
0.4700034141540527
0.049419963359832786
0.049419963359832786
0.049419963359832786
0.049419963359832786
0.937724769115448
0.14139032363891602
0.14139032363891602
0.5652373433113098
0.4074646234512329
0.6112151741981506
0.30416826009750364
0.30416826009750364
0.5652373433113098
0.6874620914459229
0.6874620914459229
0.6874620914459229
0.6874620914459229
0.6874620914459229
0.6897859573364258
0.6897859573364258
0.6897860765457153
0.6897860765457153
8.603938937187195
8.603938937187195
8.603938937187195
8.603938937187195
11.261867880821228
0.11700019240379333
0.11700019240379333
0.3075801730155945
0.3075801730155945
0.16824501752853394
0.24405741691589355
0.0686952233314514
1.373525857925415
1.373525857925415
1.373525857925415
1.373525857925415
0.229866623878479
0.229866623878479
0.229866623878479
0.229866623878479
0.8230499625205994
0.4488248825073242
1.5061801075935364
1.5061801075935364
1.5061801075935364
1.5061801075935364
0.5325056314468384
1.074172019958496
1.698614478111267
0.972335934638977
1.074172019958496
1.074172019958496
1.074172019958496
0.972335934638977
2.2791783213615417
0.22267786264419553
0.1651468419036865
0.12400652522277833
0.1651468419036865
0.310657924413681
0.310657924413681
0.2293987274169922
0.0840650200843811
0.0840650200843811
0.0840650200843811
0.0840650200843811
0.4823451042175293
0.4823451042175293
0.6837186217308044
0.6837186217308044
0.05946480035781865
0.05946480035781865
0.05946480035781865
0.05946480035781865
0.240433931350708
0.240433931350708
0.240433931350708
0.240433931350708
0.240433931350708
0.3794884388313293
0.45032806992530827
0.3794884388313293
0.3794884388313293
0.3794884388313293
0.45032806992530827
0.17782282829284668
0.17782282829284668
0.17782282829284668
0.17782282829284668
0.17782282829284668
0.1398110544128418
0.12183536519622801
0.010990798473358154
0.010990798473358154
0.010990798473358154
0.010990798473358154
0.010990798473358154
0.4085864727363586
0.4085864727363586
0.5165815198974609
0.5165815198974609
0.5165815198974609
0.35776992196273805
0.10332262516021729
0.4285237789154053
0.4285237789154053
1.5142974257469177
1.5142974257469177
0.11191165447235107
0.10934644937515259
0.324349582195282
0.8603653907775879
0.8603653907775879
0.8603653907775879
0.8603653907775879
0.2259011423034668
0.5709133148193359
1.1902415752410889
0.1576083540916443
0.16707885265350342
0.1576083540916443
0.16707885265350342
0.2313944697380066
0.2313944697380066
0.2313944697380066
0.2313944697380066
0.2313944697380066
0.2313944697380066
0.5122852479858399
0.12959063053131104
0.12959063053131104
0.12959063053131104
0.12959063053131104
0.4074227809906006
0.4074227809906006
0.4074227809906006
0.4074227809906006
2.7243114709854126
2.7243114709854126
2.7243114709854126
2.7243114709854126
0.044485270977020264
0.4980752468109131
0.4980752468109131
0.4980752468109131
0.4980752468109131
0.267208889667511
0.267208889667511
0.267208889667511
0.267208889667511
0.1520178472442627
0.14323222637176514
0.14323222637176514
1.882320523262024
1.882320523262024
0.1383236050605774
0.1383236050605774
0.049655377864837646
0.32522791624069214
0.049655377864837646
0.32522791624069214
0.06735742092132568
0.06735742092132568
0.06735742092132568
0.06735742092132568
0.20738275403213502
0.2122479235572815
0.20738275403213502
0.2122479235572815
0.3976052403450012
0.2122479235572815
0.2122479235572815
0.1384434700012207
0.1384434700012207
0.1384434700012207
0.1384434700012207
0.1384434700012207
0.29957609176635747
0.6578340774345397
0.13126921653747559
0.29957609176635747
0.6578341966438292
0.05403858423233032
0.040419137477874734
0.05403858423233032
0.040419137477874734
0.14744889736175537
1.3995250463485718
1.3995250463485718
0.16284137964248657
0.16284137964248657
0.016024664585113535
0.016024664585113535
0.016024664585113535
0.016024664585113535
0.016024664585113535
0.9046128988265991
0.008252322673797607
0.008252322673797607
0.008252322673797607
3.232397437095642
0.20255625247955322
0.08526253700256348
0.08526253700256348
0.08526253700256348
0.08526253700256348
0.08526253700256348
1.1422358751296997
0.4269678251304626
0.4269678251304626
0.5696568489074707
0.4269678251304626
0.4269678251304626
0.11736035346984863
0.11736035346984863
0.11736035346984863
0.11736035346984863
0.11736035346984863
0.11736035346984863
0.11736035346984863
0.43949079513549805
0.43949079513549805
0.43949079513549805
0.43949079513549805
0.15321290493011475
0.15321290493011475
0.15321290493011475
0.15321290493011475
2.2740209031295775
2.2740209031295775
2.2740209031295775
2.2740209031295775
1.8989026546478271
1.1717649102210999
0.719244658946991
1.8989026546478271
0.719244658946991
0.4812944531440735
0.4812944531440735
0.4812944531440735
0.4812944531440735
0.598362922668457
0.08413374423980713
0.08413374423980713
0.08413362503051758
0.08413362503051758
0.08413362503051758
0.5705949068069458
0.15659427642822266
1.1842946410179138
1.1842946410179138
1.1842946410179138
1.1842946410179138
0.3767576063232422
0.17772722244262695
0.3767576063232422
0.17772722244262695
0.2480219006538391
0.43949079513549805
2.691301107406616
0.8348778486251831
2.694209337234497
0.8348778486251831
0.7938410043716431
0.04969435930252075
0.09498201256561278
0.04969435930252075
0.11345529556274414
0.09498201256561278
0.258963942527771
0.3614382743835449
0.392112135887146
0.5315468311309814
0.392112135887146
0.714063286781311
0.5315467119216919
0.8526891469955444
0.8526891469955444
0.8526891469955444
0.8526891469955444
0.20021891593933105
0.20021891593933105
0.20021891593933105
0.20021891593933105
0.20021891593933105
0.6628347283172606
0.6628347283172606
0.6628347283172606
0.6628347283172606
0.2126368284225464
0.2126368284225464
0.2126368284225464
0.2126368284225464
0.16162079572677612
0.44628798961639404
0.25574737787246704
0.16162079572677612
0.25574737787246704
0.30953508615493774
0.30953508615493774
0.7996408939361572
0.02807796001434326
0.02807796001434326
0.02807796001434326
0.43949079513549805
2.444774627685547
2.4447745084762573
2.4447745084762573
2.444774627685547
0.21917247772216797
0.21917247772216797
0.21917247772216797
0.21917247772216797
0.061803579330444336
0.061803579330444336
0.468572735786438
0.27893561124801636
0.44996732473373413
0.27893561124801636
0.27893561124801636
0.21223300695419312
0.21223300695419312
0.1240161657333374
0.21223300695419312
0.21223300695419312
0.21223300695419312
4.12205445766449
1.764440894126892
4.12205445766449
1.764440894126892
0.1819646954536438
0.1819646954536438
0.1819646954536438
0.1481906771659851
0.1481906771659851
0.1819646954536438
0.1481906771659851
0.14879679679870605
0.14879679679870605
0.14879679679870605
0.012163639068603516
0.012163639068603516
0.28556449567718506
0.3116906008666992
0.28556449567718506
0.3116906008666992
1.7261910438537598
0.35870373249053955
0.35870373249053955
0.35870373249053955
0.35870373249053955
1.4001363515853882
1.4001363515853882
0.8028768301010132
0.8028768301010132
1.1336198202896117
1.1336198202896117
1.1336198202896117
1.1336198202896117
1.2214155793190002
0.12733620405197144
0.12733620405197144
0.12733620405197144
0.12733620405197144
0.5742470622062683
0.8323121070861816
0.33231210708618164
0.33231210708618164
0.8323121070861816
0.8323121070861816
0.8323121666908264
5.838640213012695
5.838640213012695
2.0726019144058228
2.0726019144058228
0.09404654854965211
0.3083065152168274
0.09404654854965211
0.3083065152168274
0.0006440877914428711
0.0006440877914428711
0.0006440877914428711
0.0006440877914428711
0.0006440877914428711
0.0006440877914428711
0.4034969687461853
0.41377222537994385
0.44284504652023315
0.2956063747406006
0.2956063747406006
0.49508970975875854
0.49508970975875854
0.00036394596099853516
0.49508970975875854
0.036031126976013184
0.036031126976013184
0.036031126976013184
0.036031126976013184
1.184061586856842
0.3516797423362732
0.3516797423362732
0.3516797423362732
1.1840616464614868
0.35167980194091797
0.18406158685684204
1.184061586856842
0.14332187175750732
1.0640568733215332
1.0640568733215332
1.0640568733215332
0.11620312929153442
0.20871013402938843
0.20871013402938843
0.1604475975036621
0.19936561584472656
0.19936561584472656
0.20871013402938843
0.5696382522583008
0.5696382522583008
0.5696382522583008
0.874383533000946
0.874383533000946
0.874383533000946
0.874383533000946
0.12335485219955444
0.12335485219955444
0.039686620235443115
0.12335485219955444
0.12335485219955444
0.17968493700027466
0.17968493700027466
0.17968493700027466
0.17968493700027466
0.17968493700027466
0.17968493700027466
2.8203481435775757
0.25130659341812134
0.25130659341812134
0.25130659341812134
0.25130659341812134
0.25130659341812134
3.195704936981201
3.195704936981201
3.195704936981201
3.195704936981201
0.17706687802505494
0.17706687802505494
0.07786804437637329
0.2583937644958496
0.2583937644958496
0.07786804437637329
28.434574007987976
0.3179707174110413
0.3113313913345337
0.3628150224685669
0.3628150224685669
1.8313630819320679
1.8313630819320679
1.8313630819320679
1.8313630819320679
0.31748175621032715
0.8695006370544434
0.8695006370544434
0.8695006370544434
0.8695006370544434
0.8695006370544434
0.8695006370544434
0.12234300374984741
0.055473923683166504
0.10268758183288573
0.10268758183288573
0.12234300374984741
0.055473923683166504
0.12688738107681274
0.08318322896957397
2.2018579840660095
2.399178385734558
0.25536948442459106
0.3026007771492004
0.11780363321304321
0.018681108951568604
0.11780363321304321
0.11780363321304321
0.11780363321304321
0.22218329906463619
0.22218329906463619
0.22218329906463619
0.22218329906463619
0.10474222898483276
0.19456660747528076
0.19456660747528076
0.19456660747528076
0.3537609577178955
1.1751055121421814
0.3537609577178955
0.3537609577178955
0.3537609577178955
0.11750407571029664
0.19403016567230225
0.11750407571029664
0.13640987873077393
0.11750407571029664
0.11750407571029664
0.6965892314910889
0.8700405603218078
0.6965892314910889
1.2638900632095338
1.2638900632095338
0.41414920931625365
0.27512890100479126
0.09071661585998536
1.82113116979599
1.82113116979599
1.1709377521705628
0.9030906558036804
1.1709377521705628
0.31725636720657346
0.2602904438972473
1.077912986278534
1.0559293627738953
1.0559293627738953
1.0559293627738953
1.0559293627738953
1.0559293627738953
1.0559293627738953
1.0559293627738953
1.0559293627738953
0.7860823392868042
0.7860823392868042
0.7860823392868042
0.7860823392868042
0.08626043796539307
0.17893266677856445
0.22029097432327271
0.17893266677856445
0.17893266677856445
0.17893266677856445
0.2713737487792969
0.2713737487792969
0.10847312211990356
0.008252322673797607
0.10847312211990356
0.3112730538291931
0.8692768812179565
0.7133241891860962
0.8692768812179565
0.8692768812179565
0.8692768812179565
0.3351427471084595
0.44417011737823486
0.14087706804275513
0.14087706804275513
0.14087706804275513
0.14087706804275513
0.14087706804275513
0.14087706804275513
0.2307196855545044
0.2307196855545044
0.2307196855545044
0.2307196855545044
0.36698190813827514
0.9089055061340332
5.055704032821655
5.055704032821655
5.055704032821655
5.055704032821655
0.20246766453552245
0.9308806657791138
0.023049116134643555
0.023049116134643555
0.023049116134643555
0.24945604801177979
0.26297712326049805
0.26297712326049805
0.09746873378753662
0.03313809633255005
0.4459916353225708
0.22968876361846924
0.22968876361846924
0.22968876361846924
0.22968876361846924
0.5254476070404053
0.010783398151397727
1.5056310892105103
0.21400253406143188
0.791265869693756
0.5832308530807495
3.971243977546692
0.3003535866737366
0.3003535866737366
0.3003535866737366
0.23327457904815674
0.3003535866737366
2.34232896566391
2.34232896566391
2.34232896566391
2.34232896566391
0.3743540048599243
1.9110983610153198
4.926969289779663
0.8355427384376526
0.005951583385467529
0.005951583385467529
0.8355427384376526
0.005951583385467529
0.005951583385467529
0.3095420002937317
0.0489429235458374
0.3774878978729248
0.3774878978729248
0.42809760570526123
0.42809760570526123
0.42809760570526123
0.42809760570526123
0.42809760570526123
0.3391411304473877
3.9340035915374756
1.1759254092407228
0.1330081820487976
0.19056959473419188
0.43949079513549805
0.22385835647583008
0.22385835647583008
0.4399825930595398
0.4399825930595398
1.1026350259780884
1.1026350855827332
0.42055659014129637
0.42055659014129637
0.42055659014129637
0.42055659014129637
1.2078848237228395
1.2078848237228395
1.2078848237228395
1.2078848237228395
1.7547059655189514
0.6248712539672852
0.012549817562103271
0.7031943202018738
0.7031943202018738
2.02849417924881
2.02849417924881
0.1465941071510315
0.27798431515693667
0.27798431515693667
0.27798431515693667
0.27798431515693667
0.07723736763000488
0.07723736763000488
0.7657356262207031
0.03210382109451293
0.38341723680496215
0.37596189975738525
0.37596189975738525
0.38341723680496215
0.17642247676849365
0.17642247676849365
0.17642247676849365
0.17642241716384888
0.17642241716384888
0.008252322673797607
0.008252322673797607
0.4925338625907898
0.4394035339355469
0.4394035339355469
0.4394035339355469
0.4925338625907898
0.12394797801971436
0.12914623374176026
0.011231064796447754
0.12914623374176026
0.09935086965560913
0.176602303981781
0.24767510538864135
0.7995258569717407
0.09130153656005857
0.22287362813949585
0.22287362813949585
0.15068680047988892
0.0946882963180542
0.0946882963180542
0.0946882963180542
0.22287362813949585
0.008252322673797607
0.008252322673797607
0.008252322673797607
0.41260528564453125
0.08919882774353027
0.008252322673797607
0.36475270986557007
0.36475270986557007
0.03676426410675049
0.17591758095550536
0.17591758095550536
0.17591758095550536
0.17591758095550536
0.11611168384552001
0.008252322673797607
0.008252322673797607
0.039545432273864756
1.0548367500305176
0.7568633556365967
0.14734750986099243
0.8221182823181152
0.2500002980232239
0.2500002980232239
0.42258381843566895
0.42258381843566895
0.19683611392974854
0.10262787342071533
0.10262787342071533
0.1246532952232361
0.10262787342071533
0.1246532952232361
0.09718054533004761
0.44003294354248046
0.14578239565658568
1.262356162071228
0.14578239565658568
0.11315921545028684
0.11315921545028684
1.262356162071228
0.1882451057434082
0.15561632757949828
0.33101385831832886
0.1351567506790161
0.33101385831832886
0.19000506401062012
0.19000506401062012
0.14664184451103213
2.336041748523712
0.2560917139053345
0.2560917139053345
0.3619452714920044
0.3619452714920044
0.2560917139053345
0.2560917139053345
0.2560917139053345
0.19579637925148008
1.401373565196991
0.44326162338256836
0.44326162338256836
0.6067541690998077
0.13895085453987122
0.13895085453987122
0.09535068273544312
0.09535068273544312
0.32984979504776
0.32984979504776
10.04906964302063
10.04906964302063
0.009980722721099844
0.009980722721099844
0.0922120213508606
0.1722047686576843
0.1722047686576843
0.2632359266281128
0.49314069747924805
0.4913597106933594
0.06207700004196165
0.06207700004196165
0.8587126731872559
0.8587126731872559
0.07261979579925537
0.07261979579925537
0.04598575830459595
0.027542173862457275
0.027542173862457275
0.0013349210662841893
0.0013349210662841893
0.5260571241378784
0.5059424638748169
0.5059424638748169
0.1286293864250183
0.1286293864250183
0.29775339365005493
0.29775339365005493
33.66042399406433
0.07665300369262695
0.07665300369262695
0.07665300369262695
0.06751781702041626
0.06751781702041626
0.06863983029556275
0.189472496509552
0.06863983029556275
1.5239897966384888
0.577048659324646
0.577048659324646
1.5239898562431335
0.26505704278182984
0.26505704278182984
0.08552592992782593
0.24303990602493286
1.3523820042610168
0.6365274786949158
0.22478127479553223
0.22478127479553223
0.19476628303527832
0.0020915627479553
0.0020915627479553
0.19476628303527832
0.13343900442123413
0.19476628303527832
0.13343900442123413
0.36861395835876465
0.36861395835876465
0.012186884880065918
0.35895836353302
0.5276238322257996
0.5276238322257996
0.35194826126098633
0.00957423448562622
0.590455949306488
1.5310736894607544
0.00957423448562622
0.05935577994155883
0.1916215419769287
0.05935577994155883
0.14079684019088745
0.019206643104553223
0.6666545271873474
0.39974361658096313
0.6666545271873474
0.019206643104553223
0.019206643104553223
0.8280069828033447
1.465079665184021
0.3494894062919617
0.3494894062919617
0.5945393443107605
0.41738668138217927
0.336525992099762
0.41738668138217927
1.4554577469825745
0.20362098569107057
0.04451626539230347
0.20362098569107057
0.3243403434753418
0.3243403434753418
0.0060466373519897365
0.09223395586013794
0.0060466373519897365
0.0060466373519897365
0.4229162335395813
0.22565966844558716
0.019609808921813965
0.015204087440490732
0.015204087440490732
0.4244002103805542
0.015204087440490732
0.5194273591041565
0.07659024000167847
0.09396924132537843
0.09396924132537843
0.08030927181243896
0.08030927181243896
0.06618579626083376
0.06618579626083376
0.355888307094574
0.08536499738693237
0.08536499738693237
0.07932960987091064
0.07932960987091064
0.18965126628112794
0.23484736680984497
0.23484736680984497
0.18965126628112794
0.5599543452262878
0.5599543452262878
0.33318050259780885
0.20274634713363648
0.3926156759262085
0.20274634713363648
0.2649895703239441
0.20274634713363648
0.20274634713363648
0.13058765286636353
0.03654280900955198
0.03654280900955198
0.603295087814331
0.011470139026641846
0.011470198631286621
0.006787315551757822
0.3056705594062805
0.2588728070259094
0.2032279372215271
0.2032279372215271
0.314643919467926
0.314643919467926
0.27222496271133423
0.9836954474449158
0.9836954474449158
2.3748087882995605
2.331873655319214
2.331873655319214
0.476062536239624
0.37480878829956055
0.296536386013031
1.022171676158905
1.022171676158905
0.08584034442901611
0.4045311212539673
0.1900346875190735
0.1900346875190735
0.1900346875190735
0.1900346875190735
0.1900346875190735
0.10493624210357666
0.1309526562690735
0.11979074830245973
0.11979074830245973
0.013863086700439453
0.11959107274246217
0.3424878716468811
0.11959107274246217
0.002070784568786621
0.04946631193161011
0.04868650436401367
0.39003199338912964
0.39003199338912964
0.04868650436401367
0.2533143162727356
0.2533143162727356
0.2533143162727356
0.2533143162727356
0.11936391913223265
0.03253263188743594
0.5427569150924683
0.14720948934555056
0.03253263188743594
0.11936391913223265
0.33054637908935547
0.33054637908935547
0.24765139818191528
0.24765139818191528
0.2018631398677826
0.2018631398677826
0.116797411441803
0.116797411441803
0.005527778919219961
0.17439264059066772
0.22784191370010376
0.7069812064933776
0.7069812064933776
0.5838202834129333
0.3728400468826294
0.5838202834129333
1.7143819332122803
0.21550604701042175
0.3542520558280945
0.21550604701042175
0.002812907640457163
0.6012461185455322
0.1589001857242584
0.14994871616363525
0.14976543188095093
0.06161789542007445
0.06161789542007445
0.1589001857242584
0.16706477403640746
0.09579308629035949
0.04691682810020448
0.09579308629035949
0.25832602977752683
0.5957291722297668
0.31808483600616455
0.045365333557128906
0.5957291722297668
0.15427082777023315
0.15427082777023315
0.045365333557128906
0.05615468621253966
0.025400713626861582
0.05615468621253966
0.030429572227478024
0.030429572227478024
0.04716412668991088
0.2679979212341309
0.44183453917503357
0.033660038764953604
0.27499288392639165
0.2105894684791565
0.049659907817840576
0.049659907817840576
0.049659907817840576
0.04204511642456055
0.04204511642456055
0.04204511642456055
0.04204511642456055
0.04260982627105714
0.4627061016540527
0.4326419055461883
0.2146751582622528
0.3071920335292816
0.5606132591323852
0.4627061016540527
0.34563905000686646
0.4326419055461883
0.2342227578163147
0.22403740882873535
0.2342227578163147
0.22403740882873535
0.12552650326919557
0.10705267190933226
0.39215022325515747
0.10705267190933226
0.39215022325515747
0.1630798578262329
0.09220311641693113
0.0922031760215759
0.3861127495765686
0.3601067066192627
0.08160256147384642
0.22869819402694702
0.08160256147384642
0.3861127495765686
0.22869819402694702
0.061614274978637695
0.08561277389526367
0.12401425838470459
0.32281742095947263
0.007182389034271264
0.46452611684799194
0.007182389034271264
0.15003938903427122
0.17455156201553346
0.2178393006324768
0.15003938903427122
0.28028167838287354
0.28234243392944336
0.14039082879257203
0.03234243392944336
0.11055959815216065
0.03234243392944336
0.28234243392944336
0.04808035539245603
0.7529504895210266
2.0675731897354126
0.43949079513549805
0.7529504895210266
0.9375893121528625
0.9375892525482177
1.4093903303146362
1.409390389919281
0.4555668234825134
0.32728431224822996
0.46377623081207275
0.3119636632003784
0.3119636632003784
0.4555668234825134
0.2829362904472351
0.32728431224822996
0.06431984901428223
0.20953726768493652
0.20953726768493652
0.021897554397583008
0.5598030090332031
0.08654212951660156
0.06577527523040771
0.08654212951660156
0.4894450902938843
0.12579740637969972
0.3083715200424194
0.3083715200424194
0.7985911017227172
0.45932698249816895
0.12210696935653687
0.09931927919387817
0.12210696935653687
0.1415145242767334
0.056906148250579824
0.056906148250579824
1.040891408920288
0.016072750091552734
0.016072750091552734
0.016072750091552734
0.016072750091552734
0.22720624560546876
0.012163639068603516
0.22720624560546876
0.07976742142868043
0.06200190782546999
0.19102853536605835
0.06200190782546999
0.19102853536605835
0.11723393201828003
0.1904235040588379
0.11723393201828003
0.19309961795806885
0.1740752912559509
0.14394932985305786
0.1740752912559509
0.3288593888282776
0.07865102643203736
0.2289884567260742
0.07865102643203736
0.40115177631378174
0.40115177631378174
0.42986923456192017
0.20489700192642213
0.20489700192642213
0.42053455114364624
0.909605860710144
0.09039413928985596
0.909605860710144
0.09039425849914551
0.5051184296607971
0.5051184296607971
0.9663190841674805
0.6127773523330688
0.27944435233306886
0.6805909872055054
0.6127773523330688
0.03225642442703247
0.15981507301330566
0.27944435233306886
0.06707626581192017
0.06707626581192017
0.151872456073761
0.10205197334289551
0.07422012090682983
0.07119995355606079
0.07422012090682983
0.32422012090682983
0.32422012090682983
0.14776957035064697
0.2645866870880127
0.2645866870880127
4.039776563644409
3.039776563644409
3.039776563644409
4.039776563644409
0.08275902271270752
0.08275902271270752
0.05299158340263366
0.05299158340263366
0.12913401424884796
0.12913399934768677
0.3314493656158447
0.5374029278755188
0.004134014248847961
0.004134014248847961
0.10636996030807494
0.10636996030807494
0.10636996030807494
0.10636996030807494
0.2645866870880127
0.14776957035064697
0.2645866870880127
0.20426785945892334
0.2875653659744263
0.14776957035064697
0.2875653659744263
0.12156393527984621
0.12156393527984621
0.19526268595886231
0.22179503792953492
0.12156393527984621
0.12156393527984621
0.14868861436843872
0.14868861436843872
0.025754555519103994
0.21093183755874634
0.12767608761787413
0.12767608761787413
0.025754555519103994
0.25561821460723877
0.8851882219314575
0.25555408000946045
0.8851883411407471
0.8851883411407471
0.8851882219314575
1.048814594745636
0.5507485712127685
0.7036527395248413
0.7036527395248413
0.5507485712127685
0.5901608169078827
0.5964872241020203
0.5964872241020203
0.5964872241020203
0.5964872241020203
0.6503403186798096
0.17910408973693848
0.07710963487625122
0.17910408973693848
0.09718523850059507
0.13260680437088013
0.36475270986557007
0.6686142385005951
0.6393274664878845
0.08970922231674194
0.25471280569267274
0.008252322673797607
0.09718523850059507
0.6686142385005951
0.7300463914871216
0.7300463914871216
0.5920910393638611
0.023842573165893555
0.11565296297836303
0.13796013593673706
0.11565296297836303
0.11565296297836303
0.11565296297836303
0.11565296297836303
0.1543562412261963
0.1543562412261963
0.09564375877380371
0.09564375877380371
0.08949500322341919
0.09564375877380371
0.01421666145324707
0.4642726182937622
0.6359668374061584
0.4642726182937622
0.5605107545852661
0.3209883630275726
0.3209883630275726
0.20103134268951417
0.20103134268951417
0.8676943426895141
0.16309547424316406
0.8676943426895141
0.14252036809921265
0.22750604152679443
0.22750604152679443
0.22750604152679443
0.19852470159530639
0.19852470159530639
0.17781031131744385
0.6992406845092773
0.22045941704940797
0.22045941704940797
0.22045941704940797
0.17781031131744385
0.47806571722030644
0.47806571722030644
0.5159804821014404
0.47806571722030644
0.47806571722030644
0.7431479692459106
0.22185230255126953
0.22185230255126953
0.006061458587646507
0.02814769744873047
0.006061458587646507
0.6207520609664916
0.6207520609664916
0.04591093903350829
0.04591093903350829
0.11742919683456421
0.11742919683456421
0.11742919683456421
0.21938401460647583
0.21938401460647583
0.03061598539352417
0.03061598539352417
0.03061598539352417
0.10824936628341675
0.10824936628341675
0.12820942753982545
0.12820942753982545
0.12820942753982545
0.10066142678260803
0.10066145658493042
0.2170153260231018
0.07567539215087893
0.07567539215087893
0.07138574123382568
0.07138574123382568
0.17861425876617432
0.006044268608093262
0.17861425876617432
0.07138574123382568
0.01329195499420166
0.060435950756073
0.060435950756073
0.053819254581451426
0.08246409893035889
0.053819254581451426
0.027154529094696067
0.007237747852325449
0.007237747852325449
0.027154529094696067
0.23465830087661743
0.35363346338272095
0.35363346338272095
0.35363346338272095
0.35363346338272095
0.35363346338272095
0.16881167888641357
0.6158460974693298
0.6158460974693298
0.25127495879364015
0.25127495879364015
0.17044812440872192
0.37320321798324585
0.29518479108810425
0.37320321798324585
0.12053097730445861
0.112598717212677
0.12053097730445861
0.19709736108779907
0.12282669544219971
0.12282669544219971
0.12282669544219971
0.19709736108779907
0.055353418533325205
0.055353418533325205
0.13894617557525635
0.5628520250320435
0.13894617557525635
0.4733731150627136
0.45951111668777467
0.45951111668777467
0.4733731150627136
0.45951111668777467
0.4733731150627136
0.30273461937904356
0.44030410051345825
0.30273461937904356
0.3946852684020996
0.3946852684020996
0.41947293281555176
0.41947293281555176
0.18373513221740723
0.10820605754852297
0.20736515522003174
0.10820605754852297
0.18373513221740723
0.1494465470314026
0.1747404932975769
0.1747404932975769
0.19669830799102783
0.3024313008232117
0.3024313008232117
0.37490469217300415
0.37490469217300415
0.37490469217300415
0.10209757089614868
0.10209757089614868
0.272029206697464
0.5012414455413818
0.272029206697464
0.5012414455413818
0.05335942506790159
0.2533594250679016
0.2533594250679016
0.586184024810791
0.3203103542327881
