0.2877647876739502
0.2877647876739502
0.7877647876739502
3.1003326177597046
3.1003326177597046
3.1003326177597046
3.1003326177597046
0.2669996177597046
0.06633438224029542
0.06633438224029542
0.06633438224029542
0.06633438224029542
0.16470235586166382
0.06633438224029542
0.06633438224029542
0.29600924253463745
0.02066582441329956
0.29600924253463745
0.1029503345489502
1.2100210785865784
1.2100210785865784
2.8159793615341187
2.8159793615341187
0.2669996177597046
0.2669996177597046
0.2669996177597046
0.2669996177597046
0.1496673822402954
0.1496673822402954
0.2568103822402954
0.2568103822402954
0.22559964656829834
1.9336626177597047
1.9336626177597047
1.9336626177597047
1.9336626177597047
0.2669996177597046
0.2669996177597046
0.10033261775970459
0.10033261775970459
0.09392005205154419
0.40033261775970463
2.5039275884628296
0.4860302209854126
2.5039275884628296
0.40033261775970463
0.02466738224029541
0.02890361775970457
0.02890361775970457
0.02466738224029541
0.8503326177597046
0.05487761775970457
0.05487761775970457
0.8503326177597046
0.09680473804473877
0.09680473804473877
0.1496673822402954
0.1496673822402954
0.22171934003067018
0.22171934003067018
0.372533917427063
0.00033261775970461205
0.372533917427063
0.00033261775970461205
0.372533917427063
0.372533917427063
1.1306580901145935
0.034317731857299805
0.034317731857299805
0.034317731857299805
0.08858335018157959
1.2253326177597046
1.2253326177597046
0.7821526177597047
0.7821526177597047
0.24648112058639526
0.24648112058639526
0.13843262195587158
0.23038405179977417
0.23038405179977417
0.2330003822402954
0.2330003822402954
0.1996673822402954
0.1996673822402954
10.72387981414795
10.72387981414795
10.72387981414795
10.72387981414795
0.3159934878349304
0.3159934878349304
0.00033261775970461205
0.00033261775970461205
0.00033261775970461205
0.00033261775970461205
0.6003326177597046
0.3370041251182556
0.6003326177597046
0.6003326177597046
0.6003326177597046
0.34972190856933594
0.34972190856933594
0.20504377728271483
0.20504377728271483
1.3146226177597047
1.3146226177597047
1.3146226177597047
1.3146226177597047
0.4878962790412903
0.4878962790412903
0.03375852108001709
0.11306118965148926
0.03375852108001709
0.1429291809158325
0.1429291809158325
0.11869704723358154
0.016003847122192383
0.11869704723358154
0.09966738224029542
0.09966738224029542
0.06633438224029542
0.011679410934448242
0.06633438224029542
0.0785754919052124
0.0785754919052124
0.1688983822402954
0.1853813822402954
0.1853813822402954
0.1688983822402954
0.3503326177597046
0.32830244302749634
0.32830244302749634
0.3503326177597046
0.0459134578704834
0.0459134578704834
1.0210188627243042
1.0210188627243042
1.0210188627243042
0.0459134578704834
0.0459134578704834
1.0210188627243042
0.9706721305847168
0.6003326177597046
2.4003326177597044
2.4003326177597044
2.4003326177597044
2.4003326177597044
0.008189797401428223
0.22125983238220215
0.5639545619487762
0.5639545619487762
0.5639545619487762
0.5639545619487762
0.06635880470275879
0.06635880470275879
0.06635880470275879
0.06635880470275879
0.8009339570999146
1.6003326177597046
1.6003326177597046
1.6003326177597046
1.6003326177597046
0.31461861775970457
0.15588861775970464
0.15588861775970464
0.31461861775970457
0.6003326177597046
0.11802172660827637
0.11802172660827637
0.11802172660827637
0.11802172660827637
0.29966738224029543
0.29966738224029543
0.29966738224029543
0.29966738224029543
0.1119573712348938
0.02890361775970457
0.02890361775970457
0.2669996177597046
0.2669996177597046
0.4626420736312866
0.22676432132720947
0.03842449188232422
0.9615755081176758
0.05905681848526001
0.05905681848526001
0.6003326177597046
0.6003326177597046
0.06318986415863037
0.06318986415863037
0.10033261775970459
0.20033261775970457
0.061870617759704594
0.20033261775970457
1.0190677642822266
0.061870617759704594
0.23979675769805908
0.23979675769805908
0.23979675769805908
0.23979675769805908
0.06633438224029542
0.06633438224029542
0.865943193435669
0.865943193435669
0.865943193435669
0.865943193435669
0.06633438224029542
0.09966738224029542
0.06633438224029542
0.44129157066345215
0.09966738224029542
0.40033261775970463
0.40033261775970463
0.40033261775970463
0.40033261775970463
0.059311866760253906
0.059311866760253906
0.059311866760253906
0.059311866760253906
0.059311866760253906
1.0003326177597045
0.4753326177597046
1.0003326177597045
0.4753326177597046
0.061002254486083984
1.0989511013031006
1.0989511013031006
0.14988493919372559
0.061002254486083984
0.40033261775970463
0.14988493919372559
0.9753326177597046
1.0989511013031006
0.3860466177597046
1.0989511013031006
0.9753326177597046
0.14988493919372559
0.061002254486083984
0.3860466177597046
0.05217564105987549
0.05217564105987549
0.05217564105987549
0.17310333251953125
0.17310333251953125
0.3503326177597046
0.02890361775970457
0.02890361775970457
0.3503326177597046
0.3503326177597046
0.9597188234329224
0.1788463592529297
0.1788463592529297
0.3503326177597046
0.3503326177597046
2.0373124480247498
0.25853713806152334
1.1543226838111877
0.9161701202392578
0.4421641230583191
0.4421641230583191
0.3503326177597046
0.3503326177597046
0.33300068224029544
0.33300068224029544
0.33300068224029544
0.33300068224029544
0.6003326177597046
0.2389059066772461
0.2389059066772461
0.2389059066772461
0.2389059066772461
0.25491721982192994
0.16209810972213745
0.25491721982192994
0.25491721982192994
0.25491721982192994
0.027039289474487305
0.7354071140289307
0.7354071140289307
0.7354071140289307
0.7354071140289307
0.00033261775970461205
0.00033261775970461205
0.06633438224029542
0.00033261775970461205
0.00033261775970461205
0.25333261489868164
0.21461611986160278
0.21461611986160278
0.6214349269866943
0.6214349269866943
0.06633438224029542
0.11301612854003906
0.06633438224029542
0.795729398727417
1.9329237937927246
1.9329237937927246
1.9329237937927246
1.9329237937927246
1.9329237937927246
1.9329237937927246
0.13976061344146729
0.30785489082336426
0.13976061344146729
0.30785489082336426
0.30785489082336426
0.13976061344146729
0.30785489082336426
0.2669996177597046
0.2669996177597046
0.2669996177597046
0.2669996177597046
0.3634336590766907
0.4515443444252014
0.895568311214447
0.0063397884368896484
0.895568311214447
0.4515443444252014
0.7117984294891357
0.9596607839508057
0.9596607839508057
0.7117984294891357
0.9596607839508057
0.11653482913970947
0.9558285474777222
0.27534252405166626
0.025269269943237305
0.025269269943237305
0.025269269943237305
0.025269269943237305
0.025269269943237305
0.02054893970489502
0.02054893970489502
0.7343614101409912
0.7343614101409912
2.9753326177597046
2.9753326177597046
2.9753326177597046
2.9753326177597046
0.01982569694519043
0.01982569694519043
0.2017115354537964
2.1787237524986267
2.1787237524986267
0.4440649747848511
0.7437433004379272
0.4440649747848511
0.06633438224029542
0.31508612632751465
0.244171142578125
0.244171142578125
0.06633438224029542
0.0123443603515625
0.0123443603515625
0.024356842041015625
0.0123443603515625
0.0123443603515625
0.2669996177597046
0.7649493217468262
0.7649493217468262
0.11439394950866699
0.11439394950866699
0.23505067825317383
0.7649493217468262
0.6003326177597046
0.6003326177597046
0.20033261775970457
0.20033261775970457
0.005761265754699707
0.26344478130340576
0.2735887324256897
0.26344478130340576
1.0151073336601257
0.26344478130340576
0.26344478130340576
0.2735887324256897
0.26344478130340576
0.042656779289245605
0.31414490938186646
1.028564453125
0.004898548126220703
1.028564453125
1.028564453125
0.2801477313041687
0.2801477313041687
0.07200741767883301
0.10529077053070068
0.10529077053070068
0.9031409025192261
0.6003326177597046
1.7899633646011353
0.6003326177597046
0.6515750288963318
0.6393126845359802
0.9031409025192261
0.30033261775970455
0.30033261775970455
0.30033261775970455
0.30033261775970455
0.2716107964515686
0.2716107964515686
0.2716107964515686
0.2716107964515686
0.20705795288085938
0.20705795288085938
0.20705795288085938
0.20705795288085938
0.20705795288085938
0.2330003822402954
0.1496673822402954
0.1996673822402954
0.1996673822402954
0.2330003822402954
0.3503326177597046
0.3503326177597046
0.6003326177597046
0.6003326177597046
1.0003326177597045
1.0003326177597045
0.4753326177597046
0.4753326177597046
0.4753326177597046
0.4753326177597046
0.6003326177597046
0.6003326177597046
0.6003326177597046
0.6003326177597046
0.7632021903991699
0.2014644742012024
0.12161129713058472
1.351780975418091
0.39157851989746084
1.351780975418091
1.0003326177597045
1.0003326177597045
0.013278305530548096
0.013278305530548096
0.013278305530548096
0.28086352348327637
0.16514062881469727
0.28086352348327637
0.28086352348327637
0.28086352348327637
0.041441142559051514
0.041441142559051514
0.2838711738586426
0.19108664989471436
0.283871054649353
0.041441142559051514
0.2669996177597046
0.2669996177597046
0.2669996177597046
0.2669996177597046
1.6003326177597046
0.1996673822402954
0.1996673822402954
0.1496673822402954
0.1996673822402954
0.1996673822402954
0.00033261775970461205
0.00033261775970461205
0.00033261775970461205
0.00033261775970461205
0.8503326177597046
1.594926118850708
1.594926118850708
0.6003326177597046
0.3503326177597046
0.6003326177597046
0.20033261775970457
0.20033261775970457
0.6003326177597046
0.10033261775970459
0.10033261775970459
0.10033261775970459
0.10033261775970459
0.10033261775970459
0.2840774655342102
0.2840774655342102
0.284077525138855
0.284077525138855
8.875187158584595
8.875187158584595
8.875187158584595
8.875187158584595
11.870838046073914
0.10033261775970459
0.10033261775970459
0.3503326177597046
0.3503326177597046
0.6003326177597046
0.6003326177597046
0.20033261775970457
2.1003326177597046
2.1003326177597046
2.1003326177597046
2.1003326177597046
0.2913639545440674
0.2913639545440674
0.2913639545440674
0.2913639545440674
0.7196529507637024
0.3503326177597046
1.5018938183784485
1.5018938183784485
1.5018938183784485
1.5018938183784485
0.5378326177597046
1.1003326177597046
2.1959636211395264
1.16266930103302
1.1003326177597046
1.1003326177597046
1.1003326177597046
1.16266930103302
2.0026143193244934
0.20033261775970457
0.02890361775970457
0.06633438224029542
0.02890361775970457
0.20033261775970457
0.20033261775970457
0.10033261775970459
0.04622292518615723
0.04622292518615723
0.04622292518615723
0.04622292518615723
0.6003326177597046
0.6003326177597046
0.5207641124725342
0.5207641124725342
0.40033261775970463
0.40033261775970463
0.40033261775970463
0.40033261775970463
0.032298505306243896
0.032298505306243896
0.032298505306243896
0.032298505306243896
0.032298505306243896
0.31461861775970457
0.40033261775970463
0.31461861775970457
0.31461861775970457
0.31461861775970457
0.40033261775970463
0.056039273738861084
0.056039273738861084
0.056039273738861084
0.056039273738861084
0.056039273738861084
0.2669996177597046
0.02890361775970457
0.0624842643737793
0.0624842643737793
0.0624842643737793
0.0624842643737793
0.0624842643737793
0.31461861775970457
0.31461861775970457
0.4336656177597046
0.4336656177597046
0.4336656177597046
0.2669996177597046
0.38138115406036377
0.7040708065032959
0.7040708065032959
1.1483585834503174
1.1483585834503174
0.1467503309249878
0.15500861406326294
0.15430891513824463
0.8859792947769165
0.8859792947769165
0.8859792947769165
0.885979175567627
0.06633438224029542
0.36444443464279175
0.37121713161468506
0.20033261775970457
0.2575458288192749
0.20033261775970457
0.2575458288192749
0.37840861082077026
0.37840861082077026
0.37840861082077026
0.37840861082077026
0.37840861082077026
0.37840861082077026
0.06633438224029542
0.10033261775970459
0.10033261775970459
0.10033261775970459
0.10033261775970459
0.363292932510376
0.363292932510376
0.363292932510376
0.363292932510376
1.9607083797454834
1.9607083797454834
1.9607083797454834
1.9607083797454834
0.3503326177597046
0.12215489149093628
0.12215489149093628
0.12215489149093628
0.12215489149093628
0.2669996177597046
0.2669996177597046
0.2669996177597046
0.2669996177597046
0.2669996177597046
0.04020118713378906
0.04020118713378906
1.9664111137390137
1.9664111137390137
0.02903115749359131
0.02903115749359131
0.46412432193756104
0.04975157976150513
0.46412432193756104
0.04975157976150513
0.09320205450057983
0.09320205450057983
0.09320205450057983
0.09320205450057983
0.2669996177597046
0.2669996177597046
0.2669996177597046
0.2669996177597046
0.31772661209106445
0.2669996177597046
0.2669996177597046
0.12850302457809448
0.12850302457809448
0.12850302457809448
0.12850302457809448
0.12850302457809448
0.40033261775970463
0.7662581449317931
0.2896575927734375
0.40033261775970463
0.7662596946525573
0.10033261775970459
0.00033261775970461205
0.10033261775970459
0.00033261775970461205
0.07085013389587402
2.026230216026306
2.026230216026306
0.10484480857849121
0.10484480857849121
0.2669996177597046
0.2669996177597046
0.2669996177597046
0.2669996177597046
0.2669996177597046
1.0552165508270264
0.042059898376464844
0.042059898376464844
0.042059898376464844
4.094382345676422
0.2944532632827759
0.8014085292816162
0.8014085292816162
0.8014085292816162
0.8014085292816162
0.8014085292816162
0.19820868968963623
0.44648661775970455
0.44648661775970455
0.04942286014556885
0.44648661775970455
0.44648661775970455
0.0551600456237793
0.0551600456237793
0.0551600456237793
0.0551600456237793
0.0551600456237793
0.0551600456237793
0.0551600456237793
0.009790301322937012
0.009790301322937012
0.009790301322937012
0.009790301322937012
0.5758076012134552
0.5758076012134552
0.5758076012134552
0.5758076012134552
2.3276026177597045
2.3276026177597045
2.3276026177597045
2.3276026177597045
1.6744575500488281
0.6744575500488281
0.7228556871414185
1.6744575500488281
0.7228556871414185
0.07228469848632812
0.07228469848632812
0.07228469848632812
0.07228469848632812
0.3762946128845215
0.0012347102165222168
0.0012347102165222168
0.0012347698211669922
0.0012347698211669922
0.0012347698211669922
1.0229251384735107
0.5266293287277222
1.3503326177597046
1.3503326177597046
1.3503326177597046
1.3503326177597046
0.2669996177597046
0.6003326177597046
0.2669996177597046
0.6003326177597046
0.08803731203079224
0.08261698484420776
2.92366886138916
1.6003326177597046
2.92366886138916
1.6003326177597046
0.022537648677825928
0.27794528007507324
0.2669996177597046
0.27794528007507324
0.12087678909301758
0.2669996177597046
0.16453105211257935
0.24809706211090088
0.247391939163208
0.10033261775970459
0.247391939163208
0.06244552135467529
0.10033261775970459
1.023940086364746
1.023940086364746
1.023940086364746
1.023940086364746
0.08994114398956299
0.08994114398956299
0.08994114398956299
0.08994114398956299
0.08994114398956299
0.9336626177597045
0.9336626177597045
0.9336626177597045
0.9336626177597045
0.956418514251709
0.956418514251709
0.956418514251709
0.956418514251709
1.5517654418945312
0.07151210308074951
0.10033261775970459
1.5517654418945312
0.10033261775970459
0.12180763483047485
0.12180763483047485
1.9807348251342773
0.10913074016571045
0.10913074016571045
0.10913074016571045
0.05728006362915039
2.939868688583374
2.939868927001953
2.939868927001953
2.939868688583374
0.6003326177597046
0.6003326177597046
0.6003326177597046
0.6003326177597046
0.06349515914916992
0.06349515914916992
0.0656583309173584
0.10033261775970459
0.10033261775970459
0.10033261775970459
0.10033261775970459
0.22367656230926514
0.22367656230926514
0.01555776596069336
0.22367656230926514
0.22367656230926514
0.22367656230926514
3.948750138282776
0.570298433303833
3.948750138282776
0.570298433303833
0.24081581830978394
0.24081581830978394
0.24081581830978394
0.01662266254425049
0.01662266254425049
0.24081581830978394
0.01662266254425049
0.2825148105621338
0.28251469135284424
0.28251469135284424
0.19749140739440918
0.19749140739440918
0.3163340822402954
0.3227442822402954
0.3163340822402954
0.3227442822402954
1.8665921688079834
0.8503326177597046
0.8503326177597046
0.8503326177597046
0.8503326177597046
0.8004050254821777
0.8004050254821777
1.1490302085876465
1.1490302085876465
1.4185126177597045
1.4185126177597045
1.4185126177597045
1.4185126177597045
1.6003326177597046
0.10033261775970459
0.10033261775970459
0.10033261775970459
0.10033261775970459
0.004755616188049316
0.65537029504776
0.15537029504776
0.15537029504776
0.65537029504776
0.65537029504776
0.6553704738616943
6.7354490756988525
6.735449552536011
0.7888896465301514
0.7888896465301514
0.2669996177597046
0.6003326177597046
0.2669996177597046
0.6003326177597046
0.006098031997680664
0.006098031997680664
0.006098031997680664
0.006098031997680664
0.006098031997680664
0.006098031997680664
0.1996673822402954
0.05719709396362305
0.3420400023460388
0.09285712242126465
0.09285712242126465
0.10033261775970459
0.10033261775970459
0.00980520248413086
0.10033261775970459
0.05075633525848389
0.05075633525848389
0.05075633525848389
0.05075633525848389
1.1031606197357178
0.4789625406265259
0.4789625406265259
0.4789625406265259
1.1031606197357178
0.47896260023117065
0.10316061973571777
1.1031606197357178
0.0051441192626953125
0.03893923759460449
0.03893923759460449
0.03893923759460449
0.04500150680541992
0.08643108606338501
0.08643108606338501
0.6003326177597046
0.10033261775970459
0.10033261775970459
0.08643108606338501
0.17833077907562256
0.17833077907562256
0.17833077907562256
1.0003326177597045
1.0003326177597045
1.0003326177597045
1.0003326177597045
0.01954960823059082
0.01954960823059082
0.11287689208984375
0.01954960823059082
0.01954960823059082
0.13189268112182617
0.13189268112182617
0.13189268112182617
0.13189268112182617
0.13189268112182617
0.13189268112182617
2.975480079650879
0.22166085243225098
0.22166085243225098
0.22166085243225098
0.22166085243225098
0.22166085243225098
3.086308002471924
3.086308002471924
3.086308002471924
3.086308002471924
0.2669996177597046
0.2669996177597046
0.10033261775970459
0.6003326177597046
0.6003326177597046
0.10033261775970459
29.114499151706696
0.6348126177597047
0.28540563583374023
0.35913336277008057
0.35913336277008057
2.1743228435516357
2.1743228435516357
2.1743228435516357
2.1743228435516357
0.06183499097824097
1.2580510377883911
1.2580510377883911
1.2580510377883911
1.2580510377883911
1.2580510377883911
1.2580510377883911
0.2738689184188843
0.006258249282836914
0.2669996177597046
0.2669996177597046
0.27386897802352905
0.006258249282836914
0.10033261775970459
0.20929759740829468
1.9790347814559937
1.9601563215255737
0.07544946670532227
0.20033261775970457
0.056156158447265625
0.05693674087524414
0.056156158447265625
0.056156158447265625
0.056156158447265625
0.30033261775970455
0.30033261775970455
0.30033261775970455
0.30033261775970455
0.18551510572433472
0.10033261775970459
0.10033261775970459
0.10033261775970459
0.37338197231292725
1.0800806283950806
0.37338197231292725
0.37338197231292725
0.37338197231292725
0.2669996177597046
0.20245957374572754
0.2669996177597046
0.141421377658844
0.2669996177597046
0.2669996177597046
0.6003326177597046
0.7477903610038756
0.6003326177597046
1.2670026177597047
1.2670026177597047
0.4336656177597046
0.04280567169189453
0.3758868133468628
1.7264792919158936
1.7264792919158936
1.2670026177597047
0.742721438407898
1.2670026177597047
0.20033261775970457
0.05523979663848877
0.9578378200531006
1.1310522556304932
1.1310522556304932
1.1310522556304932
1.1310522556304932
1.1310522556304932
1.1310522556304932
1.1310522556304932
1.1310522556304932
0.8003326177597045
0.8003326177597045
0.8003326177597045
0.8003326177597045
0.05960690975189209
0.1496673822402954
0.06633438224029542
0.1496673822402954
0.1496673822402954
0.1496673822402954
0.17699599266052246
0.17699599266052246
0.14969050884246826
0.1686946153640747
0.14969050884246826
0.06633438224029542
1.0896704196929932
1.0906981229782104
1.0896704196929932
1.0896704196929932
1.0896704196929932
0.2669996177597046
0.23490703105926514
0.13132739067077637
0.13132739067077637
0.13132739067077637
0.13132739067077637
0.13132739067077637
0.13132739067077637
0.01735663414001465
0.01735663414001465
0.01735663414001465
0.01735663414001465
0.2330003822402954
0.284443736076355
4.532735979003906
4.532735979003906
4.5327356213760375
4.5327356213760375
0.2330003822402954
0.2561783790588379
0.08696353435516357
0.08696353435516357
0.08696353435516357
0.005905270576477051
0.10766279697418213
0.10766279697418213
0.05480086803436279
0.1496673822402954
0.0030312538146972656
0.1496673822402954
0.1496673822402954
0.1496673822402954
0.1496673822402954
0.1765381097793579
0.20033261775970457
1.6003326177597046
0.1643733822402954
0.9336626177597045
0.6003326177597046
4.054515898227692
0.4798811078071594
0.4798811078071594
0.4798811078071594
0.14080357551574707
0.4798811078071594
2.3989076018333435
2.3989076018333435
2.3989076018333435
2.3989076018333435
0.6003326177597046
2.0534114837646484
5.155284523963928
0.8291391730308533
0.10033261775970459
0.10033261775970459
0.8291391730308533
0.10033261775970459
0.10033261775970459
0.03093963861465454
0.10033261775970459
0.03391063213348389
0.03391063213348389
0.01150655746459961
0.01150655746459961
0.01150655746459961
0.01150655746459961
0.01150655746459961
0.13932597637176514
3.166027307510376
0.7911966199111939
0.03799843788146973
0.2568103822402954
0.07366544008255005
0.02628183364868164
0.02628183364868164
0.12928307056427002
0.12928307056427002
1.0354433059692383
1.0354432463645935
0.2885563822402954
0.2885563822402954
0.2885563822402954
0.2885563822402954
1.2670026177597047
1.2670026177597047
1.2670026177597047
1.2670026177597047
1.8503326177597046
0.6003326177597046
0.7818760871887207
1.1003326177597046
1.1003326177597046
1.960898995399475
1.960898995399475
0.0029615163803100586
0.00033261775970461205
0.00033261775970461205
0.00033261775970461205
0.00033261775970461205
0.8590080738067627
0.8590080738067627
1.128595232963562
0.06633438224029542
0.1996673822402954
0.15438324213027954
0.15438324213027954
0.1996673822402954
0.0622105598449707
0.0622105598449707
0.0622105598449707
0.062210679054260254
0.062210679054260254
0.052523016929626465
0.052523016929626465
0.10375136137008667
0.06734144687652588
0.06734144687652588
0.06734144687652588
0.10375136137008667
0.10014963150024414
0.06633438224029542
0.1315414309501648
0.06633438224029542
0.05202072858810425
0.11280882358551025
0.2330003822402954
0.6548762321472168
0.00033261775970461205
0.028375208377838135
0.028375208377838135
0.08672332763671875
0.07886433601379395
0.07886433601379395
0.07886433601379395
0.028375208377838135
0.09936642646789551
0.09936642646789551
0.09936642646789551
0.4546881914138794
0.1496673822402954
0.10800433158874512
0.32535886764526367
0.32535886764526367
0.10922479629516602
0.2568103822402954
0.2568103822402954
0.2568103822402954
0.2568103822402954
0.1996673822402954
0.051825523376464844
0.051825523376464844
0.2655655300064087
0.9742822647094727
1.1414921283721924
0.010099172592163086
0.9771779775619507
0.021250367164611816
0.021250367164611816
0.10148277878761292
0.10148277878761292
0.10033261775970459
0.09859418869018555
0.09859418869018555
0.09129746312332154
0.05971282720565796
0.09129746312332154
0.03340601921081543
0.2330003822402954
0.2669996177597046
0.3996673822402954
0.2669996177597046
0.00033261775970461205
0.00033261775970461205
0.3996673822402954
0.1996673822402954
0.038096383754730234
0.21536123752593994
0.10893106460571289
0.21536123752593994
0.058231234550476074
0.058231234550476074
0.00033261775970461205
2.062511444091797
0.023933053016662598
0.023933053016662598
0.05236244201660156
0.05236244201660156
0.023933053016662598
0.023933053016662598
0.023933053016662598
0.05487761775970457
0.9789911508560181
0.7115793228149414
0.7115793228149414
0.4574756177597046
0.1496673822402954
0.1496673822402954
0.5237476825714111
0.5237476825714111
0.06633438224029542
0.06633438224029542
10.977680206298828
10.977680206298828
0.06633438224029542
0.06633438224029542
0.20217478275299072
0.00033261775970461205
0.00033261775970461205
0.36722850799560547
0.9847714900970459
0.023426949977874756
0.02890361775970457
0.02890361775970457
0.7744102478027344
0.7744102478027344
0.023898839950561523
0.023898839950561523
0.02952253818511963
0.03849232196807861
0.03849232196807861
0.3254163419647217
0.3254163419647217
0.10033261775970459
0.6003326177597046
0.6003326177597046
0.1575617790222168
0.1575617790222168
0.1299319863319397
0.1299319863319397
34.94476938247681
0.09152698516845703
0.09152698516845703
0.09152698516845703
0.03801834583282471
0.03801834583282471
0.2669996177597046
0.0420304536819458
0.2669996177597046
1.1041572093963623
0.264995813369751
0.264995813369751
1.1041572093963623
0.2669996177597046
0.2669996177597046
0.6003326177597046
0.19465041160583496
1.0196169018745422
0.6003326177597046
0.2746673822402954
0.2746673822402954
0.1496673822402954
0.00033261775970461205
0.00033261775970461205
0.1496673822402954
0.23352766036987305
0.1496673822402954
0.23352766036987305
0.1783626675605774
0.1783626675605774
0.16452229022979736
0.22349059581756592
0.6003326177597046
0.6003326177597046
0.22785139083862305
0.1496673822402954
0.47252559661865234
0.5740921497344971
0.1496673822402954
0.06633438224029542
0.10033261775970459
0.06633438224029542
0.009505271911621094
0.1894385814666748
0.8639706373214722
0.06479251384735107
0.8639706373214722
0.1894385814666748
0.1894385814666748
0.7962567806243896
1.0104061365127563
0.2669996177597046
0.2669996177597046
0.007868587970733643
0.2669996177597046
0.2669996177597046
0.2669996177597046
1.057163119316101
0.2669996177597046
0.10033261775970459
0.2669996177597046
0.13535642623901367
0.13535642623901367
0.06633438224029542
0.07547661662101746
0.06633438224029542
0.06633438224029542
0.10033261775970459
0.1496673822402954
0.29523420333862305
0.06633438224029542
0.06633438224029542
0.03661704063415527
0.06633438224029542
0.013163328170776367
0.2786245346069336
0.06633438224029542
0.06633438224029542
0.058637261390686035
0.058637261390686035
0.00033261775970461205
0.00033261775970461205
0.2693682909011841
0.10033261775970459
0.10033261775970459
0.0538327693939209
0.0538327693939209
0.2669996177597046
0.12149357795715332
0.12149357795715332
0.2669996177597046
0.1496673822402954
0.1496673822402954
0.06959851140213014
0.2669996177597046
0.35666006803512573
0.2669996177597046
0.2669996177597046
0.2669996177597046
0.2669996177597046
0.06633438224029542
0.00033261775970461205
0.00033261775970461205
0.21853351593017578
0.10033261775970459
0.10033261775970459
0.06633438224029542
0.24229609966278076
0.06983596086502075
0.058696627616882324
0.058696627616882324
0.3495611548423767
0.3495611548423767
0.28668469190597534
1.1003326177597046
1.1003326177597046
1.9731967449188232
1.969435214996338
1.969435214996338
0.6003326177597046
0.026803255081176758
0.02317070960998535
1.1759856939315796
1.1759856939315796
0.1567462682723999
0.13890677690505981
0.15413755178451538
0.15413755178451538
0.15413755178451538
0.15413755178451538
0.15413755178451538
0.055634915828704834
0.6003326177597046
0.06633438224029542
0.06633438224029542
0.11634349822998047
0.06633438224029542
0.028943300247192383
0.06633438224029542
0.29839861392974854
0.2702983021736145
0.1496673822402954
0.18551898002624512
0.18551898002624512
0.1496673822402954
0.06348258256912231
0.06348258256912231
0.06348258256912231
0.06348258256912231
0.2568103822402954
0.11395338224029539
0.1751248836517334
0.00033261775970461205
0.11395338224029539
0.2568103822402954
0.21696889400482178
0.21696889400482178
0.6003326177597046
0.6003326177597046
0.10033261775970459
0.10033261775970459
0.00033261775970461205
0.00033261775970461205
0.06633438224029542
0.1244354248046875
0.14992982149124146
0.9336626177597045
0.9336626177597045
0.6003326177597046
0.2611525058746338
0.6003326177597046
2.168898820877075
0.10033261775970459
0.2669996177597046
0.10033261775970459
0.06633438224029542
0.31585586071014404
0.02890361775970457
0.16693717241287231
0.04611968994140625
0.06633438224029542
0.06633438224029542
0.02890361775970457
0.1996673822402954
0.1996673822402954
0.06633438224029542
0.1996673822402954
0.20033261775970457
0.6003326177597046
0.3083847761154175
0.12222921848297119
0.6003326177597046
0.1496673822402954
0.1496673822402954
0.12222921848297119
0.1996673822402954
0.06633438224029542
0.1996673822402954
0.1774453822402954
0.1774453822402954
0.06633438224029542
0.15588861775970464
0.3503326177597046
0.06633438224029542
0.15588861775970464
0.1496673822402954
0.23933124542236328
0.23933124542236328
0.23933124542236328
0.19292926788330078
0.19292926788330078
0.19292926788330078
0.19292926788330078
0.06633438224029542
0.32760561775970454
0.30033261775970455
0.10033261775970459
0.20033261775970457
0.4336656177597046
0.32760561775970454
0.2253326177597046
0.30033261775970455
0.1996673822402954
0.10943686962127686
0.1996673822402954
0.10943686962127686
0.2669996177597046
0.1996673822402954
0.3503326177597046
0.1996673822402954
0.3503326177597046
0.16908133029937744
0.00033261775970461205
0.00033261775970461205
0.3503326177597046
0.43625330924987793
0.1996673822402954
0.10033261775970459
0.1996673822402954
0.3503326177597046
0.10033261775970459
0.1496673822402954
0.1496673822402954
0.8425842523574829
0.20033261775970457
0.11395338224029539
0.3503326177597046
0.11395338224029539
0.02890361775970457
0.2669996177597046
0.10033261775970459
0.02890361775970457
0.2669996177597046
0.2253326177597046
0.06633438224029542
0.02466738224029541
0.06633438224029542
0.02466738224029541
0.2253326177597046
0.11395338224029539
0.5998451709747314
1.9224894046783447
0.07476282119750977
0.5998451709747314
0.9336626177597045
0.9336626177597045
1.021445631980896
1.021445631980896
0.07828617095947266
0.20033261775970457
0.3503326177597046
0.17176161775970455
0.17176161775970455
0.14372003078460693
0.2669996177597046
0.20033261775970457
0.055394649505615234
0.11560797691345215
0.11560797691345215
0.10033261775970459
0.2661575675010681
0.1496673822402954
0.057704150676727295
0.1496673822402954
0.0601123571395874
0.06633438224029542
0.20033261775970457
0.20033261775970457
0.9336626177597045
0.3503326177597046
0.02466738224029541
0.10033261775970459
0.02466738224029541
0.2330003822402954
0.06633438224029542
0.06633438224029542
0.0854496955871582
0.10308253765106201
0.10308253765106201
0.10308253765106201
0.10308253765106201
0.06633438224029542
0.25365304946899414
0.06633438224029542
0.2669996177597046
0.00033261775970461205
0.05935579538345337
0.00033261775970461205
0.05935579538345337
0.10033261775970459
0.2669996177597046
0.10033261775970459
0.020176589488983154
0.17176161775970455
0.11172217130661011
0.17176161775970455
0.5744071006774902
0.06633438224029542
0.1996673822402954
0.06633438224029542
0.1496673822402954
0.1496673822402954
0.19324040412902832
0.06633438224029542
0.06633438224029542
0.17048215866088867
1.0918332934379578
0.09183329343795776
1.0918332934379578
0.09183335304260254
0.2528229355812073
0.2528228759765625
1.023501455783844
0.6003326177597046
0.2669996177597046
0.8287370800971985
0.6003326177597046
0.10217678546905518
0.31747907400131226
0.2669996177597046
0.24299323558807373
0.24299323558807373
0.08668893575668335
0.09855598211288452
0.10033261775970459
0.08401888608932495
0.10033261775970459
0.3503326177597046
0.3503326177597046
0.03748512268066406
0.1496673822402954
0.1496673822402954
4.0673845410346985
3.0673845410346985
3.0673845410346985
4.0673845410346985
0.1496673822402954
0.1496673822402954
0.06633438224029542
0.06633438224029542
0.02466738224029541
0.02466738224029541
0.20033261775970457
0.4274686574935913
0.1496673822402954
0.1496673822402954
0.1996673822402954
0.1996673822402954
0.1996673822402954
0.1996673822402954
0.1496673822402954
0.13130784034729004
0.1496673822402954
0.2015032172203064
0.2669996177597046
0.009067535400390625
0.2669996177597046
0.00033261775970461205
0.00033261775970461205
0.2669996177597046
0.06633438224029542
0.00033261775970461205
0.00033261775970461205
0.1674211025238037
0.1674211025238037
0.06633438224029542
0.14879095554351807
0.1996673822402954
0.1996673822402954
0.06633438224029542
0.2522416114807129
0.7761480808258057
0.22562360763549805
0.7761480808258057
0.7761480808258057
0.7761480808258057
0.7447665929794312
0.4336656177597046
0.6003326177597046
0.6003326177597046
0.4336656177597046
0.138047456741333
0.1366724967956543
0.1366724967956543
0.1366724967956543
0.1366724967956543
0.9919438362121582
0.1496673822402954
0.1736670732498169
0.1496673822402954
0.02890361775970457
0.03755795955657959
0.0592418909072876
0.6003326177597046
0.6003326177597046
0.19997823238372803
0.2669996177597046
0.08596640825271606
0.02890361775970457
0.6003326177597046
0.24472308158874512
0.24472308158874512
0.06633438224029542
0.2008754014968872
0.2468314027233124
2.9120020866394043
0.24683149213027955
0.2468314027233124
0.2468314027233124
0.2468314027233124
0.1496673822402954
0.1496673822402954
0.10033261775970459
0.10033261775970459
0.10913735628128052
0.10033261775970459
0.020696043968200684
0.3503326177597046
0.6003326177597046
0.3503326177597046
0.20822501182556152
0.20033261775970457
0.20033261775970457
0.2669996177597046
0.2669996177597046
0.9336626177597045
0.10342836380004883
0.9336626177597045
0.21354854106903076
0.1496673822402954
0.1496673822402954
0.1496673822402954
0.1996673822402954
0.1996673822402954
0.1496673822402954
0.07936698198318481
0.06633438224029542
0.06633438224029542
0.06633438224029542
0.1496673822402954
0.40033261775970463
0.40033261775970463
0.01870560646057129
0.40033261775970463
0.40033261775970463
0.1313522458076477
0.1496673822402954
0.1496673822402954
0.00033261775970461205
0.10033261775970459
0.00033261775970461205
0.9336626177597045
0.9336626177597045
0.2669996177597046
0.2669996177597046
0.9363741874694824
0.9363741874694824
0.9363741874694824
0.1496673822402954
0.1496673822402954
0.10033261775970459
0.10033261775970459
0.10033261775970459
0.1496673822402954
0.1496673822402954
0.06633438224029542
0.06633438224029542
0.06633438224029542
0.1496673822402954
0.1496673822402954
0.16585230827331543
0.00033261775970461205
0.00033261775970461205
0.10033261775970459
0.10033261775970459
0.1496673822402954
0.09166944026947021
0.1496673822402954
0.10033261775970459
0.09018868207931519
0.1496673822402954
0.1496673822402954
0.06633438224029542
0.1681814193725586
0.06633438224029542
0.00033261775970461205
0.06633438224029542
0.06633438224029542
0.00033261775970461205
0.05949091911315918
0.10636365413665771
0.10636365413665771
0.10636365413665771
0.10636365413665771
0.10636365413665771
0.09985458850860596
0.6003326177597046
0.6003326177597046
0.2669996177597046
0.2669996177597046
0.11225616931915283
0.2936297655105591
0.298311710357666
0.29362964630126953
0.2330003822402954
0.07883763313293457
0.2330003822402954
0.2563243508338928
0.05139797925949097
0.05139797925949097
0.05139797925949097
0.2563243508338928
0.06633438224029542
0.06633438224029542
0.10033261775970459
0.21291321516036987
0.10033261775970459
0.02617621421813965
0.06633438224029542
0.06633438224029542
0.02617621421813965
0.06633438224029542
0.19456297159194946
0.20033261775970457
0.09549713134765625
0.20033261775970457
0.1445087194442749
0.11134076118469238
0.3503326177597046
0.3503326177597046
0.10033261775970459
0.00033261775970461205
0.012605130672454834
0.00033261775970461205
0.10033261775970459
0.00829380750656128
0.10033261775970459
0.10033261775970459
0.07667118310928345
0.06633438224029542
0.06633438224029542
0.0961005687713623
0.0961005687713623
0.0961005687713623
0.21481174230575562
0.21481174230575562
0.2669996177597046
0.05994737148284912
0.2669996177597046
0.05994737148284912
0.00033261775970461205
0.1996673822402954
0.1996673822402954
0.06172674894332886
0.702702522277832
