0.272097110748291
0.272097110748291
0.772097110748291
2.9522899389266968
2.9522899389266968
2.9522899389266968
2.9522899389266968
0.1890804922027588
0.036423579399108896
0.036423579399108896
0.036423579399108896
0.036423579399108896
0.04333466291427612
0.3273061668319702
0.3273061668319702
0.4805396795272827
0.29106950759887695
0.4805396795272827
0.1258838176727295
0.9918502569198608
0.9918502569198608
2.4671891927719116
2.4671891927719116
0.07741843109893798
0.07741843109893798
0.07741843109893798
0.07741843109893798
0.263383686542511
0.263383686542511
0.34819366061019896
0.3481936308078766
0.6167041063308716
1.8962304240036012
1.8962304240036012
1.8962304240036012
1.8962304240036012
0.1000122582359314
0.1000122582359314
0.02280193567276001
0.02280193567276001
0.11962950229644775
0.2809600114822388
3.0000253915786743
0.06484925746917725
3.0000253915786743
0.2809600114822388
0.08831942081451416
0.09347830782318117
0.09347830782318117
0.08831942081451416
0.4923804998397827
0.0810683580207825
0.0810683580207825
0.14282965660095215
0.10827702283859253
0.10827702283859253
0.3275071978569031
0.3275071978569031
0.0016580378456115819
0.0016580378456115819
0.3896275758743286
0.009776419401168801
0.3896275758743286
0.009776419401168801
0.3896275758743286
0.3896275758743286
0.5962576866149902
0.25917887687683105
0.25917887687683105
0.25917887687683105
0.10246449708938599
1.1168936491012573
1.1168936491012573
0.7383530088138581
0.7383530088138581
0.34184861183166504
0.34184861183166504
0.4231910705566406
0.2070799469947815
0.2070799469947815
0.22232682948875426
0.22232682948875426
0.21052424907684325
0.21052424907684325
10.91739571094513
10.91739571094513
10.91739571094513
10.91739571094513
0.10598111152648926
0.10598111152648926
0.005854910612106301
0.005854910612106301
0.005854910612106301
0.005854910612106301
0.33917105197906494
0.8058565855026245
0.33917105197906494
0.33917105197906494
0.33917105197906494
0.33364856243133545
0.33364856243133545
0.19574792737197877
0.19574792737197877
1.270199126996994
1.270199126996994
1.270199126996994
1.270199126996994
0.34874738806915284
0.34874738806915284
0.07494568824768066
0.347515344619751
0.07494568824768066
0.17891012078094481
0.17891012078094481
0.07719850540161133
0.3029139041900635
0.07719850540161133
0.1491274952888489
0.1491274952888489
0.1229866897506714
0.29092252254486084
0.1229866897506714
0.27908778190612793
0.27908778190612793
0.2656655395565033
0.27155375434303286
0.2715536947383881
0.2656655693588257
0.20048779249191284
0.2946285009384155
0.2946285009384155
0.20048779249191284
0.01624196767807007
0.01624196767807007
1.1669360399246216
1.1669360399246216
1.1669360399246216
0.01624196767807007
0.01624196767807007
1.1669360399246216
0.9093201160430908
0.5228356420993805
1.8774518251419066
1.8774518251419066
1.8774518251419066
1.8774518251419066
0.25705254077911377
0.1580730676651001
0.46469658613204956
0.46469658613204956
0.46469658613204956
0.46469658613204956
0.20589911937713623
0.20589911937713623
0.20589911937713623
0.20589911937713623
0.6073765754699707
1.4962193369865417
1.4962193369865417
1.4962193369865417
1.4962193369865417
0.16096380399322507
0.037678957706451466
0.037678957706451466
0.16096380399322507
0.03446197509765625
0.5935113430023193
0.5935113430023193
0.5935113430023193
0.5935113430023193
0.3289308786392212
0.3289308786392212
0.3289308786392212
0.3289308786392212
0.2468048334121704
0.024315699239730815
0.024315699239730815
0.21866984719467164
0.21866984719467164
0.2271784543991089
0.5657258033752441
0.29129552841186523
0.7087044715881348
0.02640700340270996
0.02640700340270996
0.19490206241607666
0.19490206241607666
0.05785667896270752
0.05785667896270752
0.004545331001281738
0.18183363080024717
0.05391283143806458
0.18183363080024717
1.225671648979187
0.05391283143806458
0.21955764293670654
0.21955764293670654
0.21955764293670654
0.21955764293670654
0.39617218131256104
0.39617218131256104
0.004887104034423828
0.004887104034423828
0.004887104034423828
0.004887104034423828
0.08425514454078675
0.11426011919975282
0.08425514454078675
0.14488983154296875
0.11426011919975282
0.32436411380767827
0.32436411380767827
0.32436411380767827
0.32436411380767827
0.371293306350708
0.371293306350708
0.371293306350708
0.371293306350708
0.371293306350708
0.9538044571876525
0.46731674671173096
0.9538044571876525
0.46731674671173096
0.38595151901245117
0.17992424964904785
0.17992424964904785
0.20468997955322266
0.38595151901245117
0.3564830005168915
0.20468997955322266
0.9918138384819031
0.17992424964904785
0.41707298113250735
0.17992424964904785
0.9918138384819031
0.20468997955322266
0.38595151901245117
0.41707298113250735
0.211683988571167
0.211683988571167
0.211683988571167
0.24124431610107422
0.24124431610107422
0.24860787391662598
0.013180301288604757
0.013180301288604757
0.21327495574951172
0.24860787391662598
1.1626123189926147
0.9526457190513611
0.9526457190513611
0.2598685026168823
0.2598685026168823
2.293499708175659
0.6060243492889403
0.7568219900131226
0.886383056640625
0.45424485206604004
0.45424485206604004
0.21547895669937134
0.21547895669937134
0.3410666211898804
0.3410666211898804
0.3410666211898804
0.3410666211898804
0.30008769035339355
0.4101029634475708
0.4101029634475708
0.4101029634475708
0.4101029634475708
0.20132322663497926
0.005096554756164551
0.20132322663497926
0.20132322663497926
0.20132322663497926
0.2969834804534912
0.3239888548851013
0.3239888548851013
0.3239888548851013
0.3239888548851013
0.151923394203186
0.151923394203186
0.3860210930747986
0.151923394203186
0.151923394203186
0.08598339557647705
0.3499274253845215
0.3499274253845215
0.2579317092895508
0.2579317092895508
0.3690000330848694
0.08254861831665039
0.3690000330848694
0.07736039161682129
1.9574806690216064
1.9574806690216064
1.9574806690216064
1.9574806690216064
1.9574806690216064
1.9574806690216064
0.33308184146881104
0.48543769121170044
0.33308184146881104
0.48543769121170044
0.48543769121170044
0.33308184146881104
0.48543769121170044
0.06097920293045045
0.06097920293045045
0.06097920293045045
0.06097920293045045
0.39529716968536377
0.23742985725402832
0.7128931283950806
0.04108381271362305
0.7128931283950806
0.23742985725402832
0.013907372951507568
0.1442712699813843
0.1442712699813843
0.013907372951507568
0.1442712699813843
0.054532527923583984
0.6118320226669312
0.012296199798583984
0.10829830169677734
0.10829830169677734
0.10829830169677734
0.10829830169677734
0.10829830169677734
0.11527562141418457
0.11527562141418457
0.15521728992462158
0.15521728992462158
3.004315286874771
3.004315286874771
3.004315286874771
3.004315286874771
0.1831967830657959
0.1831967830657959
0.2469547986984253
2.068793475627899
2.068793475627899
0.3886147737503052
0.8872385621070862
0.3886147737503052
0.06817357296180726
0.4243391156196594
0.3795086741447449
0.3795086741447449
0.06817357296180726
0.14974236488342285
0.14974236488342285
0.26509958505630493
0.14974236488342285
0.14974236488342285
0.07211317176055909
0.7269561290740967
0.7269561290740967
0.15236163139343262
0.15236163139343262
0.2730438709259033
0.7269561290740967
0.19019198417663574
0.19019198417663574
0.11569317579269411
0.11569317579269411
0.6230037212371826
0.258603572845459
0.6386910831375122
0.258603572845459
0.6973111629486084
0.258603572845459
0.258603572845459
0.6386910831375122
0.258603572845459
0.5459766387939453
0.1481339931488037
0.5365157127380371
0.21568655967712402
0.5365157127380371
0.5365157127380371
0.07421660423278809
0.07421660423278809
0.2945483326911926
0.43616580963134766
0.43616580963134766
0.8902709484100342
0.4345651865005493
1.5750681161880493
0.4345651865005493
0.5825675129890442
0.4593595266342163
0.8902709484100342
0.12929921150207524
0.12929921150207524
0.12929921150207524
0.12929921150207524
0.3692166805267334
0.3692166805267334
0.3692166805267334
0.3692166805267334
0.10070282220840454
0.10070282220840454
0.10070282220840454
0.10070282220840454
0.10070282220840454
0.3545518959121704
0.43155741691589355
0.3357697606086731
0.3357697606086731
0.3545518959121704
0.2930743992328644
0.2930743992328644
0.5257845818996429
0.5257845818996429
0.8769996404647826
0.8769996404647826
0.3761591613292694
0.3761591613292694
0.3761591613292694
0.3761591613292694
0.3670032024383545
0.3670032024383545
0.3670032024383545
0.3670032024383545
0.987175703048706
0.27719855308532715
0.49446600675582886
1.4095855599212648
0.32175620849609365
1.4095855599212648
0.8332966208457946
0.8332966208457946
0.40185046195983887
0.40185046195983887
0.40185046195983887
0.3309905529022217
0.13924992084503174
0.3309905529022217
0.3309905529022217
0.3309905529022217
0.2882487177848816
0.2882487177848816
0.5215743482112885
0.07313644886016846
0.5215743184089661
0.2882486581802368
0.05758391266632079
0.05758391266632079
0.05758391266632079
0.05758391266632079
1.507391482591629
0.24239759445190429
0.24239759445190429
0.1922726035118103
0.24239759445190429
0.24239759445190429
0.14930561780929563
0.14930561780929563
0.14930561780929563
0.14930561780929563
0.8359864056110382
0.2828514575958252
0.2828514575958252
0.39246463775634766
0.17715984582901
0.3094305992126465
0.2494592726230621
0.2494592726230621
0.39246463775634766
0.04816722869873047
0.04816722869873047
0.04816722869873047
0.04816722869873047
0.04816722869873047
0.2381608486175537
0.2381608486175537
0.2381608486175537
0.2381608486175537
8.68833875656128
8.68833875656128
8.68833875656128
8.68833875656128
11.340846061706543
0.003398686647415161
0.003398686647415161
0.21236872673034668
0.21236872673034668
0.16886192560195923
0.14490437507629395
0.06202330589294436
1.7206549048423767
1.7206549048423767
1.7206549048423767
1.7206549048423767
0.3110055923461914
0.3110055923461914
0.3110055923461914
0.3110055923461914
0.9254077076911926
0.18982815742492676
1.8308801054954529
1.8308801054954529
1.8308801054954529
1.8308801054954529
0.5258550345897675
0.9890149831771851
1.8127458095550537
1.201482355594635
0.9890149235725403
0.9890149235725403
0.9890149831771851
1.201482355594635
2.1189035177230835
0.1335634648799896
0.14100547065353392
0.2549778377456665
0.14100547065353392
0.10515449047088621
0.10515449047088621
0.20943620800971985
0.1510060429573059
0.1510060429573059
0.1510060429573059
0.1510060429573059
0.4544838070869446
0.4544838070869446
0.5832074880599976
0.5832074880599976
0.28265463113784794
0.28265463113784794
0.28265463113784794
0.28265463113784794
0.226881742477417
0.226881742477417
0.226881742477417
0.226881742477417
0.226881742477417
0.22184333251571653
0.2696060419082642
0.22184333251571653
0.22184333251571653
0.22184333251571653
0.2696060419082642
0.19804978370666504
0.19804978370666504
0.19804978370666504
0.19804978370666504
0.19804978370666504
0.01915510052871705
0.022330329517364522
0.09978699684143066
0.09978699684143066
0.09978699684143066
0.09978699684143066
0.09978699684143066
0.19216278241729734
0.19216278241729734
0.16421268826293944
0.16421268826293944
0.16421268826293944
0.10545589083862306
0.376467227935791
0.6897984147071838
0.6897984147071838
1.7614890336990356
1.7614890336990356
0.10721999406814575
0.11826121807098389
0.08644050359725952
1.0266855955123901
1.0266855955123901
1.0266855955123901
1.026685655117035
0.3298297678871155
0.07171106338500977
0.1331566572189331
0.04369930028915403
0.06832027435302734
0.04369930028915403
0.06832027435302734
0.31569844484329224
0.31569844484329224
0.31569844484329224
0.31569844484329224
0.31569844484329224
0.31569844484329224
0.6010905062599182
0.011101782321929932
0.011101782321929932
0.011101782321929932
0.011101782321929932
0.23796814680099487
0.23796814680099487
0.23796814680099487
0.23796814680099487
2.767972469329834
2.767972469329834
2.767972469329834
2.767972469329834
0.121346116065979
0.5292272567749023
0.5292272567749023
0.5292272567749023
0.5292272567749023
0.006409660522460947
0.006409660522460947
0.0064097201271057225
0.0064097201271057225
0.17070709222984315
0.0699460506439209
0.0699460506439209
2.2507113218307495
2.2507113218307495
0.16772723197937012
0.16772723197937012
0.10310840606689453
0.008503317832946777
0.10310840606689453
0.008503317832946777
0.2122567892074585
0.2122567892074585
0.2122567892074585
0.2122567892074585
0.07818891162109376
0.05124910229873658
0.07818891162109376
0.05124910229873658
0.2732135057449341
0.05124910229873658
0.05124910229873658
0.06800389289855957
0.06800389289855957
0.06800389289855957
0.06800389289855957
0.06800389289855957
0.37218539714813237
0.7209590321350097
0.23987573385238647
0.37218539714813237
0.7209590917396544
0.01820710301399231
0.04034808874130247
0.01820710301399231
0.04034808874130247
0.24880361557006836
2.002179265022278
2.002179265022278
0.2018747329711914
0.2018747329711914
0.2072769845085144
0.2072769845085144
0.2072769845085144
0.2072769845085144
0.2072769845085144
1.109965205192566
0.02910548448562622
0.02910548448562622
0.02910548448562622
3.8438425064086914
0.12873971462249756
0.3571288585662842
0.3571288585662842
0.3571288585662842
0.3571288585662842
0.3571288585662842
0.13651329278945923
0.3999828354873657
0.3999828354873657
0.20377731323242188
0.39998286528968807
0.3999828354873657
0.1319413185119629
0.1319413185119629
0.1319413185119629
0.1319413185119629
0.1319413185119629
0.1319413185119629
0.1319413185119629
0.3107978105545044
0.3107978105545044
0.3107978105545044
0.3107978105545044
0.08242928981781006
0.08242928981781006
0.08242928981781006
0.08242928981781006
2.316148333568573
2.316148333568573
2.316148333568573
2.316148333568573
2.134200155735016
1.1342001557350159
0.8998993039131165
2.134200155735016
0.8998993039131165
0.13600611686706543
0.13600611686706543
0.13600611686706543
0.13600611686706543
0.375857949256897
0.2308896780014038
0.2308896780014038
0.2308896780014038
0.2308896780014038
0.2308896780014038
0.17874205112457275
0.38772666454315186
1.2784040570259094
1.2784040570259094
1.2784040570259094
1.2784040570259094
0.03600014800262452
0.16896963119506836
0.03600014800262452
0.16896963119506836
0.2396392822265625
0.039644062519073486
2.9222713708877563
1.1789391040802002
2.9222713708877563
1.1789391040802002
0.3425776958465576
0.1520405411720276
0.11257784014511107
0.1520405411720276
0.19559097290039062
0.11257784014511107
0.07720375061035156
0.4208335876464844
0.4685037136077881
0.28712356090545654
0.4685037136077881
0.10227161645889282
0.28712356090545654
0.884697675704956
0.884697675704956
0.884697675704956
0.884697675704956
0.21561360359191895
0.21561360359191895
0.21561360359191895
0.21561360359191895
0.21561360359191895
0.8667765205669402
0.8667765205669402
0.8667765205669402
0.8667765205669402
0.9811692237854004
0.9811692237854004
0.9811692237854004
0.9811692237854004
0.357985258102417
0.3321061134338379
0.6932168006896973
0.357985258102417
0.6932168006896973
0.2631797790527344
0.2631797790527344
1.6523346900939941
0.22994327545166016
0.22994327545166016
0.22994327545166016
0.3634514808654785
3.1631919145584106
3.163191795349121
3.163191795349121
3.1631919145584106
0.4331517815589905
0.4331517815589905
0.4331517815589905
0.4331517815589905
0.056119680404663086
0.056119680404663086
0.4543945789337158
0.07062065601348877
0.09104835987091064
0.07062065601348877
0.07062065601348877
0.45996761322021484
0.45996761322021484
0.1514441967010498
0.45996761322021484
0.45996761322021484
0.45996761322021484
4.111055016517639
1.8077269196510315
4.111055016517639
1.8077269196510315
0.34114205837249756
0.34114205837249756
0.34114205837249756
0.17658138275146484
0.17658138275146484
0.34114205837249756
0.17658138275146484
0.18414616584777832
0.18414616584777832
0.18414616584777832
0.08499729633331299
0.08499729633331299
0.4370222226325989
0.46404949044647215
0.4370222226325989
0.46404949044647215
2.0798182487487793
0.634792685508728
0.634792685508728
0.634792685508728
0.634792685508728
2.1571049094200134
2.1571049094200134
1.4987905025482178
1.4987905025482178
1.4299398712444304
1.4299398712444304
1.4299398712444304
1.4299398712444304
1.3726494312286377
0.043213605880737305
0.043213605880737305
0.043213605880737305
0.043213605880737305
0.3840743899345398
0.8339626789093018
0.33396267890930176
0.33396267890930176
0.8339626789093018
0.8339626789093018
0.8339626789093018
5.924038410186768
5.924038410186768
2.448585271835327
2.448585271835327
0.023246451671600332
0.10592716932296753
0.023246451671600332
0.10592716932296753
0.21044707298278809
0.21044707298278809
0.21044707298278809
0.21044707298278809
0.21044707298278809
0.21044707298278809
0.43828635215759276
0.3320200443267822
0.6131303310394287
0.09212446212768555
0.09212446212768555
0.22331315279006958
0.22331315279006958
0.13247531652450562
0.22331315279006958
0.21867454051971436
0.21867454051971436
0.21867454051971436
0.21867454051971436
0.8488695621490479
0.17558425664901733
0.17558425664901733
0.17558425664901733
0.8488694429397583
0.1755843162536621
0.15113043785095215
0.8488695621490479
0.056449055671691895
0.7545130252838135
0.7545130252838135
0.7545130252838135
0.31566500663757324
0.10240030288696289
0.10240030288696289
0.23154997825622559
0.3327491879463196
0.3327491879463196
0.10240030288696289
0.6514368057250977
0.6514368057250977
0.6514368057250977
0.5747848987579345
0.5747848987579345
0.5747848987579345
0.5747848987579345
0.09119832515716553
0.09119832515716553
0.1722162961959839
0.09119832515716553
0.09119832515716553
0.1184159517288208
0.1184159517288208
0.1184159517288208
0.1184159517288208
0.1184159517288208
0.11841607093811035
3.064111590385437
0.3443382978439331
0.3443382978439331
0.3443382978439331
0.3443382978439331
0.3443382978439331
3.41355299949646
3.41355299949646
3.41355299949646
3.41355299949646
0.09199853295516969
0.09199853295516969
0.03995668888092041
0.1787189245223999
0.1787189245223999
0.03995668888092041
28.03573966026306
0.6152173225688935
0.06917357444763184
0.5568027496337891
0.5568027496337891
2.2369625568389893
2.2369625568389893
2.2369625568389893
2.2369625568389893
0.11500382423400879
1.2520880103111267
1.2520880103111267
1.2520880103111267
1.2520880103111267
1.2520880103111267
1.252087950706482
0.19763636589050293
0.521308183670044
0.4278464162902832
0.4278464162902832
0.19763636589050293
0.521308183670044
0.1457763910293579
0.2308598756790161
2.1998257637023926
1.9523371458053589
0.15663540363311768
0.13314971923828123
0.22867131233215332
0.17518067359924316
0.22867131233215332
0.22867131233215332
0.22867131233215332
0.28175632357597347
0.28175632357597347
0.28175632357597347
0.28175632357597347
0.24119246006011963
0.012590527534484863
0.012590527534484863
0.012590527534484863
0.2875465154647827
0.824580192565918
0.2875465154647827
0.2875465154647827
0.2875465154647827
0.08947803134155274
0.14442098140716553
0.08947803134155274
0.056008100509643555
0.08947803134155274
0.08947803134155274
0.5587531626224518
0.8133198862838744
0.5587531626224518
1.2236780876350404
1.2236780876350404
0.3275881851272583
0.11867594718933105
0.22767777795028687
1.925952970981598
1.925952970981598
1.1774462217521668
1.012106716632843
1.1774462217521668
0.1494997203350067
0.0088614821434021
1.0911924839019775
0.7367666959762573
0.7367666959762573
0.7367666959762573
0.7367666959762573
0.7367666959762573
0.7367666959762573
0.7367666959762573
0.7367666959762573
0.6435558319091796
0.6435558319091796
0.6435558319091796
0.6435558319091796
0.2802255153656006
0.24864521622657776
0.2144970452232361
0.24864521622657776
0.24864521622657776
0.24864521622657776
0.22269606590270996
0.22269606590270996
0.5806052684783936
0.16421890258789062
0.5806052684783936
0.17096544856262208
1.3099749088287354
1.3218142986297607
1.3099749088287354
1.3099749088287354
1.3099749088287354
0.18459789400863647
0.14503252506256104
0.06834673881530762
0.06834673881530762
0.06834673881530762
0.06834673881530762
0.06834673881530762
0.06834673881530762
0.2528029680252075
0.2528029680252075
0.2528029680252075
0.2528029680252075
0.4423396432952881
0.4965364933013916
4.974676167411804
4.974676167411804
4.974676107807159
4.974676107807159
0.34859476929473876
0.7284688949584961
0.2164825201034546
0.2164825201034546
0.2164825201034546
0.16858696937561035
0.2634599208831787
0.2634599208831787
0.20486700534820557
0.2317647635936737
0.36437225341796875
0.5816937685012817
0.5816937685012817
0.5816937685012817
0.5816937685012817
0.02311152219772339
0.0065746665000915305
1.3485242128372192
0.19133265247917175
0.8409667259025573
0.5402985513210297
3.717029333114624
0.3879513740539551
0.3879513740539551
0.3879513740539551
0.14038777351379395
0.3879513740539551
2.2954893112182617
2.2954893708229065
2.2954893708229065
2.2954893112182617
0.3569396734237671
1.9443607330322266
4.607689619064331
0.7851835489273071
0.10198801755905151
0.10198801755905151
0.7851835489273071
0.10198801755905151
0.10198801755905151
0.038815975189208984
0.3455120325088501
0.1442970633506775
0.1442970633506775
0.2582298517227173
0.2582298517227173
0.2582298517227173
0.2582298517227173
0.2582298517227173
0.5409488677978516
4.300560891628265
1.188379680557251
0.23104476928710938
0.38469804846572875
0.1657862663269043
0.11679446697235107
0.11679446697235107
0.18417996168136597
0.18417996168136597
0.7759897708892822
0.7759897708892822
0.3378965409412384
0.3378965707435608
0.3378965707435608
0.3378965707435608
1.2372553998661042
1.2372553998661042
1.2372553998661042
1.2372553998661042
1.7192798256874084
0.5487693846225739
0.14346545934677124
0.7338184118270874
0.7338184118270874
2.030808448791504
2.030808448791504
0.06191128492355347
0.1868081033229828
0.1868081033229828
0.1868081033229828
0.1868081033229828
0.20298051834106445
0.20298051834106445
0.6501649618148804
0.1595738684577942
0.3842190980911255
0.3435611128807068
0.3435611128807068
0.3842190980911255
0.07719814777374268
0.07719814777374268
0.07719814777374268
0.07719802856445312
0.07719802856445312
0.04619455337524414
0.04619455337524414
0.3284907341003418
0.29962849617004395
0.29962849617004395
0.29962849617004395
0.3284907341003418
0.19706439971923828
0.28532268161010743
0.2287115454673767
0.28532268161010743
0.27345800399780273
0.07238596677780151
0.3607159698562622
0.7787032127380371
0.06963873505592344
0.30931222438812256
0.30931222438812256
0.05587446689605713
0.04216223955154419
0.04216223955154419
0.04216223955154419
0.30931222438812256
0.1479043960571289
0.1479043960571289
0.1479043960571289
0.06633162498474121
0.2239803671836853
0.0559234619140625
0.31828880310058594
0.3182889223098755
0.2525070905685425
0.3717790397338867
0.3717790397338867
0.3717790397338867
0.3717790397338867
0.31910436153411864
2.2649765014648438e-05
2.2649765014648438e-05
0.2991317952232361
0.7036342620849609
1.2252120971679688
0.2943456172943115
0.6218801736831665
0.09750175476074219
0.09750175476074219
0.5143477916717529
0.5143477916717529
0.0814080536365509
0.13416528701782227
0.13416528701782227
0.3027916109008789
0.1425483226776123
0.3027916109008789
0.25178444385528564
0.24137438779640197
0.17278432846069336
0.6914860010147095
0.17278432846069336
0.07507089376449583
0.07507089376449583
0.6039197444915771
0.20389910340309142
0.48954819088745116
0.006459712982177734
0.16460645198822021
0.006459712982177734
0.08342134952545166
0.08342134952545166
0.05000386238098142
2.012666940689087
0.04990792274475098
0.04990792274475098
0.2076413631439209
0.2076413631439209
0.04990792274475098
0.04990792274475098
0.04990792274475098
0.011518559055328392
0.9166450500488281
0.06974947452545166
0.06974947452545166
0.44026403152275084
0.22496387362480164
0.22496387362480164
0.28824377059936523
0.28824377059936523
0.3331806814117432
0.3331806814117432
10.254399061203003
10.254399061203003
0.12434767240715028
0.12434767240715028
0.17563307285308838
0.2475192308425903
0.2475192308425903
0.44474101066589355
0.42255115509033203
0.22142410278320312
0.005921766857147237
0.005921766857147237
0.9712167978286743
0.9712167978286743
0.17002129554748535
0.17002129554748535
0.021891415119171143
0.2832796573638916
0.2832796573638916
0.12142337912750245
0.12142337912750245
0.030337095260620117
0.5052899718284607
0.5052899718284607
0.14149260520935059
0.14149260520935059
0.05909264087677002
0.05909264087677002
34.30147075653076
0.11434769630432129
0.11434769630432129
0.11434769630432129
0.06516480445861816
0.06516480445861816
0.0464386785583496
0.0805962085723877
0.0464386785583496
1.3957610130310059
0.5557526051998138
0.5557526051998138
1.3957608938217163
0.19370310062599183
0.19370310062599183
0.26462405920028687
0.25202083587646484
0.9974727630615234
0.28615885972976685
0.2846119701862335
0.2846119701862335
0.3782920837402344
0.07417911887168882
0.07417911887168882
0.3782920837402344
0.25564098358154297
0.3782920837402344
0.25564098358154297
0.2607436180114746
0.2607436180114746
0.02397632598876953
0.37985992431640625
0.4353675842285156
0.4353675842285156
0.4000515937805176
0.15850049257278442
0.4711105227470398
1.1773542761802673
0.15850049257278442
0.09555368179512025
0.02158692479133606
0.09555368179512025
0.22903704643249512
0.37316131591796875
0.8071064949035645
0.24208521842956543
0.8071064949035645
0.37316131591796875
0.37316131591796875
0.9352431893348694
1.0556133389472961
0.15503145808410645
0.15503145808410645
0.3108680844306946
0.26185531968307496
0.20272006148529054
0.26185531968307496
1.1298248767852783
0.14925946349334718
0.04384291172027588
0.14925946349334718
0.16691887378692627
0.16691887378692627
0.1385477339668274
0.1695404052734375
0.1385477339668274
0.1385477339668274
0.5732560157775879
0.20999395847320557
0.06297433376312256
0.1570842420501709
0.1570842420501709
0.22204256057739258
0.1570842718524933
0.355399489402771
0.048670291900634766
0.15671087855529786
0.15671087855529786
0.0026671290397644043
0.0026671290397644043
0.03167331814765928
0.03167331814765928
0.06384319067001343
0.022073864936828613
0.022073864936828613
0.0010270774364471436
0.0010270774364471436
0.1475976859970093
0.06026887893676758
0.06026887893676758
0.1475976859970093
0.10345262289047241
0.10345262289047241
0.19121174568367005
0.13432605618667603
0.4401916265487671
0.13432605618667603
0.1356577431602478
0.13432605618667603
0.13432605618667603
0.19900794381332398
0.0032757461071014626
0.0032757461071014626
0.4182848334312439
0.09095770120620728
0.0909576416015625
0.11874039525222779
0.029641330242156982
0.3916948437690735
0.35878217220306396
0.35878217220306396
0.23449981212615967
0.23449981212615967
0.013956725597381592
0.6243478059768677
0.6243478059768677
1.7710506916046143
1.7688381671905518
1.7688381671905518
0.11277347803115845
0.22894930839538574
0.24493741989135742
1.0647468566894531
1.0647468566894531
0.0875287652015686
0.017290234565734863
0.013285577297210693
0.013285577297210693
0.013285577297210693
0.013285577297210693
0.013285577297210693
0.010197162628173828
0.3789026737213135
0.07646419161987306
0.07646419161987306
0.1229434609413147
0.1308226441783905
0.11248278617858887
0.1308226441783905
0.11594665050506592
0.21730053424835205
0.1704726219177246
0.25531017780303955
0.25531017780303955
0.1704726219177246
0.09108173847198486
0.09108173847198486
0.09108173847198486
0.09108173847198486
0.3022930177383423
0.17209479259109495
0.18193954229354858
0.046801185607910134
0.17209479259109495
0.3022930177383423
0.5592162609100342
0.5592162609100342
0.143396258354187
0.143396258354187
0.021451294422149658
0.021451294422149658
0.05932766795158384
0.05932766795158384
0.16008667701911927
0.020361900329589844
0.26381635665893555
0.11692031677246084
0.11692031677246084
0.10637056827545166
0.1875675916671753
0.10637056827545166
1.1452586650848389
0.09139132499694824
0.2329511796875
0.09139132499694824
0.12265433425140382
0.5031806528568268
0.025644644399642924
0.011336266994476318
0.040570080280303955
0.07104830497932435
0.07104830497932435
0.025644644399642924
0.23214499950408934
0.25831742882728576
0.18816365355682374
0.25831742882728576
0.17900381088256834
0.5768059194087982
0.5314246118068695
0.1904001235961914
0.5768059194087982
0.17319408059120178
0.17319408059120178
0.1904001235961914
0.4076846122741699
0.3756010686798096
0.4076846122741699
0.44159659779357907
0.44159659779357907
0.09741388315391541
0.14071354342079168
0.29884666204452515
0.09109430069160462
0.14228332114791875
0.2049359381198883
0.1345081329345703
0.1345081329345703
0.1345081329345703
0.28688496351242065
0.28688496351242065
0.28688496351242065
0.28688496351242065
0.07724441641998292
0.32220349979209895
0.2911442339420318
0.07496064901351929
0.17532566785812376
0.397465422208786
0.32220349979209895
0.21830037236213684
0.2911442339420318
0.21489624977111815
0.2721741199493408
0.21489624977111815
0.2721741199493408
0.20394630784225465
0.20409311652183532
0.3392278552055359
0.20409311652183532
0.3392278552055359
0.15938395261764526
0.012012904882431008
0.012012964487075783
0.27738720178604126
0.25729966163635254
0.17081646919250487
0.12958776950836182
0.17081646919250487
0.27738720178604126
0.12958776950836182
0.14311689138412476
0.17058229446411133
0.5480856895446777
0.18435988426208494
0.0925559406147003
0.321918785572052
0.0925559406147003
0.05030105938529966
0.13029618615341187
0.09440231323242188
0.05030105938529966
0.19650168770980836
0.15989801287651062
0.16884823197555543
0.09010198712348938
0.12479405159187318
0.09010198712348938
0.15989801287651062
0.17669987724876401
0.5203390121459961
1.838334083557129
0.011367440223693848
0.5203390121459961
0.6699515229034423
0.6699515229034423
0.9674978256225586
0.9674978256225586
0.5721872746944427
0.14969602823257444
0.3323873281478882
0.1545101262130737
0.1545101262130737
0.40068918466567993
0.2550859009666443
0.14969602823257444
0.041990041732788086
0.33256256580352783
0.33256256580352783
0.1950080394744873
0.5425001382827759
0.13563108444213867
0.07634592056274414
0.13563108444213867
0.19629764556884766
0.09786070937347413
0.21460134387016294
0.21460134387016294
0.5640034919548034
0.2997390031814575
0.016045570373535156
0.09987589716911316
0.016045570373535156
0.22172670012283324
0.05556248182487489
0.05556248182487489
0.2419954538345337
0.001010119915008545
0.001010119915008545
0.001010119915008545
0.001010119915008545
0.3991049086494446
0.07550573348999023
0.3991049086494446
0.11807905083465575
0.08809343576431272
0.07935965061187744
0.08809343576431272
0.07935965061187744
0.003665328025817871
0.0868919050140381
0.003665328025817871
0.036387741565704346
0.022069559196472133
0.39499616622924805
0.022069559196472133
0.2840338349342346
0.2125867759628296
0.34506313800811766
0.2125867759628296
0.22726666927337646
0.22726666927337646
0.25928473472595215
0.4589286004943848
0.4589286004943848
0.48478615283966064
1.1097796559333801
0.10977965593338013
1.1097796559333801
0.10977959632873535
0.1671094298362732
0.1671094298362732
1.0361576676368713
0.4431542158126831
0.10982121581268312
0.6380891799926758
0.4431542158126831
0.0844564437866211
0.22659820318222046
0.10982121581268312
0.2513909935951233
0.2513909935951233
0.18918192386627197
0.27018678188323975
0.028802037239074707
0.11584746837615967
0.028802037239074707
0.2211979627609253
0.2211979627609253
0.13432860374450684
0.5476202964782715
0.5476202964782715
3.7399039268493652
2.7399039268493652
2.7399039268493652
3.7399039268493652
0.2925466299057007
0.2925466299057007
0.170301512424469
0.170301512424469
0.12097379565238953
0.12097376585006714
0.09684518575668333
0.27256977558135986
0.24597379565238953
0.24597379565238953
0.2851369857788086
0.2851369857788086
0.2851369857788086
0.2851369857788086
0.4931313991546631
0.05957639217376709
0.4931313991546631
0.10206913948059082
0.11819668168258668
0.35975193977355957
0.11819668168258668
0.11502406597137449
0.11502406597137449
0.013413890655517569
0.47899206036758424
0.11502406597137449
0.11502406597137449
0.16170072555541992
0.16170072555541992
0.11885441893768312
0.3025057911872864
0.2606342613697052
0.2606342613697052
0.11885441893768312
0.37259775400161743
0.7548584938049316
0.10567688941955566
0.7548587322235107
0.7548587322235107
0.7548584938049316
0.8232511281967163
0.3563630724506378
0.5171572864055634
0.5171572864055634
0.3563630724506378
0.0893290638923645
0.051182568073272705
0.051182568073272705
0.051182568073272705
0.051182568073272705
0.7071535587310791
0.4222084879875183
0.14942395687103271
0.4222084879875183
0.07714234362030031
0.2669517993927002
0.360001802444458
0.4942866563796997
0.4431244134902954
0.014560699462890625
0.08766020888519288
0.03775930404663086
0.07714234362030031
0.4942866563796997
0.2873474359512329
0.2873474359512329
0.2173189675254822
0.16132402420043945
0.11199782734680175
0.19570285081863403
0.11199776774215697
0.11199782734680175
0.11199782734680175
0.11199782734680175
0.23754483461380005
0.23754483461380005
0.012455165386199951
0.012455165386199951
0.08893799781799316
0.012455165386199951
0.03193187713623047
0.3673202395439148
0.5766419172286987
0.3673202395439148
0.3776528239250183
0.246048367023468
0.246048367023468
0.10974572544860839
0.10974572544860839
0.5569172745513915
0.1859486699104309
0.5569172745513915
0.2384737730026245
0.19517672061920166
0.19517672061920166
0.19517672061920166
0.21919615864753722
0.21919615864753722
0.23750954866409302
0.04379749298095703
0.2309905445022583
0.2309905445022583
0.2309905445022583
0.23750954866409302
0.38831250667572026
0.38831250667572026
0.46882522106170654
0.38831250667572026
0.38831250667572026
0.31383079290390015
0.2916756272315979
0.2916756272315979
0.05586466789245603
0.0416756272315979
0.05586466789245603
0.5243693834114074
0.5243693834114074
0.14229361658859252
0.14229361658859252
0.27233946323394775
0.27233946323394775
0.27233946323394775
0.23015519976615906
0.23015519976615906
0.019844800233840942
0.019844800233840942
0.019844800233840942
0.16123801469802856
0.16123801469802856
0.35330416316223145
0.35330416316223145
0.35330416316223145
0.31226688623428345
0.31226682662963867
0.2347050905227661
0.08928400874137876
0.08928400874137876
0.04880744218826294
0.04880744218826294
0.29880744218826294
0.14537978172302246
0.29880744218826294
0.04880744218826294
0.028480947017669678
0.21112024784088135
0.21112024784088135
0.13681320900154115
0.09839856624603271
0.13681320900154115
0.03976756930351255
0.09875707382392884
0.09875707382392884
0.03976756930351255
0.3201978802680969
0.24869155883789062
0.24869155883789062
0.24869155883789062
0.24869155883789062
0.24869155883789062
0.139521062374115
0.270544171333313
0.270544171333313
0.15264947766494752
0.15264947766494752
0.010800480842590332
0.27167439460754395
0.27344703674316406
0.27167439460754395
0.31697376018333434
0.13152384757995605
0.31697376018333434
0.32460588216781616
0.10676288604736328
0.10676288604736328
0.10676288604736328
0.32460588216781616
0.11525245064926148
0.11525245064926148
0.05023875832557678
0.4756559729576111
0.05023875832557678
0.28600114583969116
0.4008755838317871
0.4008755838317871
0.28600114583969116
0.4008755838317871
0.54535973072052
0.10721430778503416
0.214216947555542
0.10721430778503416
0.22646808624267578
0.27360689640045166
0.21667128801345825
0.21667128801345825
0.08252137899398804
0.10450694561004636
0.10482263565063477
0.10450694561004636
0.08252137899398804
0.010276198387145996
0.12155795097351074
0.12155798077583313
0.07543027400970459
0.33686633462142945
0.33686633462142945
0.3700128197669983
0.3700128197669983
0.3700128197669983
0.1566007137298584
0.1566007137298584
0.24603931659889222
0.4129132032394409
0.24603931659889222
0.4129132032394409
0.3838565111160278
0.5838565111160279
0.5838564515113831
0.6099560260772705
0.2780609130859375
