0.12658751010894775
0.12658751010894775
0.37341248989105225
0.2481522560119629
0.2481522560119629
0.2481522560119629
0.2481522560119629
0.18454448824691772
0.12835143560600282
0.12835143560600282
0.12835143560600282
0.12835143560600282
0.17528438568115234
0.34022082442474366
0.34022082442474366
0.25401949882507324
0.20418918132781982
0.25401949882507324
0.022295653820037842
1.0513279438018799
1.0513279438018799
1.703040361404419
1.703040361404419
0.10609628314208985
0.10609628314208985
0.10609628314208985
0.10609628314208985
0.40070295333862305
0.40070295333862305
0.33998109423446654
0.33998109423446654
0.3124539256095886
0.677220428543091
0.677220428543091
0.677220428543091
0.677220428543091
0.1717840289516449
0.1717840289516449
0.019205152988433838
0.019205152988433838
0.2936316132545471
0.18328784704208378
1.3321771621704102
0.16841691732406616
1.3321771621704102
0.18328784704208378
0.12199807167053223
0.20835509826755522
0.20835509826755522
0.12199807167053223
0.4661131501197815
0.029371925992965675
0.029371925992965675
0.5517398715019226
0.19240939617156982
0.19240939617156982
0.2822113633155823
0.2822113633155823
0.1506058132095337
0.1506058132095337
0.00674891471862793
0.025594049692153953
0.00674891471862793
0.025594049692153953
0.00674891471862793
0.00674891471862793
0.9357609748840332
0.2274189591407776
0.2274189591407776
0.2274189591407776
0.04210638999938965
1.1048895120620728
1.1048895120620728
0.6466050990295411
0.6466050990295411
0.9539216756820679
0.9539216756820679
0.11558103561401367
0.41234660148620605
0.41234660148620605
0.20631717091369628
0.20631717091369628
0.17206321954727172
0.17206321954727172
2.614527702331543
2.614527702331543
2.614527702331543
2.614527702331543
0.25996822118759155
0.25996822118759155
0.008257800340652488
0.008257800340652488
0.008257800340652488
0.008257800340652488
0.3545147180557251
0.2529521584510803
0.3545147180557251
0.3545147180557251
0.3545147180557251
0.36575543880462646
0.36575543880462646
0.127887383644104
0.127887383644104
0.309812165298462
0.309812165298462
0.309812165298462
0.309812165298462
0.19303168410491944
0.19303168410491944
0.2921599745750427
0.13950461149215698
0.2921599745750427
0.10466583127212525
0.10466583127212525
0.05361473560333252
0.23502635955810547
0.05361473560333252
0.025578123331069957
0.025578123331069957
0.005982741172790518
0.29118096828460693
0.005982741172790518
0.0484318733215332
0.0484318733215332
0.053332366996765135
0.07905292464637756
0.07905295444869995
0.053332366996765135
0.27958154678344727
0.2579726576805115
0.2579726576805115
0.27958154678344727
0.30448466539382935
0.30448466539382935
0.5323033332824707
0.5323033332824707
0.5323033332824707
0.30448466539382935
0.30448466539382935
0.5323033332824707
0.35493719577789307
0.3754913806915283
0.42126398086547834
0.42126398086547834
0.42126398086547834
0.42126398086547834
0.03822493553161621
0.1296636462211609
0.30736690759658813
0.30736690759658813
0.30736690759658813
0.30736690759658813
0.13143277168273926
0.13143277168273926
0.13143277168273926
0.13143277168273926
0.46677517890930176
0.6188536882400513
0.6188536882400513
0.6188536882400513
0.6188536882400513
0.16699346946334837
0.13117256832695012
0.13117256832695012
0.16699346946334837
0.030262351036071777
0.243938148021698
0.243938148021698
0.243938148021698
0.243938148021698
0.19091671109199523
0.19091671109199523
0.19091671109199523
0.19091671109199523
0.07368063926696777
0.06811661948776243
0.06811661948776243
0.2301259195251465
0.2301259195251465
0.08495485782623291
0.34185492992401123
0.02811110019683838
0.9718888998031616
0.2350759506225586
0.2350759506225586
0.25742650032043457
0.25742650032043457
0.22648215293884277
0.22648215293884277
0.00423082709312439
0.21699554324150083
0.07722915519523621
0.21699554324150083
0.333149790763855
0.07722912539291382
0.07343459129333496
0.07343459129333496
0.07343459129333496
0.07343459129333496
0.06477253193092347
0.06477253193092347
0.22481071949005127
0.22481071949005127
0.22481071949005127
0.22481071949005127
0.1054397975845337
0.14249686598777772
0.1054397975845337
0.3198208808898926
0.14249686598777772
0.1078314065933228
0.1078314065933228
0.1078314065933228
0.1078314065933228
0.1384596824645996
0.1384596824645996
0.1384596824645996
0.1384596824645996
0.1384596824645996
0.6233949303627013
0.2789003849029541
0.6233949303627013
0.2789003849029541
0.006244003772735596
0.20680248737335205
0.20680248737335205
0.22633564472198486
0.00624394416809082
0.3615947246551514
0.22633564472198486
0.7964550256729126
0.20680248737335205
0.2452969248428345
0.20680248737335205
0.7964550256729126
0.22633564472198486
0.00624394416809082
0.2452969248428345
0.07710474729537964
0.07710474729537964
0.07710474729537964
0.23597252368927002
0.23597252368927002
0.23123890161514282
0.029648170570373555
0.029648170570373555
0.2626003623008728
0.23123890161514282
0.5885554552078247
0.6121806502342224
0.6121806502342224
0.042343735694885254
0.042343735694885254
1.1205934286117554
0.5706690197753905
0.35516440868377686
0.5888258218765259
0.28451329469680786
0.28451329469680786
0.0792190432548523
0.0792190432548523
0.16059678042488099
0.16059678042488099
0.16059678042488099
0.16059678042488099
0.10466229915618896
0.05853152275085449
0.05853152275085449
0.05853152275085449
0.05853152275085449
0.06218074316215516
0.05526614189147949
0.06218074316215516
0.06218074316215516
0.06218074316215516
0.04992753267288208
0.05342823266983032
0.05342823266983032
0.05342823266983032
0.05342823266983032
0.017907583713531516
0.017907583713531516
0.15158121341896058
0.017907583713531516
0.017907583713531516
0.35241687297821045
0.13491928577423096
0.13491928577423096
0.06193774938583374
0.06193774938583374
0.16485796922874452
0.014298439025878906
0.16485796922874452
0.03853452205657959
0.5025339126586914
0.5025339126586914
0.5025339126586914
0.5025339126586914
0.5025339126586914
0.5025339126586914
0.025860190391540527
0.3313685655593872
0.025860190391540527
0.3313685655593872
0.3313685655593872
0.025860190391540527
0.3313685655593872
0.0731098210258484
0.0731098210258484
0.0731098210258484
0.0731098210258484
0.4900761842727661
0.32702457904815674
0.6464089155197144
0.07237648963928223
0.6464089155197144
0.32702457904815674
0.08714938163757324
0.12207485789489747
0.12207485789489747
0.08714938163757324
0.12207485789489747
0.18335551023483276
0.355746865272522
0.34537273645401
0.34690701961517334
0.34690701961517334
0.34690701961517334
0.34690701961517334
0.34690701961517334
0.5237666368484497
0.5237666368484497
0.3566492795944214
0.3566492795944214
1.3276035785675049
1.3276035785675049
1.3276035785675049
1.3276035785675049
0.13435328006744385
0.13435328006744385
0.3512093424797058
0.7966396808624268
0.7966396808624268
0.37748169898986816
0.4608553647994995
0.37748169898986816
0.2263591443939209
0.234441876411438
0.28056472539901733
0.28056472539901733
0.2263591443939209
0.17139625549316406
0.17139625549316406
0.1899200677871704
0.17139625549316406
0.17139625549316406
0.11360360736083985
0.035619378089904785
0.035619378089904785
0.16754448413848877
0.16754448413848877
0.9643806219100952
0.035619378089904785
0.30125582218170166
0.30125582218170166
0.03505816459655764
0.03505816459655764
0.15844625234603882
0.2143622636795044
0.41044063920211793
0.2143622636795044
0.7081693410873413
0.2143622636795044
0.2143622636795044
0.41044063920211793
0.2143622636795044
0.25410449504852295
0.006031453609466553
0.35813355445861816
0.33415257930755615
0.35813355445861816
0.35813355445861816
0.003616809844970703
0.003616809844970703
0.260658860206604
0.10833954811096191
0.10833954811096191
0.28723573684692383
0.13775324821472168
0.5807706117630005
0.13775324821472168
0.3325772285461426
0.3010575771331787
0.28723573684692383
0.010302376747131303
0.010302376747131303
0.010302376747131303
0.010302376747131303
0.05906879901885986
0.05906879901885986
0.05906879901885986
0.05906879901885986
0.14534258842468262
0.14534258842468262
0.14534258842468262
0.14534258842468262
0.14534258842468262
0.21930022483634948
0.1979798972606659
0.24863447546958922
0.24863447546958922
0.21930022483634948
0.02298825979232788
0.02298825979232788
0.23943430185317993
0.23943430185317993
0.6290619611740111
0.6290619611740111
0.21963238716125488
0.21963238716125488
0.21963238716125488
0.21963238716125488
0.0722421407699585
0.0722421407699585
0.0722421407699585
0.0722421407699585
0.6773591041564941
0.11283040046691895
0.5314061641693115
0.22670968826293958
0.21616777236938467
0.22670968826293958
0.4331833362579345
0.4331833362579345
0.10976320505142212
0.10976320505142212
0.10976320505142212
0.21509402990341187
0.0763445496559143
0.21509402990341187
0.21509402990341187
0.21509402990341187
0.1388871669769287
0.1388871669769287
0.3911481499671936
0.07332921028137207
0.3911479711532593
0.13888704776763916
0.13185365552139283
0.13185365552139283
0.13185365552139283
0.13185365552139283
0.4668337106704712
0.18919919729232787
0.18919919729232787
0.16261696815490723
0.18919919729232787
0.18919919729232787
0.009702271223068215
0.009702271223068215
0.009702271223068215
0.009702271223068215
0.5468612909317017
0.013794898986816406
0.013794898986816406
0.42410337924957275
0.2510593831539154
0.2942773103713989
0.2003657281398773
0.2003657281398773
0.42410337924957275
0.07503911852836609
0.07503911852836609
0.07503911852836609
0.07503911852836609
0.07503911852836609
0.05660468339920044
0.05660468339920044
0.05660468339920044
0.05660468339920044
0.7328243255615234
0.7328243255615234
0.7328243255615234
0.7328243255615234
0.3961620330810547
0.11024677753448486
0.11024677753448486
0.0042678117752075195
0.0042678117752075195
0.2508055567741394
0.10119080543518066
0.028143382072448708
1.531869888305664
1.531869888305664
1.531869888305664
1.531869888305664
0.2301020622253418
0.2301020622253418
0.2301020622253418
0.2301020622253418
0.5416015386581421
0.1612909436225891
0.874355673789978
0.874355673789978
0.874355673789978
0.874355673789978
0.5702100694179535
0.25128281116485596
0.9553036689758301
0.11459696292877197
0.2512829303741455
0.2512829303741455
0.25128281116485596
0.11459696292877197
0.7458949089050293
0.1083191394805908
0.06415049662208555
0.14840503091049195
0.06415049662208555
0.20278788208961485
0.20278788208961485
0.13111931085586548
0.223474383354187
0.223474383354187
0.223474383354187
0.223474383354187
0.2888163924217224
0.2888163924217224
0.19422614574432373
0.19422614574432373
0.09481983184814458
0.09481983184814458
0.09481983184814458
0.09481983184814458
0.21208477020263672
0.21208477020263672
0.21208477020263672
0.21208477020263672
0.21208477020263672
0.07086816476440427
0.1120920062065125
0.07086816476440427
0.07086822436904905
0.07086822436904905
0.1120920062065125
0.28419095277786255
0.28419095277786255
0.28419095277786255
0.28419095277786255
0.28419095277786255
0.08698262328338624
0.06764505734062193
0.11970144510269165
0.11970144510269165
0.11970144510269165
0.11970144510269165
0.11970144510269165
0.26532575534439085
0.26532575534439085
0.26779679899978637
0.26779679899978637
0.26779679899978637
0.1769873058242798
0.2712724208831787
0.10708999633789062
0.10708999633789062
0.6575467586517334
0.6575467586517334
0.2917819023132324
0.024857401847839355
0.07887458801269531
0.5462398529052734
0.5462398529052734
0.5462398529052734
0.546239972114563
0.20933248156738282
0.34509438276290894
0.2942126989364624
0.1666609287261963
0.07690966129302979
0.1666609287261963
0.07690966129302979
0.2684897184371948
0.2684897184371948
0.2684897184371948
0.2684897184371948
0.2684897184371948
0.2684897184371948
0.22443349713516236
0.00992363691329956
0.00992363691329956
0.00992363691329956
0.00992363691329956
0.3220003843307495
0.3220003843307495
0.3220003843307495
0.3220003843307495
0.858147144317627
0.858147144317627
0.858147144317627
0.858147144317627
0.21310460567474365
0.08339416980743408
0.08339416980743408
0.08339416980743408
0.08339416980743408
0.04121656769943238
0.04121656769943238
0.04121650809478761
0.04121650809478761
0.1861687158985138
0.32314181327819824
0.32314181327819824
0.051905155181884766
0.051905155181884766
0.3990054130554199
0.3990054130554199
0.16720503568649292
0.3112752437591553
0.16720503568649292
0.3112752437591553
0.05709618330001831
0.05709618330001831
0.05709618330001831
0.05709618330001831
0.14988948458862306
0.13291324729156495
0.14988948458862306
0.13291324729156495
0.44534432888031006
0.13291324729156495
0.13291324729156495
0.27967530488967896
0.27967530488967896
0.27967530488967896
0.27967530488967896
0.27967530488967896
0.15718816518783574
0.055498326377868556
0.16673612594604492
0.15718816518783574
0.055498326377868556
0.10827827453613281
0.04570999145507815
0.10827827453613281
0.04570999145507815
0.1348227858543396
0.585336446762085
0.585336446762085
0.12836968898773193
0.12836968898773193
0.14981921071243287
0.14981921071243287
0.14981921071243287
0.14981921071243287
0.14981921071243287
0.48553216457366943
0.07402634620666504
0.07402634620666504
0.07402634620666504
2.005497455596924
0.06951969861984253
0.23409581184387207
0.23409581184387207
0.23409581184387207
0.23409581184387207
0.23409581184387207
0.06558802723884583
0.2978313223876953
0.2978313223876953
0.3083360195159912
0.2978312627830505
0.2978313223876953
0.18991243839263916
0.18991243839263916
0.18991243839263916
0.18991243839263916
0.18991243839263916
0.18991243839263916
0.18991243839263916
0.12190693616867065
0.12190693616867065
0.12190693616867065
0.12190693616867065
0.18284094333648682
0.18284094333648682
0.18284094333648682
0.18284094333648682
0.3921464610290526
0.3921464610290526
0.3921464610290526
0.3921464610290526
0.6243896484375
0.33364009857177734
0.0445561408996582
0.6243896484375
0.0445561408996582
0.14939475059509277
0.14939475059509277
0.14939475059509277
0.14939475059509277
0.14704537391662598
0.2501024603843689
0.2501024603843689
0.2501024007797241
0.2501024007797241
0.2501024007797241
0.0736958384513855
0.19360816478729248
0.596634030342102
0.596634030342102
0.596634030342102
0.596634030342102
0.1560519779281616
0.330791711807251
0.1560519779281616
0.330791711807251
0.2683217525482178
0.20947617292404175
1.3993844985961914
0.6647138595581055
1.3993844985961914
0.6647138595581055
0.2453017234802246
0.18910247087478638
0.021152750198364267
0.18910247087478638
0.09237384796142578
0.021152750198364267
0.23678958415985107
0.08483946323394775
0.056342124938964844
0.12853527069091797
0.056342124938964844
0.28206127882003784
0.12853527069091797
0.6532484292984009
0.6532484292984009
0.6532484292984009
0.6532484292984009
0.07699644565582275
0.07699644565582275
0.07699644565582275
0.07699644565582275
0.07699644565582275
0.36148496921539297
0.36148496921539297
0.36148496921539297
0.36148496921539297
0.7877234220504761
0.7877234220504761
0.7877234220504761
0.7877234220504761
0.22407376766204834
0.0842236876487732
0.2807401418685913
0.22407376766204834
0.2807401418685913
0.29203563928604126
0.29203563928604126
0.2559394836425781
0.1877373456954956
0.1877373456954956
0.1877373456954956
0.21294665336608887
1.219217300415039
1.219217300415039
1.219217300415039
1.219217300415039
0.265636146068573
0.265636146068573
0.265636146068573
0.265636146068573
0.266703724861145
0.266703724861145
0.3502013683319092
0.23170948028564453
0.32105231285095215
0.23170948028564453
0.23170948028564453
0.06714177131652832
0.06714177131652832
0.23365861177444458
0.06714177131652832
0.06714177131652832
0.06714177131652832
1.781076431274414
1.025202989578247
1.781076431274414
1.025202989578247
0.0031157732009887695
0.0031157732009887695
0.0031157732009887695
0.28562313318252563
0.28562313318252563
0.0031157732009887695
0.28562313318252563
0.10572677850723267
0.10572683811187744
0.10572683811187744
0.2023908495903015
0.2023908495903015
0.22669561063690186
0.23502919291915894
0.22669561063690186
0.23502919291915894
1.745786190032959
0.37096184492111206
0.37096184492111206
0.37096184492111206
0.37096184492111206
1.3919976949691772
1.3919976949691772
1.0068955421447754
1.0068955421447754
0.7933930508422851
0.7933930508422851
0.7933930508422851
0.7933930508422851
0.9268598556518555
0.11565560102462769
0.11565560102462769
0.11565560102462769
0.11565560102462769
0.10398685932159424
0.5998011231422424
0.09980112314224243
0.09980112314224243
0.5998011231422424
0.5998011231422424
0.5998010635375977
2.8694748878479004
2.8694753646850586
1.5876469612121582
1.5876469612121582
0.03168664818572997
0.21349751949310303
0.03168664818572997
0.21349751949310303
0.20362484455108643
0.20362484455108643
0.20362484455108643
0.20362484455108643
0.20362484455108643
0.20362484455108643
0.3678929090499878
0.09406626224517822
0.30081748962402344
0.28768259286880493
0.28768259286880493
0.1030268669128418
0.1030268669128418
0.134516179561615
0.1030268669128418
0.23806190490722656
0.23806190490722656
0.23806190490722656
0.23806190490722656
1.1892845630645752
0.4772544503211975
0.4772544503211975
0.4772544503211975
1.1892845630645752
0.47725439071655273
0.1892845630645752
1.1892845630645752
0.3529450297355652
0.016967475414276123
0.016967475414276123
0.016967475414276123
0.13789933919906616
0.1545814871788025
0.1545814871788025
0.2065933346748352
0.13870549201965332
0.13870549201965332
0.1545814871788025
0.07503443956375122
0.07503443956375122
0.07503443956375122
0.29324259757995597
0.29324259757995597
0.29324259757995597
0.29324259757995597
0.18289434909820557
0.18289434909820557
0.21881723403930664
0.18289434909820557
0.18289434909820557
0.22652673721313477
0.22652673721313477
0.22652673721313477
0.22652673721313477
0.22652673721313477
0.22652673721313477
0.5418424606323242
0.16078031063079834
0.16078031063079834
0.16078031063079834
0.16078031063079834
0.16078031063079834
2.874417781829834
2.874417781829834
2.874417781829834
2.874417781829834
0.2793650781555176
0.2793650781555176
0.07162269949913025
0.33535218238830566
0.33535218238830566
0.07162269949913025
1.2916259765625
0.6273322944450379
0.32437992095947266
0.3025362491607666
0.3025362491607666
1.7438263893127441
1.7438263893127441
1.7438263893127441
1.7438263893127441
0.21030080318450928
0.7880120277404785
0.7880120277404785
0.7880120277404785
0.7880120277404785
0.7880120277404785
0.7880122661590576
0.2683751583099365
0.16023266315460205
0.06528674011993407
0.06528674011993407
0.2683751583099365
0.16023266315460205
0.07735377550125122
0.01917368173599243
1.0322628021240234
0.1578965187072754
0.2572214603424072
0.19036874771118162
0.19303667545318604
0.207747220993042
0.19303667545318604
0.19303667545318604
0.19303667545318604
0.20749427080154415
0.20749427080154415
0.20749427080154415
0.20749427080154415
0.0912628173828125
0.11790436506271362
0.11790436506271362
0.11790436506271362
0.3948097825050354
0.7955338954925537
0.3948097825050354
0.3948097825050354
0.3948097825050354
0.18519447797966004
0.011348903179168701
0.18519441837501527
0.20063340663909912
0.18519447797966004
0.18519447797966004
0.4935300350189209
0.7397407537269591
0.4935300350189209
0.47891894523620615
0.47891894523620615
0.3767926836566925
0.09147870540618896
0.12273450249862672
0.6303795576095581
0.6303795576095581
0.2016877288055421
0.07351243495941162
0.2016877288055421
0.21185446381568906
0.04742777347564697
0.6859228610992432
0.3095959424972534
0.3095959424972534
0.3095959424972534
0.3095959424972534
0.3095959424972534
0.3095959424972534
0.3095959424972534
0.3095959424972534
0.41931558847427364
0.41931558847427364
0.41931558847427364
0.41931558847427364
0.18339306116104126
0.17218369245529175
0.11914174312782289
0.17218369245529175
0.17218369245529175
0.17218369245529175
0.3038915991783142
0.3038915991783142
0.14924931526184082
0.1728871464729309
0.14924931526184082
0.23600460643005372
0.3042374849319458
0.3042374849319458
0.3042374849319458
0.3042374849319458
0.3042374849319458
0.11647082919311524
0.012949645519256592
0.2045992612838745
0.2045992612838745
0.2045992612838745
0.2045992612838745
0.2045992612838745
0.2045992612838745
0.26796650886535645
0.26796650886535645
0.26796650886535645
0.26796650886535645
0.20591355806159972
0.20385605096817017
0.9038745516967772
0.9038745516967772
0.9038745516967772
0.9038745516967772
0.24390976076889037
0.4301321506500244
0.10248607397079468
0.10248607397079468
0.10248607397079468
0.18624871969223022
0.10131806135177612
0.10131806135177612
0.38088881969451904
0.45312201976776123
0.18812286853790283
0.23398858308792114
0.23398858308792114
0.23398858308792114
0.23398858308792114
0.17865490913391113
0.1214574337005615
0.9425051212310791
0.1767628037033081
0.5814578777122497
0.3553253412246704
0.6888227462768555
0.06295609474182129
0.06295609474182129
0.06295609474182129
0.20485037565231323
0.06295609474182129
0.7259171009063721
0.7259173393249512
0.7259173393249512
0.7259171009063721
0.29573071002960205
0.48952817916870117
0.2644014358520508
0.8380882143974304
0.02162802219390869
0.02162802219390869
0.8380882143974304
0.02162802219390869
0.02162802219390869
0.49962103366851807
0.7599046230316162
0.013034999370574951
0.013034999370574951
0.17450547218322754
0.17450547218322754
0.17450547218322754
0.17450547218322754
0.17450547218322754
0.4044382572174072
2.2883644104003906
1.0039489025306703
0.05117321014404297
0.2269694956474304
0.5761024951934814
0.40798306465148926
0.40798306465148926
0.09305417537689209
0.09305417537689209
0.796338677406311
0.7963385581970215
0.08235692995929718
0.08235695976161957
0.08235695976161957
0.08235695976161957
0.6133779639434815
0.6133779639434815
0.6133779639434815
0.6133779639434815
0.7303723096847534
0.6230050027370453
0.334577739238739
0.21018671989440918
0.21018671989440918
0.854621410369873
0.854621410369873
0.08761191368103027
0.041794830560684226
0.041794830560684226
0.041794830560684226
0.041794830560684226
0.29751044511795044
0.29751044511795044
0.8249489068984985
0.05094866400527953
0.17405452132225036
0.13839268684387207
0.13839268684387207
0.17405452132225036
0.13329803943634033
0.13329803943634033
0.13329803943634033
0.13329803943634033
0.13329803943634033
0.11204004287719727
0.11204004287719727
0.021962016820907593
0.21608281135559082
0.21608281135559082
0.21608281135559082
0.021962016820907593
0.3723824620246887
0.12134756201934815
0.05879420042037964
0.12134756201934815
0.22724807262420654
0.0002878904342651367
0.11929924732017516
0.25178205966949463
0.04980179071426394
0.3150068521499634
0.3150068521499634
0.28706860542297363
0.01145288348197937
0.01145288348197937
0.01145288348197937
0.3150068521499634
0.056414008140563965
0.056414008140563965
0.056414008140563965
0.03660154342651367
0.11860552430152893
0.2056906819343567
0.03894853591918945
0.03894853591918945
0.19461286067962646
0.0466878863506317
0.0466878863506317
0.0466878863506317
0.0466878863506317
0.11043890118598937
0.18832999467849731
0.18832999467849731
0.0886883294029236
1.0924603939056396
0.9494929313659668
0.08746296167373657
0.786884069442749
0.27344799041748047
0.27344799041748047
0.09007155895233154
0.09007155895233154
0.1324521005153656
0.1678621768951416
0.1678621768951416
0.09669937247467042
0.14259910583496094
0.09669937247467042
0.015419363975524902
0.18030188923645019
0.1425501262588501
0.723881721496582
0.1425501262588501
0.02786713242530825
0.02786713242530825
0.6278063654899597
0.14027552604675292
0.17887978201675414
0.12386757135391235
0.4072209596633911
0.12386757135391235
0.094016432762146
0.094016432762146
0.011494302749633811
0.8026041984558105
0.1017768383026123
0.1017768383026123
0.29662108421325684
0.29662108421325684
0.1017768383026123
0.1017768383026123
0.1017768383026123
0.07510907332420347
1.157865285873413
0.810465931892395
0.810465931892395
0.49919171654510497
0.1825411319732666
0.1825411319732666
0.006894350051879883
0.006894350051879883
0.014036611263275156
0.014036611263275156
1.1414775848388672
1.1414775848388672
0.2269518529815674
0.2269518529815674
0.46407002210617065
0.02147447466850283
0.02147447466850283
0.15720057487487793
1.0975905060768127
0.24223780632019043
0.06426294078445433
0.06426294078445433
1.2918956875801086
1.2918956875801086
0.4410076141357422
0.4410076141357422
0.20888030529022217
0.2029535174369812
0.2029535174369812
0.18037237281036378
0.18037237281036378
0.7749247550964355
0.5062220394611359
0.5062220394611359
0.01635962724685669
0.01635962724685669
0.06706234812736511
0.06706234812736511
9.478593826293945
0.2546080946922302
0.2546080946922302
0.2546080946922302
0.2476952075958252
0.2476952075958252
0.13657070750427247
0.29176223278045654
0.13657070750427247
0.7675552368164062
0.3928031921386719
0.3928031921386719
0.7675552368164062
0.14391972178649903
0.14391972178649903
0.2838646173477173
0.048958539962768555
0.038494229316711426
0.36314982175827026
0.2646927535533905
0.2646927535533905
0.10073879361152649
0.05230458974838259
0.05230458974838259
0.10073879361152649
0.044613003730773926
0.10073879361152649
0.044613003730773926
0.26623255014419556
0.26623255014419556
0.14342540502548218
0.5258864164352417
0.35647284984588623
0.35647284984588623
0.19938254356384277
0.10616239905357361
0.358240008354187
0.634631872177124
0.10616239905357361
0.06126137131881715
0.1009044349193573
0.06126137131881715
0.17559152841567993
0.11982321739196777
0.3199230432510376
0.11651790142059326
0.3199230432510376
0.11982321739196777
0.11982321739196777
0.564828634262085
0.6144899129867554
0.14039684886169435
0.14039684886169435
0.33054959774017334
0.2800633465690613
0.17272408360671998
0.2800633465690613
0.8839406967163086
0.2221625005645752
0.005391180515289307
0.2221625005645752
0.30028635263442993
0.30028635263442993
0.1402056371612549
0.21833139657974243
0.1402056371612549
0.1402056371612549
0.05970478057861328
0.02365046739578247
0.04694408178329468
0.05203504914474488
0.05203504914474488
0.1163710355758667
0.052035019342422495
0.3503143787384033
0.20801925659179688
0.0606416916294098
0.0606416916294098
0.09675672650337219
0.09675672650337219
0.03389536738395693
0.03389536738395693
0.18997544050216675
0.0975365936756134
0.0975365936756134
0.09743443131446838
0.09743443131446838
0.2560282504005432
0.24884438514709473
0.24884438514709473
0.2560282504005432
0.08668631315231323
0.08668631315231323
0.13238932246398927
0.10598053092193604
0.3860687017440796
0.10598053092193604
0.13898874873352052
0.10598053092193604
0.10598053092193604
0.22735346907806397
0.04742180705070498
0.04742180705070498
0.2546447515487671
0.0943463146686554
0.09434628486633301
0.0020812904281616307
0.11889481544494629
0.1346675157546997
0.1156696081161499
0.1156696081161499
0.41397976875305176
0.41397976875305176
0.18776831030845642
0.6031830310821533
0.6031830310821533
1.0071253776550293
0.9483704566955566
0.9483704566955566
0.11351686716079712
0.9928746223449707
0.07703518867492676
0.8204258680343628
0.8204258680343628
0.15741008520126343
0.0018155574798583984
0.0014629960060119629
0.0014629960060119629
0.0014629960060119629
0.0014629960060119629
0.0014629960060119629
0.23303192853927612
0.4099600315093994
0.027219549362182627
0.027219549362182627
0.012588560581207275
0.023926302249908438
0.20000314712524414
0.02392627244758605
0.22804242372512817
0.11973083019256592
0.09452953934669495
0.1788196563720703
0.1788196563720703
0.09452953934669495
0.358309268951416
0.358309268951416
0.358309268951416
0.358309268951416
0.23453120910453795
0.08726871059989927
0.29823827743530273
0.02018251419067385
0.08726871059989927
0.23453120910453795
0.24297910928726196
0.24297910928726196
0.4303257465362549
0.4303257465362549
0.0077950358390808105
0.0077950358390808105
0.011501216888427757
0.011501216888427757
0.0913600480003357
0.2160428762435913
0.20238226652145386
0.6708317642974853
0.6708317642974853
0.5726713836193085
0.49380016326904297
0.5726713538169861
1.3076937198638916
0.11374419927597046
0.26580782288742066
0.11374419927597046
0.09902368540000916
0.4085654616355896
0.02312879194831846
0.03645813465118408
0.048299193382263184
0.07058610076141358
0.07058610076141358
0.02312879194831846
0.08308933973312377
0.16917704343795775
0.057966307346344004
0.16917704343795775
0.25766426920890806
0.569733738899231
0.4723409414291382
0.08844035863876343
0.569733738899231
0.18026626110076904
0.18026626110076904
0.08844035863876343
0.04979355931282042
0.0006038700981140233
0.04979355931282042
0.06243425643730163
0.06243425643730163
0.08936627263259889
0.1568790681419373
0.2810847759246826
0.08049969429206849
0.15769583058929448
0.07997649908065796
0.17480957508087158
0.17480957508087158
0.17480957508087158
0.3204936385154724
0.3204936385154724
0.3204936385154724
0.3204936385154724
0.05780048722457887
0.3034374542217254
0.2794593691825866
0.043723076581954956
0.17827842235565183
0.3879977310256958
0.3034374542217254
0.18950924277305603
0.2794593691825866
0.1314586281776428
0.1722288727760315
0.1314586281776428
0.1722288727760315
0.25686068886947633
0.16976420879364013
0.3722170889377594
0.16976420879364013
0.3722170889377594
0.17931222915649414
0.07385113239288332
0.07385113239288332
0.290244996547699
0.4076097011566162
0.18617518544197081
0.1148424744606018
0.18617518544197081
0.290244996547699
0.1148424744606018
0.13531792163848877
0.1768416464328766
0.4119502305984497
0.18143034577369688
0.10651260660743711
0.32844671607017517
0.10651260660743711
0.036344393392562846
0.11608649844360353
0.08110308647155762
0.036344393392562846
0.21197022551727296
0.24343332648277283
0.07382194751930238
0.006566673517227173
0.0796388840122223
0.006566673517227173
0.24343332648277283
0.0997871463165283
0.3497490882873535
0.9353504180908203
0.09608662128448486
0.3497490882873535
0.7340628748703002
0.7340628748703002
0.9813723564147949
0.9813723564147949
0.170701265335083
0.19980273246765134
0.3160788118839264
0.1941996968784332
0.1941996968784332
0.08369326591491699
0.16493834609222413
0.19980273246765134
0.3604488968849182
0.055980145931243896
0.055980145931243896
0.02752506732940674
0.48566001653671265
0.13738059997558594
0.03754463791847229
0.13738059997558594
0.016902446746826172
0.06285290474128724
0.21708614230155943
0.21708614230155943
0.47510942276000967
0.31717830896377563
0.006141245365142822
0.1931149959564209
0.006141245365142822
0.1814193571166992
0.022837237064361582
0.022837237064361582
0.3953191041946411
0.0727640688419342
0.0727640688419342
0.07276403903961182
0.07276403903961182
0.15452547425460816
0.058665692806243896
0.15452547425460816
0.08939923400115968
0.015316689014434837
0.3406563997268677
0.015316689014434837
0.3406563997268677
0.10986706614494324
0.21475167626571656
0.10986706614494324
0.23370158672332764
0.18957643280410763
0.2963000535964966
0.18957643280410763
0.36900150775909424
0.04797484034729005
0.1773180842399597
0.04797484034729005
0.14519476890563965
0.14519476890563965
0.13765263557434082
0.16274304742050172
0.16274304742050172
0.06250262260437012
0.7094411849975586
0.2905588150024414
0.7094411849975586
0.2905588150024414
0.3919132351875305
0.3919132947921753
0.7710115909576416
0.6039537191390991
0.27062071913909913
0.517493486404419
0.6039537191390991
0.11311787366867065
0.3051720857620239
0.27062071913909913
0.055674612522125244
0.055674612522125244
0.5525829792022705
0.13053178787231445
0.00024121999740600586
0.30866724252700806
0.00024121999740600586
0.249758780002594
0.249758780002594
0.3072816729545593
0.1756502389907837
0.1756502389907837
1.7304205894470215
0.7304205894470215
0.7304205894470215
1.7304205894470215
0.13866940140724182
0.13866940140724182
0.03547041172218324
0.03547041172218324
0.010230094194412231
0.01023012399673462
0.2120217144489288
0.3730316162109375
0.11476990580558777
0.11476990580558777
0.15235026478767394
0.15235026478767394
0.15235026478767394
0.15235026478767394
0.09323257207870483
0.4141814112663269
0.09323257207870483
0.23761999607086182
0.28702147359085084
0.22492516040802002
0.28702147359085084
0.040635579824447654
0.040635579824447654
0.10112305039596559
0.1933316146774292
0.040635579824447654
0.040635579824447654
0.2729281187057495
0.2729281187057495
0.021668299491882315
0.005876779556274414
0.11206518411636351
0.11206518411636351
0.021668299491882315
0.20872259140014648
0.7165486812591553
0.23592090606689453
0.7165486812591553
0.7165486812591553
0.7165486812591553
0.5966531038284302
0.23198609000015258
0.3457034230232239
0.3457034230232239
0.23198609000015258
0.1732826828956604
0.22354340553283691
0.22354340553283691
0.22354340553283691
0.22354340553283691
0.5881444215774536
0.22103148698806763
0.03512483835220337
0.22103148698806763
0.1141052104034424
0.2959800958633423
0.05921882390975952
0.4573237895965576
0.34477317333221436
0.16761887073516846
0.016730681602478037
0.1982899308204651
0.1141052104034424
0.4573237895965576
0.04852518439292908
0.04852518439292908
0.026379034463882456
0.4644949436187744
0.18791230076980592
0.3987917900085449
0.18791230076980592
0.18791230076980592
0.18791230076980592
0.18791230076980592
0.12114077806472778
0.12114077806472778
0.12885922193527222
0.12885922193527222
0.3266523480415344
0.12885922193527222
0.15892672538757324
0.24027127027511597
0.46214497089385986
0.24027127027511597
0.1776829957962036
0.14998743534088133
0.14998743534088133
0.04168258553314208
0.04168258553314208
0.6249804144668578
0.3199704885482788
0.6249804144668578
0.396110475063324
0.01446610689163208
0.01446610689163208
0.01446610689163208
0.04712449312210082
0.04712449312210082
0.009132802486419678
0.1310969591140747
0.01548497432899476
0.01548497432899476
0.01548497432899476
0.009132802486419678
0.26239435672760014
0.26239435672760014
0.291698157787323
0.26239435672760014
0.26239435672760014
0.09472107887268066
0.12628379464149475
0.12628379464149475
0.07376917600631716
0.12371620535850525
0.07376917600631716
0.5686709528732299
0.5686709528732299
0.09799204712677001
0.09799204712677001
0.28601962327957153
0.28601962327957153
0.28601962327957153
0.14154836535453796
0.14154836535453796
0.10845163464546204
0.10845163464546204
0.10845163464546204
0.037573397159576416
0.037573397159576416
0.11750023121070863
0.11750023121070863
0.11750023121070863
0.12859007716178894
0.12859007716178894
0.05059093236923218
0.03228932023048403
0.03228932023048403
0.11850988864898682
0.11850988864898682
0.13149011135101318
0.25424063205718994
0.13149011135101318
0.11850988864898682
0.013656646013259888
0.15687981247901917
0.15687981247901917
0.10160629505348207
0.25895965099334717
0.10160629505348207
0.013175541162490867
0.052735224906921396
0.052735224906921396
0.013175541162490867
0.23362737894058228
0.18799996376037598
0.18799996376037598
0.18799996376037598
0.18799996376037598
0.18799996376037598
0.21327173709869385
0.13569515943527222
0.13569515943527222
0.2198812221927643
0.2198812221927643
0.18183499574661255
0.25976312160491943
0.23484313488006592
0.25976306200027466
0.24157635813522338
0.18217790126800537
0.24157635813522338
0.06411886215209961
0.34455978870391846
0.34455978870391846
0.34455978870391846
0.06411886215209961
0.10702402943801881
0.10702402943801881
0.0819987952709198
0.3409382104873657
0.0819987952709198
0.10578590631484985
0.053279772941589365
0.053279772941589365
0.10578590631484985
0.053279772941589365
0.05915379524230957
0.14762920737266538
0.2625158429145813
0.14762920737266538
0.2802104949951172
0.3314943313598633
0.24487733840942383
0.24487733840942383
0.10941809415817261
0.017913663387298606
0.23015046119689941
0.017913663387298606
0.10941806435585022
0.2533313035964966
0.06710034608840942
0.06710034608840942
0.19066745042800903
0.019164905492782602
0.019164905492782602
0.012384176254272461
0.012384176254272461
0.012384176254272461
0.04343843460083008
0.04343843460083008
0.20270372981262208
0.2775214910507202
0.20270372981262208
0.2775214910507202
0.14993777275085451
0.0500622272491455
0.0500622272491455
0.35007959604263306
0.1850627064704895
