0.1593761444091797
0.1593761444091797
-0.3406238555908203
2.7197511196136475
2.7197511196136475
2.7197511196136475
2.7197511196136475
0.43338014239501954
0.1762626016693115
0.1762626016693115
0.1762626016693115
0.1762626016693115
-0.12340325117111206
0.14986680393981933
0.14986680393981933
-0.3683748245239258
0.048318684101104736
-0.3683748245239258
0.05448281764984131
1.1765600442886353
1.1765600442886353
2.770604729652405
2.770604729652405
0.6476212894363403
0.6476212894363403
0.6476212894363403
0.6476212894363403
-0.03546351194381714
-0.03546351194381714
-0.03397680842208861
-0.03397686802673339
-0.2615501880645752
1.7023543363380433
1.7023543363380433
1.7023543363380433
1.7023543363380433
0.5833395277900696
0.5833395277900696
0.4766956567764282
0.4766956567764282
-0.2416170835494995
0.6687065839767456
2.650733232498169
-0.34926676750183105
2.650733232498169
0.6687065839767456
0.33008909225463867
0.3389747880897522
0.3389747880897522
0.33008909225463867
0.6435648202896118
0.07871190587997434
0.07871190587997434
0.6435648202896118
0.05554938316345215
0.05554938316345215
-0.012629687786102295
-0.012629687786102295
0.4670949136657715
0.4670949136657715
-0.38770949840545654
0.07657613754272463
-0.38770943880081177
0.07657619714736941
-0.38770949840545654
-0.38770949840545654
0.7139225006103516
0.05797535181045532
0.05797535181045532
0.05797535181045532
0.028052091598510742
1.227973759174347
1.227973759174347
0.7963441856575013
0.7963441856575013
-0.09008151292800903
-0.09008151292800903
-0.28343820571899414
-0.09008151292800903
-0.09008151292800903
0.09373457783889771
0.09373457783889771
0.05960024595260621
0.05960024595260621
9.863071203231812
9.863071203231812
9.863071203231812
9.863071203231812
0.42140960693359375
0.42140960693359375
0.17434372901916506
0.17434372901916506
0.17434372901916506
0.17434372901916506
0.6134187579154968
-0.3911627531051636
0.613418698310852
0.613418698310852
0.613418698310852
0.34486985206604004
0.34486985206604004
0.30004330033493043
0.30004330033493043
0.8811444411659242
0.8811444411659242
0.8811444411659242
0.8811444411659242
-0.22734101170730592
-0.22734101170730592
0.06591147184371948
0.06163167953491211
0.06591147184371948
0.10594876164627076
0.10594876164627076
0.0710802674293518
0.06189078092575073
0.0710802674293518
0.013592827320098866
0.013592827320098866
0.05824242478179931
0.0576169490814209
0.05824242478179931
0.05598163604736328
0.05598163604736328
-0.034973719173431395
-0.05078056408309936
-0.05078074289703369
-0.034973719173431395
0.34298229217529297
0.6643732190132141
0.6643732190132141
0.34298229217529297
0.062307536602020264
0.062307536602020264
1.0623075366020203
1.0623075366020203
1.0623075366020203
0.062307536602020264
0.062307536602020264
1.0623075366020203
0.8588944673538208
0.6802627444267273
1.9401683092117308
1.9401683092117308
1.9401683092117308
1.9401683092117308
-0.027680277824401855
0.31289029121398926
0.6718272566795349
0.6718272566795349
0.6718272566795349
0.6718272566795349
0.06591147184371948
0.06591147184371948
0.06591147184371948
0.06591147184371948
0.7821279168128967
1.3090672492980957
1.3090672492980957
1.3090672492980957
1.3090672492980957
0.3895970885620117
0.21866548133468633
0.21866548133468633
0.3895970885620117
0.6859456896781921
0.06591147184371948
0.06591147184371948
0.06591147184371948
0.06591147184371948
-0.29972060918807986
-0.29972060918807986
-0.29972060918807986
-0.29972060918807986
0.05672961473464966
0.06106044282531736
0.06106044282531736
0.2431641971511841
0.2431641971511841
0.4382517337799072
-0.23581933975219727
0.04346787929534912
1.0434678792953491
0.08128321170806885
0.08128321170806885
0.10004681348800659
0.10004681348800659
0.01722925901412964
0.01722925901412964
0.05153343081474304
0.22820905447006223
0.09141801108169556
0.22820899486541746
0.8660006523132324
0.09141795147705079
-0.24840444326400757
-0.24840444326400757
-0.24840444326400757
-0.24840444326400757
-0.0811599051399231
-0.0811599051399231
0.06591147184371948
0.06591147184371948
0.06591147184371948
0.06591147184371948
-0.017944053356170664
-0.09466518163681031
-0.017944053356170664
-0.42851656675338745
-0.09466518163681031
0.11522011756896977
0.11522011756896977
0.11522011756896977
0.11522011756896977
0.06591147184371948
0.06591147184371948
0.06591147184371948
0.06591147184371948
0.06591147184371948
0.9313181579113006
0.4658653736114502
0.9313181579113006
0.4658653736114502
0.06591147184371948
-0.42238497734069824
-0.42238497734069824
-0.2761780023574829
0.06591147184371948
0.3287929773330689
-0.2761780023574829
1.0356099009513855
-0.42238497734069824
0.41066673351669314
-0.42238497734069824
1.0356099009513855
-0.2761780023574829
0.06591147184371948
0.41066673351669314
0.06591147184371948
0.06591147184371948
0.06591147184371948
0.05040866136550903
0.05040866136550903
0.30553996562957764
0.07119031180953977
0.07119031180953977
0.49480438232421875
0.30553996562957764
1.0659114718437195
0.715814471244812
0.715814471244812
0.32077884674072266
0.32077884674072266
2.053842008113861
0.6423831826019286
1.0785625576972961
1.0621257424354553
0.395776629447937
0.395776629447937
0.27153682708740234
0.27153682708740234
-0.2537499889190674
-0.2537499889190674
-0.2537499889190674
-0.2537499889190674
0.49132704734802246
0.06591147184371948
0.06591147184371948
0.06591147184371948
0.06591147184371948
-0.0004457985801696873
0.050094425678253174
-0.0004457985801696873
-0.0004457985801696873
-0.0004457985801696873
-0.4408555030822754
-0.12449473142623901
-0.12449473142623901
-0.12449473142623901
-0.12449473142623901
0.15823241472244265
0.15823241472244265
0.02354995852279662
0.15823241472244265
0.15823241472244265
0.17612963914871216
0.06591147184371948
0.06591147184371948
-0.35571908950805664
-0.35571908950805664
-0.09899272078704835
0.033788859844207764
-0.09899272078704835
0.05924522876739502
1.7779541015625
1.7779541015625
1.7779541015625
1.7779541015625
1.7779541015625
1.7779541015625
0.06591147184371948
0.2625005841255188
0.06591147184371948
0.2625005841255188
0.2625005841255188
0.06591147184371948
0.2625005841255188
0.39841814393234254
0.39841814393234254
0.39841814393234254
0.39841814393234254
0.2605292797088623
0.7573679089546204
0.9982360005378723
0.06591147184371948
0.9982360005378723
0.7573679089546204
-0.2038741111755371
-0.12920989150238038
-0.12920989150238038
-0.2038741111755371
-0.12920992130470277
0.10360872745513916
1.048231065273285
0.28766196966171265
-0.09015274047851562
-0.09015274047851562
-0.09015274047851562
-0.09015274047851562
-0.09015274047851562
0.06451499462127686
0.06451499462127686
-0.12510937452316284
-0.12510937452316284
2.6815009117126465
2.6815009117126465
2.6815009117126465
2.6815009117126465
0.04823416471481323
0.04823416471481323
0.22958838939666748
1.9853883981704712
1.9853883981704712
0.5454978942871094
0.7241891026496887
0.5454978942871094
0.06186686402130126
0.25903022289276123
0.24853354692459106
0.24853354692459106
0.061866804416656485
0.06591147184371948
0.06591147184371948
0.06591147184371948
0.06591147184371948
0.06591147184371948
0.4349080478591919
1.0571001768112183
1.0571001768112183
0.26167726516723633
0.26167726516723633
0.05710017681121826
1.0571001768112183
0.6095408201217651
0.6095408201217651
0.18887726068496702
0.18887726068496702
0.06591147184371948
0.3036104440689087
-0.06670947426986695
0.3036104440689087
0.8607884645462036
0.3036104440689087
0.3036104440689087
-0.06670947426986695
0.3036104440689087
-0.012922883033752441
0.170493483543396
1.0659114718437195
0.06591147184371948
1.0659114718437195
1.0659114718437195
0.170493483543396
0.170493483543396
-0.00478363037109375
0.1376272439956665
0.1376272439956665
1.2322373986244202
0.8103060722351074
2.053382635116577
0.8103060722351074
1.0902695655822754
1.0902695655822754
1.2322373986244202
0.1682211875915527
0.1682211875915527
0.1682211875915527
0.1682211875915527
0.011355727910995483
0.011355727910995483
0.011355727910995483
0.011355727910995483
0.22194385528564453
0.22194385528564453
0.22194385528564453
0.22194385528564453
0.22194385528564453
-0.22198532467651366
-0.21947795152664185
-0.2326409101486206
-0.2326409101486206
-0.22198532467651366
0.35683494806289673
0.35683494806289673
0.657910943031311
0.657910943031311
1.0653511524200439
1.0653511524200439
0.5113672018051147
0.5113672018051147
0.5113672018051147
0.5113672018051147
0.2275831699371338
0.2275831699371338
0.2275831699371338
0.2275831699371338
1.059213101863861
0.022263705730438232
-0.19229668378829956
1.4765581732559205
0.6806760674285888
1.4765581732559205
0.9408363938331603
0.9408363938331603
0.06591147184371948
0.06591147184371948
0.06591147184371948
0.5482277274131775
0.05791783332824707
0.5482277274131775
0.5482277274131775
0.5482277274131775
0.49515920877456665
0.49515920877456665
0.7514269948005676
0.042088985443115234
0.7514269948005676
0.49515920877456665
-0.1142024839477539
-0.1142024839477539
-0.1142024839477539
-0.1142024839477539
1.5240511894226074
-0.11945490837097167
-0.11945490837097167
-0.04911762475967407
-0.11945490837097167
-0.11945490837097167
0.055817031860351585
0.055817031860351585
0.055817031860351585
0.055817031860351585
0.9738502502441406
-0.6313366889953613
-0.6313366889953613
0.5109681189060211
0.2639031410217285
0.5559579133987427
0.13363701701164243
0.13363701701164243
0.5109681189060211
-0.08506643772125244
-0.08506643772125244
-0.08506643772125244
-0.08506643772125244
-0.08506643772125244
-0.4338715076446533
-0.4338715076446533
-0.4338715076446533
-0.4338715076446533
9.06591147184372
9.06591147184372
9.06591147184372
9.06591147184372
12.052215814590454
0.4050849676132202
0.4050849676132202
0.5823253393173218
0.5823253393173218
0.6880001425743103
0.8556157350540161
0.45742098093032835
1.5888213515281677
1.5888213515281677
1.5888213515281677
1.5888213515281677
-0.11555707454681396
-0.11555707454681396
-0.11555707454681396
-0.11555707454681396
0.7794144153594971
0.12053048610687256
1.5659114718437195
1.5659114718437195
1.5659114718437195
1.5659114718437195
0.5764074921607971
1.272411286830902
2.104400634765625
1.4922858476638794
1.2724111676216125
1.2724111676216125
1.272411286830902
1.4922858476638794
1.797874927520752
0.25937399864196775
0.12333716382598875
-0.039850369636535654
0.12333716382598875
0.2650040745735168
0.2650040745735168
0.2087072730064392
0.13507091999053955
0.13507091999053955
0.13507091999053955
0.13507091999053955
0.362096905708313
0.362096905708313
0.5317647457122803
0.5317647457122803
0.3761756300926209
0.3761756300926209
0.3761756300926209
0.3761756300926209
0.05179452896118164
0.05179452896118164
0.05179452896118164
0.05179452896118164
0.05179452896118164
0.36407050536727903
0.48284529447555546
0.36407050536727903
0.36407050536727903
0.36407050536727903
0.48284529447555546
0.08758944272994995
0.08758944272994995
0.08758944272994995
0.08758944272994995
0.08758944272994995
0.02649392241668702
0.024833454986572245
0.06591147184371948
0.06591147184371948
0.06591147184371948
0.06591147184371948
0.06591147184371948
0.3452751939163208
0.3452751939163208
0.41294304972457885
0.41294304972457885
0.41294304972457885
0.3743840014381409
0.4447329640388489
0.5966230630874634
0.5966230630874634
1.583445131778717
1.583445131778717
-0.018675804138183594
0.049524128437042236
0.049524128437042236
1.0659114718437195
1.0659114718437195
1.0659114718437195
1.0659114718437195
0.07961337214279174
0.427872896194458
0.427872896194458
0.3074466347694397
0.35278093814849854
0.3074466347694397
0.35278093814849854
0.27348679304122925
0.27348679304122925
0.27348679304122925
0.27348679304122925
0.27348679304122925
0.27348679304122925
-0.15753342265319825
0.11634570360183716
0.11634570360183716
0.11634570360183716
0.11634570360183716
-0.10095995664596558
-0.10095995664596558
-0.10095995664596558
-0.10095995664596558
2.686863660812378
2.686863660812378
2.686863660812378
2.686863660812378
0.5617794394493103
0.023659706115722656
0.023659706115722656
0.023659706115722656
0.023659706115722656
0.2201417838973999
0.2201417838973999
0.22014175409507752
0.22014175409507752
0.32712997550201417
0.06591147184371948
0.06591147184371948
1.8221632242202759
1.8221632242202759
0.028577327728271484
0.028577327728271484
-0.03493845462799072
0.06591147184371948
-0.03493845462799072
0.06591147184371948
0.08516865968704224
0.08516865968704224
0.08516865968704224
0.08516865968704224
0.507355169002533
0.38842971677017213
0.507355169002533
0.38842971677017213
0.547324001789093
0.38842971677017213
0.38842971677017213
0.1659678816795349
0.1659678816795349
0.1659678816795349
0.1659678816795349
0.1659678816795349
0.26590697765350346
0.6486410146522521
0.4000340700149536
0.26590697765350346
0.6486410146522521
-0.03590589761734009
-0.05417135953903196
-0.03590589761734009
-0.05417135953903196
0.0440824031829834
1.627732753753662
1.627732753753662
0.020216822624206543
0.020216822624206543
0.17691554183197022
0.17691554183197022
0.17691554183197022
0.17691554183197022
0.17691554183197022
0.8117983341217041
0.041072964668273926
0.041072964668273926
0.041072964668273926
4.0659114718437195
-0.10859286785125732
0.06591147184371948
0.06591147184371948
0.06591147184371948
0.06591147184371948
0.06591147184371948
-0.10212528705596924
0.30925491018676754
0.30925491018676754
0.06528747081756592
0.3092549697914123
0.30925491018676754
0.06591147184371948
0.06591147184371948
0.06591147184371948
0.06591147184371948
0.06591147184371948
0.06591147184371948
0.06591147184371948
0.06591147184371948
0.06591147184371948
0.06591147184371948
0.06591147184371948
0.1153097152709961
0.1153097152709961
0.1153097152709961
0.1153097152709961
1.9723188209724425
1.9723188209724425
1.9723188209724425
1.9723188209724425
1.919579267501831
0.919579267501831
0.5727044343948364
1.919579267501831
0.5727044343948364
0.006251811981201172
0.006251811981201172
0.006251811981201172
0.006251811981201172
-0.33327817916870117
0.05289816856384277
0.05289816856384277
0.05289816856384277
0.05289816856384277
0.05289816856384277
-0.2777196168899536
0.06591147184371948
1.2008460760116577
1.2008460760116577
1.2008460760116577
1.2008460760116577
0.07604445571136476
0.40523481369018555
0.07604445571136476
0.40523481369018555
-0.06332635879516602
-0.06332635879516602
2.816248297691345
1.4054734110832214
2.816248297691345
1.4054734110832214
0.06591147184371948
0.43641430139541626
0.23558242673110963
0.43641430139541626
0.04875725507736206
0.23558242673110963
0.18043285608291626
0.05454432964324951
0.05454432964324951
-0.027436912059783936
0.05454432964324951
-0.26917386054992676
-0.027436912059783936
1.0659114718437195
1.0659114718437195
1.0659114718437195
1.0659114718437195
-0.23972272872924805
-0.23972272872924805
-0.23972272872924805
-0.23972272872924805
-0.23972272872924805
0.7633676176834105
0.7633676176834105
0.7633676176834105
0.7633676176834105
1.0490345358848572
1.0490345358848572
1.0490345358848572
1.0490345358848572
0.024550557136535645
-0.17039859294891357
0.15758436918258667
0.024550557136535645
0.15758436918258667
0.0680428147315979
0.0680428147315979
3.1295406222343445
-0.23920583724975586
-0.23920583724975586
-0.23920583724975586
0.04523730278015137
3.0490591526031494
3.0490591526031494
3.0490591526031494
3.0490591526031494
0.2973320484161377
0.2973320484161377
0.2973320484161377
0.2973320484161377
0.05393493175506592
0.05393493175506592
0.06053537130355835
-0.2026679515838623
-0.2026679515838623
-0.2026679515838623
-0.2026679515838623
-0.2852126955986023
-0.2852126955986023
0.028063654899597168
-0.2852126955986023
-0.2852126955986023
-0.2852126955986023
4.047597587108612
1.5659114718437195
4.047597587108612
1.5659114718437195
-0.2695268392562866
-0.2695268392562866
-0.2695268392562866
0.028063654899597168
0.028063654899597168
-0.2695268392562866
0.028063654899597168
0.05454432964324951
0.05454438924789429
0.05454438924789429
0.06591147184371948
0.06591147184371948
-0.19015832101745606
-0.19000610923233033
-0.19015832101745606
-0.19000604962768555
1.9206907749176025
0.7043775320053101
0.7043775320053101
0.7043775320053101
0.7043775320053101
2.079461634159088
2.079461634159088
1.4039016366004944
1.4039016366004944
1.245202337913513
1.245202337913513
1.245202337913513
1.245202337913513
1.414683222770691
0.22042310237884521
0.22042310237884521
0.22042310237884521
0.22042310237884521
0.21426862478256226
0.6529015302658081
0.1529015302658081
0.1529015302658081
0.6529015302658081
0.6529015302658081
0.6529015302658081
6.415513515472412
6.415513515472412
3.0659114718437195
3.0659114718437195
0.12339665049743653
0.48565250635147095
0.12339665049743653
0.48565250635147095
-0.03684365749359131
-0.03684365749359131
-0.03684365749359131
-0.03684365749359131
-0.03684365749359131
-0.03684365749359131
-0.19611995220184325
0.06591147184371948
-0.4081135392189026
-0.0751791000366211
-0.0751791000366211
0.15686029195785522
0.15686029195785522
0.06591147184371948
0.15686029195785522
0.0459255576133728
0.0459255576133728
0.0459255576133728
0.0459255576133728
0.8075873851776123
0.16424560546875
0.16424560546875
0.16424560546875
0.8075872659683228
0.16424560546875
-0.1924126148223877
0.8075873851776123
0.06323450803756714
0.06591147184371948
0.06591147184371948
0.06591147184371948
0.03531724214553833
0.022246241569519043
0.022246241569519043
0.3621324896812439
-0.09430491924285889
-0.09430491924285889
0.022246241569519043
0.01281750202178955
0.01281750202178955
0.01281750202178955
0.6444419860839843
0.6444419860839843
0.6444419860839843
0.6444419860839843
-0.11432468891143799
-0.11432468891143799
0.06591147184371948
-0.11432468891143799
-0.11432468891143799
0.026797890663146973
0.026797890663146973
0.026797890663146973
0.026797890663146973
0.026797890663146973
0.026797831058502197
3.0085792541503906
-0.08598083257675171
-0.08598083257675171
-0.08598083257675171
-0.08598083257675171
-0.08598083257675171
3.178045392036438
3.178045392036438
3.178045392036438
3.178045392036438
0.24753339642715455
0.24753339642715455
0.2324814796447754
0.4967639446258545
0.4967639446258545
0.2324814796447754
27.456637382507324
0.6978770737457276
0.22321975231170654
-0.02701699733734131
-0.02701699733734131
2.0659114718437195
2.0659114718437195
2.0659114718437195
2.0659114718437195
0.054555416107177734
1.1125465631484985
1.1125465631484985
1.1125465631484985
1.1125465631484985
1.1125465631484985
1.1125465631484985
0.32751744985580444
0.06591147184371948
0.33882112855148316
0.33882112855148316
0.327517569065094
0.06591147184371948
0.2533073425292969
-0.13914251327514648
1.947302222251892
1.947302222251892
0.008039116859436035
0.053771710395812966
-0.14241981506347656
-0.14241981506347656
-0.14241981506347656
-0.14241981506347656
-0.14241981506347656
0.34605736732482906
0.34605736732482906
0.34605736732482906
0.34605736732482906
0.07682961225509644
0.13890349864959717
0.13890349864959717
0.13890349864959717
0.21706199645996094
1.0086766481399536
0.21706199645996094
0.21706199645996094
0.21706199645996094
0.5530740773124695
0.05370408296585083
0.553074196521759
0.4728854298591614
0.5530740773124695
0.5530740773124695
0.8436614871025085
1.008306646900177
0.8436614871025085
1.3724796528053285
1.3724796528053285
0.7397164547996521
0.04757493734359741
0.11023788100051879
1.6966023445129395
1.6966023445129395
1.1710307950210572
0.6966023445129395
1.1710307950210572
0.24846110343933103
0.06591147184371948
0.9933842420578003
0.8662376403808594
0.8662376403808594
0.8662376403808594
0.8662376403808594
0.8662376403808594
0.8662376403808594
0.8662376403808594
0.8662376403808594
0.7159852206707
0.7159852206707
0.7159852206707
0.7159853100776672
0.02815544605255127
0.11277323961257935
0.1904753292160034
0.11277323961257935
0.11277323961257935
0.11277323961257935
0.06259757280349731
0.06259757280349731
0.21295994520187378
0.06259757280349731
0.21295994520187378
-0.1770401155395508
1.0086798667907715
1.0086798667907715
1.0086798667907715
1.0086798667907715
1.0086798667907715
0.3038526927871704
-0.30230748653411865
-0.17805147171020508
-0.17805147171020508
-0.17805147171020508
-0.17805147171020508
-0.17805147171020508
-0.17805147171020508
0.06591147184371948
0.06591147184371948
0.06591147184371948
0.06591147184371948
-0.29629705792236327
0.05471503734588623
4.747606908721924
4.747606908721924
4.747606908721924
4.747606908721924
-0.15485487824249267
-0.2669811248779297
0.008676648139953613
0.008676648139953613
0.008676648139953613
0.052617788314819336
0.07438910007476807
0.07438910007476807
0.06591147184371948
0.03304475545883179
-0.003867030143737793
0.27408677339553833
0.27408677339553833
0.27408677339553833
0.27408677339553833
0.2330188751220703
0.2786810755729675
1.599726676940918
0.04729451307678223
0.9181868081855773
0.7814053893089294
4.01719743013382
0.12421751022338867
0.12421751022338867
0.12421751022338867
0.06591147184371948
0.12421751022338867
2.255930483341217
2.255930483341217
2.255930483341217
2.255930483341217
0.5754171013832092
1.6955230236053467
4.3886237144470215
0.9154486060142517
0.23013705015182495
0.23013705015182495
0.9154486060142517
0.23013705015182495
0.23013705015182495
0.024440646171569824
-0.07410025596618652
0.024440646171569824
0.024440646171569824
0.0669177770614624
0.0669177770614624
0.0669177770614624
0.0669177770614624
0.0669177770614624
0.293792188167572
3.760969042778015
0.9604621881675721
-0.010805368423461914
-0.3361848744087219
0.05936861038208008
0.028183400630950928
0.028183400630950928
0.2497805953025818
0.2497805953025818
1.0659114718437195
1.0659114718437195
-0.2610580773963928
-0.2610580773963928
-0.2610580773963928
-0.2610580773963928
1.0765501016807557
1.0765501016807557
1.0765501016807557
1.0765501016807557
1.9360721707344055
0.5943059325218201
-0.11835384368896484
0.8185446262359619
0.8185446262359619
1.8804919719696045
1.8804919719696045
0.03472185134887695
0.05099245309829714
0.05099245309829714
0.05099245309829714
0.05099245309829714
0.06261944770812988
0.06261944770812988
0.7999337911605835
-0.05085344666671754
-0.006583380699157704
0.06242114305496216
0.06242114305496216
-0.006583380699157704
0.05471688508987427
0.05471688508987427
0.05471688508987427
0.05471682548522949
0.05471682548522949
0.06591147184371948
0.06591147184371948
-0.005999386310577393
0.03790473937988281
0.03790473937988281
0.03790473937988281
-0.005999386310577393
0.02942711114883423
-0.06461007947158814
-0.11314898729324341
-0.06461007947158814
-0.44797229766845703
-0.20151764154434204
-0.13737182265090941
1.0426852703094482
0.02042599916458132
-0.09550321102142334
-0.09550321102142334
-0.15027284622192383
-0.1449432373046875
-0.1449432373046875
-0.1449432373046875
-0.09550321102142334
0.06591147184371948
0.06591147184371948
0.06591147184371948
0.04271620512008667
-0.2242279052734375
0.06591147184371948
-0.176996111869812
-0.1769961714744568
-0.3361544609069824
-0.12748159491348265
-0.12748159491348265
-0.12748159491348265
-0.12748159491348265
-0.05505024194717406
0.06591147184371948
0.06591147184371948
0.3947472130699158
0.9886538982391357
1.0051818490028381
0.07782357931137085
1.0778235793113708
0.01839137077331543
0.01839137077331543
-0.07188975811004639
-0.07188975811004639
0.12078195810317993
-0.034297943115234375
-0.034297943115234375
-0.08805765265655519
-0.2673525810241699
-0.08805765265655519
0.04831725358963013
-0.27952520495224
0.23831327313613893
-0.5719835758209229
0.23831327313613893
0.06783082485198977
0.06783082485198977
-0.5977946519851685
-0.15358184576034545
0.3929626500053406
-0.014365971088409424
0.06591147184371948
-0.014365971088409424
0.014610469341278076
0.014610469341278076
0.030300223827362083
2.0156601667404175
-0.07938790321350098
-0.07938790321350098
0.081356942653656
0.081356942653656
-0.07938790321350098
-0.07938790321350098
-0.07938790321350098
0.22512463609695432
0.9984233379364014
0.6247055530548096
0.6247055530548096
0.5620748552017212
-0.05669206380844116
-0.05669206380844116
0.06591147184371948
0.06591147184371948
-0.013428763095855722
-0.013428763095855722
9.854296207427979
9.854296207427979
-0.04791922921371461
-0.04791922921371461
0.1380024552345276
0.11587604284286501
0.11587604284286501
0.49714958667755127
1.0440891981124878
0.03132253885269165
0.0795939706764221
0.0795939706764221
1.0479153394699097
1.0479153394699097
0.06590735912322998
0.06590735912322998
0.06590735912322998
0.06591147184371948
0.06591147184371948
-0.29795517081451417
-0.29795517081451417
-0.33629220724105835
0.21248078346252441
0.21248078346252441
-0.22075748443603516
-0.22075748443603516
-0.22075748443603516
-0.22075748443603516
33.903125286102295
0.04545348882675171
0.04545348882675171
0.04545348882675171
0.06591147184371948
0.06591147184371948
0.06195469254684449
0.06591147184371948
0.06195469254684449
1.0273122787475586
0.08257907629013062
0.08257913589477539
1.0273123383522034
-0.00979779606628417
-0.00979779606628417
0.8260198831558228
0.04456734657287598
1.0409416556358337
0.5245365798473358
-0.23731791973114014
-0.23731791973114014
-0.2357298731803894
-0.1145905017852783
-0.1145905017852783
-0.2357298731803894
-0.09762805700302124
-0.2357298731803894
-0.09762805700302124
0.01543515920639038
0.01543515920639038
0.057207345962524414
0.20717835426330566
0.5259643197059631
0.5259643197059631
0.04336315393447876
-0.26554328203201294
0.10516119003295898
0.41065168380737305
-0.26554328203201294
-0.005328670684814463
0.11531460285186768
-0.005328730289459238
0.028475582599639893
0.024105072021484375
0.844990611076355
0.05238199234008789
0.844990611076355
0.024105072021484375
0.024105072021484375
0.5812290906906128
0.5788232088088989
0.1034563934249878
0.1034563934249878
0.03887540102005005
0.29101444834899903
0.18796970004272462
0.29101444834899903
1.0645857453346252
0.17591525668334962
-0.17540013790130615
0.17591525668334962
-0.0809171199798584
-0.0809171199798584
0.03251074200439452
0.09058189392089844
0.03251074200439452
0.03251074200439452
0.07817953824996948
-0.07603377103805542
-0.2581319808959961
0.11424700861740111
0.11424700861740111
-0.027140140533447266
0.11424694901275634
0.050042152404785156
0.3958207368850708
-0.18439687842559815
-0.18439687842559815
-0.27639204263687134
-0.27639204263687134
0.19147857427597048
0.19147857427597048
0.06591147184371948
0.34462690353393555
0.34462690353393555
-0.27639341354370117
-0.27639341354370117
0.099389806930542
0.011944174766540527
0.011944174766540527
0.099389806930542
-0.07139593362808228
-0.07139593362808228
0.3594639455718994
0.251176551525116
0.23891818523406982
0.251176551525116
0.251176551525116
0.251176551525116
0.251176551525116
-0.08215744847488404
0.21743502616882326
0.21743502616882326
0.2829379439353943
0.16355091333389282
0.16355091333389282
0.09846661930847167
0.06591147184371948
-0.036697328090667725
-0.036697328090667725
-0.036697328090667725
0.23478901386260986
0.23478901386260986
-0.23257112503051758
0.7930877208709717
0.7930877208709717
1.772013783454895
1.772013783454895
1.772013783454895
0.2930877208709717
-0.22798621654510498
0.06591147184371948
1.1018287539482117
1.1018287539482117
0.10182875394821167
-0.12886393070220947
-0.13055598735809326
-0.13055598735809326
-0.13055598735809326
-0.13055598735809326
-0.13055598735809326
-0.2695883512496948
0.555912435054779
-0.02079244012069703
-0.02079244012069703
0.1757393479347229
0.1833446467475891
-0.06978726387023926
0.1833446467475891
-0.4340885281562805
-0.28588324785232544
-0.21442049741744995
0.06591147184371948
0.06591147184371948
-0.21442049741744995
-0.02425527572631836
-0.02425527572631836
-0.02425527572631836
-0.02425527572631836
-0.1318621786766052
0.06156024290466311
0.07277089357376099
0.15753575563430788
0.06156024290466311
-0.1318621786766052
0.051817893981933594
0.051817893981933594
0.34936583042144775
0.34936583042144775
0.029165834188461304
0.029165834188461304
0.06265350580215456
0.06265350580215456
-0.08740605467987062
-0.2527726888656616
0.06627529859542847
0.8727383559513091
0.8727383559513091
0.606098473072052
0.3747209310531616
0.606098473072052
2.0662752985954285
-0.04639822244644165
0.10436059588623048
-0.04639822244644165
-0.17154420966339112
0.2649000883102417
0.08024264802551268
-0.2350999116897583
-0.18347060680389404
-0.00818081254196168
-0.00818081254196168
0.08024264802551268
-0.2960322380065918
-0.1802756667137146
-0.13423161262702943
-0.1802756667137146
0.09313235282897947
0.521007776260376
0.09092819690704346
0.007731020450592041
0.521007776260376
-0.22899222373962402
-0.22899222373962402
0.007731020450592041
-0.18551443815231322
-0.06488825434875489
-0.185514497756958
-0.16626521981048584
-0.16626521981048584
-0.14315535182189942
0.13987749887084966
0.14189279079437256
-0.12727914804649354
0.13987743926620488
-0.27645254135131836
0.06591147184371948
0.06591147184371948
0.06591147184371948
-0.07659828662872314
-0.07659828662872314
-0.07659828662872314
-0.07659828662872314
-0.13056476468276978
0.379435492275238
0.40246183872222896
0.023511648178100586
0.22583667039871214
0.5473301256256103
0.379435492275238
0.2611243724822998
0.40246183872222896
-0.12593202590942382
0.06591147184371948
-0.12593202590942382
0.06591147184371948
0.06412382477951051
-0.37686245441436766
0.2527962923049927
-0.37686245441436766
0.2527962923049927
0.03405463695526123
0.04585000276565554
0.045849943161010764
0.1837424635887146
0.22199028730392456
-0.2300941228866577
0.06652003526687622
-0.2300941228866577
0.1837424635887146
0.06652003526687622
-0.17146694660186768
-0.38583236932754517
1.0655596852302551
0.07454965114593504
-0.17453998373603818
0.16450762748718262
-0.17453998373603818
-0.03168298373603823
0.0037019407196045018
0.1258506178855896
-0.03168298373603823
0.12480880374145509
0.1874023675918579
-0.11431904191207887
-0.06259763240814209
-0.33556033724975587
-0.06259763240814209
0.1874023675918579
-0.11950025008773801
0.5659114718437195
1.7869925498962402
-0.21300745010375977
0.5659114718437195
0.8913372402954101
0.8913372104930877
1.0576215386390686
1.0576215386390686
0.02587026357650757
0.30085054636001585
0.3304711580276489
0.2238811708488464
0.2238811708488464
-0.19114327430725098
0.027529672328948984
0.30085054636001585
-0.03941154479980469
-0.06035614013671875
-0.06035614013671875
0.03591740131378174
0.06591147184371948
-0.18286770582199097
-0.3903316259384155
-0.18286770582199097
-0.10377907752990723
-0.1787127410812378
0.20892546176910398
0.2089254021644592
0.8751467412281035
0.515566885471344
0.12858301401138306
-0.27706897258758545
0.12858301401138306
-0.21180413609313964
0.07848380451965331
0.07848380451965331
0.04923528432846069
-0.2762504816055298
-0.2762504816055298
-0.2762504816055298
-0.2762504816055298
-0.029963210765838633
0.040347933769226074
-0.029963210765838633
-0.06737492924499511
0.026453816890716575
0.02524632215499878
0.026453816890716575
0.02524632215499878
0.10040515661239624
0.10450090522003175
0.10040515661239624
0.03743183612823486
0.009450123409271205
-0.09566116333007812
0.009450123409271205
0.27356934547424316
-0.06346972340774537
-0.21404229402542113
-0.06346972340774537
-0.2261122763156891
-0.2261122763156891
-0.2995266914367676
-0.11563421839904786
-0.11563421839904786
-0.30605006217956543
1.0519722700119019
0.051972270011901855
1.0519722700119019
0.05197221040725708
0.5252419114112854
0.5252419412136078
1.0376120805740356
0.4928082823753357
0.1594752823753357
0.7817068099975586
0.4928082823753357
-0.09566116333007812
0.24697566032409668
0.1594752823753357
0.025241941213607788
0.025241941213607788
-0.11853086948394775
-0.15289783477783203
0.09906196594238281
0.09958702325820923
0.09906196594238281
0.3490619659423828
0.3490619659423828
0.06591147184371948
-0.04823368787765503
-0.04823368787765503
3.8814691305160522
2.8814691305160522
2.8814691305160522
3.8814691305160522
-0.08715534210205078
-0.08715534210205078
-0.057414904777526865
-0.057414904777526865
0.015865802764892578
0.015865862369537354
0.21437779664993284
0.2930580973625183
-0.10913419723510742
-0.10913419723510742
-0.028356778621673573
-0.028356778621673573
-0.028356778621673573
-0.028356778621673573
-0.0788564682006836
0.06591147184371948
-0.0788564682006836
0.07933294773101807
0.3478626763267517
0.03359055519104004
0.3478626763267517
0.004003846645355247
0.004003846645355247
0.04156060570907594
-0.1442739223880768
0.004003846645355247
0.004003846645355247
-0.1456587314605713
-0.1456587314605713
0.07064621096420287
-0.1481482982635498
-0.05022512674331664
-0.05022512674331664
0.07064621096420287
0.29946208000183105
1.0659114718437195
0.06591147184371948
1.0659114718437195
1.0659114718437195
1.0659114718437195
0.6438297033309937
0.47572933083343505
0.646979808807373
0.646979808807373
0.47572933083343505
0.06591147184371948
0.06591147184371948
0.06591147184371948
0.06591147184371948
0.06591147184371948
1.033134400844574
-0.005062758922576904
-0.01462399959564209
-0.005062758922576904
-0.017095581392288228
0.02971196174621582
-0.17054587602615356
0.5543334186077118
0.5737563967704773
0.07093900442123413
0.12871713990402223
-0.09253108501434326
-0.017095581392288228
0.5543334186077118
-0.03770577907562256
-0.03770577907562256
0.024159714038848867
0.11300653219223022
0.3247817909164429
0.06591147184371948
0.3247817909164429
0.3247817909164429
0.3247817909164429
0.3247817909164429
-0.1748393177986145
-0.1748393177986145
0.0751606822013855
0.0751606822013855
-0.08860397338867188
0.0751606822013855
-0.06092417240142822
0.48001307249069214
0.6156211495399475
0.48001307249069214
0.07382428646087646
0.2543830633163452
0.2543830633163452
0.0025020992202758885
0.0025020992202758885
0.6691650992202758
-0.09261167049407959
0.6691650992202758
0.114521324634552
-0.04358941316604614
-0.04358941316604614
-0.04358941316604614
-0.039349305629730214
-0.039349305629730214
-0.060972630977630615
-0.16133224964141846
0.052543922718048086
0.052543922718048086
0.052543922718048086
-0.060972630977630615
0.4185819506645203
0.4185819506645203
0.030311524868011475
0.4185819506645203
0.4185819506645203
-0.3042163848876953
0.010056138038635254
0.010056138038635254
0.22130831480026247
0.26005613803863525
0.22130831480026247
0.9713075404930114
0.9713075404930114
0.3046445404930115
0.3046445404930115
0.05437612533569336
0.05437612533569336
0.05437612533569336
-0.03992980718612671
-0.03992980718612671
0.2100701928138733
0.2100701928138733
0.2100701928138733
-0.012333273887634277
-0.012333273887634277
0.03643177395629882
0.03643177395629882
0.03643177395629882
0.06176650524139404
0.06176656484603882
-0.05044114589691162
0.21530141830444338
0.21530141830444338
0.20791280269622803
0.20791280269622803
-0.04208719730377197
0.06531327962875366
-0.04208719730377197
0.20791280269622803
0.07586932182312012
-0.08229106664657593
-0.08229106664657593
-0.052694514934539805
0.06529486179351807
-0.052694514934539805
0.14721628427505495
0.062343045528411856
0.062343045528411856
0.14721628427505495
0.06591147184371948
0.1452314257621765
0.1452314257621765
0.1452314257621765
0.1452314257621765
0.1452314257621765
0.04882669448852539
0.5063979029655457
0.5063979029655457
0.14842416400146485
0.14842416400146485
-0.20489931106567383
0.016202867031097412
0.016202867031097412
0.016202986240386963
-0.10452322607803344
0.06591147184371948
-0.10452322607803344
-0.297275185585022
0.048293471336364746
0.048293471336364746
0.048293471336364746
-0.297275185585022
0.0064436638908386135
0.0064436638908386135
0.16078948974609375
0.38323116302490234
0.16078948974609375
-0.17368632555007935
-0.15216665023994447
-0.15216665023994447
-0.17368632555007935
-0.15216665023994447
-0.3263859748840332
0.30459908246994016
0.22714543342590332
0.30459908246994016
0.06032967567443848
-0.0031898021697998047
0.47665494680404663
0.47665494680404663
0.2021588683128357
0.15200325250625613
0.05363154411315918
0.1520033121109009
0.2021588683128357
0.06591147184371948
0.06374853849411011
0.06374853849411011
0.032617807388305664
0.0400566304283142
0.0400566304283142
0.013864755630493164
0.013864755630493164
0.013864755630493164
-0.14585250616073608
-0.14585250616073608
0.3363687550468445
-0.015542745590209961
0.3363687550468445
-0.015542745590209961
0.12311824560165407
-0.07688175439834594
-0.07688175439834594
0.0654674768447876
0.063831627368927
