0.0630331039428711
0.0630331039428711
0.5630331039428711
1.8421849012374878
1.8421849012374878
1.8421849012374878
1.8421849012374878
0.061465784366607656
0.11954070681762696
0.11954070681762696
0.11954070681762696
0.11954070681762696
0.390019953250885
0.07735972160530091
0.07735972160530091
0.32898104190826416
0.3657498359680176
0.32898104190826416
0.4839341640472412
0.810036301612854
0.810036301612854
2.3163609504699707
2.3163609504699707
0.049085692111969004
0.049085692111969004
0.049085692111969004
0.049085692111969004
0.21044066548347473
0.21044066548347473
0.06051287078189849
0.06051293038654326
0.08462750911712646
1.0909593945312501
1.0909593945312501
1.0909593945312501
1.0909593945312501
0.09815551394653321
0.09815551394653321
0.05787944793701172
0.05787944793701172
0.07127177715301514
0.46337564587593083
2.4638463258743286
0.44823360443115234
2.4638463258743286
0.46337564587593083
0.04826223850250244
0.061831756731033305
0.061831756731033305
0.04826223850250244
0.27702808380126953
0.4054776640701294
0.4054776640701294
0.2685604691505432
0.36375200748443604
0.36375200748443604
0.13482961058616638
0.13482961058616638
0.2651668643398285
0.2651668643398285
0.17188286781311035
0.07392860054969785
0.17188286781311035
0.07392866015434263
0.17188286781311035
0.17188286781311035
0.7825367450714111
0.15690898895263672
0.15690898895263672
0.15690898895263672
0.12877416610717773
0.8125238418579102
0.8125238418579102
0.33001538593292246
0.33001538593292246
0.05220022797584534
0.05220022797584534
0.16550469398498535
0.07768687605857849
0.07768687605857849
0.23540176397132873
0.23540176397132873
0.26468597650527953
0.26468597650527953
9.159128904342651
9.159128904342651
9.159128904342651
9.159128904342651
0.22303640842437744
0.22303640842437744
0.03683351874351504
0.03683351874351504
0.03683351874351504
0.03683351874351504
0.3601858615875244
0.38262081146240234
0.3601858615875244
0.3601858615875244
0.3601858615875244
0.22848200798034668
0.22848200798034668
0.06936200017166139
0.06936200017166139
0.39291892150878915
0.39291892150878915
0.39291892150878915
0.39291892150878915
0.13991843218040467
0.13991843218040467
0.07290518283843994
0.09656679630279541
0.07290518283843994
0.1630112087173462
0.1630112087173462
0.3603323698043823
0.14570987224578857
0.3603323698043823
0.012652593851089466
0.012652593851089466
0.053508325870513906
0.04608553647994995
0.053508325870513906
0.40258169174194336
0.40258169174194336
0.08373386507606506
0.11916127754592895
0.11916124774360656
0.08373380547142029
0.05455303192138672
0.4406200647354126
0.4406200647354126
0.05455303192138672
0.2857701778411865
0.2857701778411865
0.632061243057251
0.632061243057251
0.632061243057251
0.2857701778411865
0.2857701778411865
0.632061243057251
0.18140244483947754
0.3633387088775635
0.9193243265151976
0.9193243265151976
0.9193243265151976
0.9193243265151976
0.5747600793838501
0.012553215026855469
0.4592183828353882
0.4592183828353882
0.4592183828353882
0.4592183828353882
0.25405651330947876
0.25405651330947876
0.25405651330947876
0.25405651330947876
0.31504642963409424
0.22834229469299316
0.22834241390228271
0.22834241390228271
0.22834229469299316
0.23253384278869627
0.0985091335830689
0.0985091335830689
0.23253384278869627
0.08657854795455933
0.41610801219940186
0.41610801219940186
0.41610801219940186
0.41610801219940186
0.11509289741516113
0.11509289741516113
0.11509289741516113
0.11509289741516113
0.11693662405014038
0.03613512148475645
0.03613512148475645
0.26034961694908143
0.26034961694908143
0.06560808420181274
0.3452928066253662
0.261088490486145
0.738911509513855
0.11360198259353638
0.11360198259353638
0.1778377890586853
0.1778377890586853
0.03926730155944824
0.03926730155944824
0.05578756332397461
0.3272943556308746
0.18665192831802369
0.32729429602622984
0.24702978134155273
0.18665183891105652
0.05646321177482605
0.05646321177482605
0.05646321177482605
0.05646321177482605
0.18456007594299317
0.18456007594299317
0.18286114931106567
0.18286114931106567
0.18286114931106567
0.18286114931106567
0.010476336423873911
0.024485361576080333
0.010476336423873911
0.08736175298690796
0.024485361576080333
0.06081105470657344
0.06081105470657344
0.06081105470657344
0.06081105470657344
0.10301685333251953
0.10301685333251953
0.10301685333251953
0.10301685333251953
0.10301685333251953
0.7041383028030395
0.3934635519981384
0.7041383028030395
0.3934635519981384
0.040236830711364746
0.3112151622772217
0.3112151622772217
0.30433058738708496
0.0402369499206543
0.3336139500141144
0.30433058738708496
0.8478258848190308
0.3112151622772217
0.43696653796577456
0.3112151622772217
0.8478258848190308
0.30433058738708496
0.0402369499206543
0.43696653796577456
0.07224369049072266
0.07224369049072266
0.07224369049072266
0.07716131210327148
0.07716131210327148
0.23228025436401367
0.04814623226737974
0.04814623226737974
0.30264484882354736
0.23228025436401367
0.3291977643966675
0.21649301052093506
0.21649301052093506
0.28709790110588074
0.28709790110588074
1.471381664276123
0.5420108681488036
1.0941703915596008
1.009783923625946
0.2644253969192505
0.2644253969192505
0.24479210376739502
0.24479210376739502
0.2284637018497467
0.2284637018497467
0.2284637018497467
0.2284637018497467
0.3123542070388794
0.21882736682891846
0.21882736682891846
0.21882736682891846
0.21882736682891846
0.06497360820007325
0.0011993646621704102
0.06497360820007325
0.06497360820007325
0.06497360820007325
0.6624817848205566
0.16698706150054932
0.16698706150054932
0.16698706150054932
0.16698706150054932
0.06423657536506655
0.06423657536506655
0.18413503522109986
0.06423657536506655
0.06423657536506655
0.21472930908203125
0.23862236738204956
0.23862236738204956
0.18143433332443237
0.18143433332443237
0.15744845623207093
0.05483543872833252
0.15744845623207093
0.7187197208404541
0.6302468776702881
0.6302468776702881
0.6302468776702881
0.6302468776702881
0.6302468776702881
0.6302468776702881
0.06286191940307617
0.4496261477470398
0.06286191940307617
0.4496261477470398
0.4496261477470398
0.06286191940307617
0.4496261477470398
0.06671114319992066
0.06671114319992066
0.06671114319992066
0.06671114319992066
0.008479833602905273
0.451727032661438
0.8409448266029358
0.17955732345581055
0.8409448266029358
0.451727032661438
0.1217048168182373
0.3880244051856995
0.3880244051856995
0.1217048168182373
0.38802446479034425
0.06500804424285889
1.1128731966018677
0.024674296379089355
0.11251133680343628
0.11251133680343628
0.11251133680343628
0.11251133680343628
0.11251133680343628
0.29911017417907715
0.29911017417907715
0.14022743701934814
0.14022743701934814
1.3377161026000977
1.3377161026000977
1.3377161026000977
1.3377161026000977
0.13228708505630493
0.13228708505630493
0.06302940845489502
1.6329238414764404
1.6329238414764404
0.45071524381637573
0.393540620803833
0.45071524381637573
0.16273029202651978
0.34369611740112305
0.34919214248657227
0.34919214248657227
0.16273032182884217
0.18337345123291016
0.18337327241897583
0.20861566066741943
0.18337327241897583
0.18337327241897583
0.267847762052536
0.544158935546875
0.544158935546875
0.3216467499732971
0.3216467499732971
0.455841064453125
0.544158935546875
0.27784276008605957
0.27784276008605957
0.013052964210510276
0.013052964210510276
0.04066812992095947
0.26220834255218506
0.2350620185775757
0.26220834255218506
0.6507067680358887
0.26220834255218506
0.26220834255218506
0.2350620185775757
0.26220834255218506
0.03508961200714111
0.21926617622375488
0.594613790512085
0.41113758087158203
0.594613790512085
0.594613790512085
0.214532732963562
0.214532732963562
0.21615922451019287
0.14649641513824463
0.14649641513824463
0.8014551997184753
0.39139097929000854
1.679378867149353
0.39139097929000854
0.48305201530456543
0.4820045232772827
0.8014551997184753
0.04395790100097652
0.04395790100097652
0.04395790100097652
0.04395790100097652
0.17470884323120117
0.17470884323120117
0.17470884323120117
0.17470884323120117
0.32237619161605835
0.32237619161605835
0.32237619161605835
0.32237619161605835
0.32237619161605835
0.5453822458343506
0.660130500793457
0.5832919359207154
0.5832919359207154
0.5453822458343506
0.26125428080558777
0.26125428080558777
0.3362641930580139
0.3362641930580139
0.8244313836097716
0.8244313836097716
0.21716201305389404
0.21716201305389404
0.21716201305389404
0.21716201305389404
0.2514232397079468
0.2514232397079468
0.2514232397079468
0.2514232397079468
0.34451282024383545
0.10490578413009644
0.043624281883239746
0.41707118804931653
0.38954540546417227
0.41707118804931653
0.5171779632568358
0.5171779632568358
0.17260003089904785
0.17260003089904785
0.17260003089904785
0.14426016807556152
0.25026005506515503
0.14426016807556152
0.14426016807556152
0.14426016807556152
0.16788852214813232
0.16788852214813232
0.16820931434631348
0.32816851139068604
0.16820919513702393
0.16788864135742188
0.16181178445053102
0.16181178445053102
0.16181178445053102
0.16181178445053102
0.9225397109985352
0.1727394640445709
0.1727394640445709
0.1835462749004364
0.1727394640445709
0.1727394640445709
0.07728498578071596
0.07728498578071596
0.07728498578071596
0.07728498578071596
0.725081205368042
0.041194021701812744
0.041194021701812744
0.25398701429367065
0.2795023024082184
0.4321284294128418
0.10768181681632993
0.10768181681632993
0.25398701429367065
0.05588799715042114
0.05588799715042114
0.05588799715042114
0.05588799715042114
0.05588799715042114
0.022792339324951172
0.022792339324951172
0.022792458534240723
0.022792458534240723
7.784196615219116
7.784196615219116
7.784196615219116
7.784196615219116
10.965975522994995
0.1037231981754303
0.1037231981754303
0.25171539187431335
0.25171539187431335
0.40716254711151123
0.35601598024368286
0.2013718545436859
1.5933387875556946
1.5933387875556946
1.5933387875556946
1.5933387875556946
0.08325308561325073
0.08325308561325073
0.08325308561325073
0.08325308561325073
0.47605931758880615
0.020845234394073486
1.5089547634124756
1.5089547634124756
1.5089547634124756
1.5089547634124756
0.3372008800506592
0.705457329750061
2.022507131099701
1.3864424228668213
0.705457329750061
0.705457329750061
0.705457329750061
1.3864424228668213
1.692410945892334
0.06709251403808592
0.0534607327976227
0.09267784709167481
0.0534607327976227
0.0222062826156616
0.0222062826156616
0.03648781776428223
0.1692982316017151
0.1692982316017151
0.1692982316017151
0.1692982316017151
0.4182851314544678
0.4182851314544678
0.514817476272583
0.514817476272583
0.09398274421691899
0.09398274421691899
0.09398274421691899
0.09398274421691899
0.005291461944580078
0.005291461944580078
0.005291461944580078
0.005291461944580078
0.005291461944580078
0.1119021479949951
0.31596456766128544
0.1119021479949951
0.1119021479949951
0.1119021479949951
0.31596456766128544
0.360293984413147
0.360293984413147
0.360293984413147
0.360293984413147
0.360293984413147
0.17775480395126342
0.1662953936061859
0.1942138671875
0.1942138671875
0.1942138671875
0.1942138671875
0.1942138671875
0.0824793283805847
0.0824793283805847
0.25687418824005126
0.25687418824005126
0.25687418824005126
0.07177783602905274
0.1609845757484436
0.12959814071655273
0.12959814071655273
0.6365089416503906
0.6365089416503906
0.13404297828674316
0.1946272850036621
0.1427905559539795
0.4314655065536499
0.4314655065536499
0.4314655065536499
0.43146538734436035
0.36552210206222535
0.40651899576187134
0.44666093587875366
0.20186269879341123
0.3520182967185974
0.20186269879341123
0.3520182967185974
0.38749027252197266
0.38749027252197266
0.38749027252197266
0.38749027252197266
0.38749027252197266
0.38749027252197266
0.21908135766220094
0.153417706489563
0.153417706489563
0.153417706489563
0.153417706489563
0.18911206722259521
0.18911206722259521
0.18911206722259521
0.18911206722259521
1.4807143211364746
1.4807143211364746
1.4807143211364746
1.4807143211364746
0.36015409231185913
0.011754751205444336
0.011754751205444336
0.011754751205444336
0.011754751205444336
0.11027337664794923
0.11027337664794923
0.11027337664794923
0.11027337664794923
0.15265180224609376
0.05798768997192383
0.05798768997192383
0.8062303066253662
0.8062303066253662
0.1391991376876831
0.1391991376876831
0.1063241958618164
0.0491948127746582
0.1063241958618164
0.0491948127746582
0.11405616998672485
0.11405616998672485
0.11405616998672485
0.11405616998672485
0.055542722885131846
0.017912880126953135
0.055542722885131846
0.017912880126953135
0.376167893409729
0.017912880126953135
0.017912880126953135
0.15241754055023193
0.15241754055023193
0.15241754055023193
0.15241754055023193
0.15241754055023193
0.08083586692810063
0.4411030655670165
0.3782259225845337
0.08083586692810063
0.44110294635772695
0.010168790817260742
0.031497514247894265
0.010168790817260742
0.031497514247894265
0.024858713150024414
1.1641573905944824
1.1641573905944824
0.21738958358764648
0.21738958358764648
0.10299579745101928
0.10299579745101928
0.10299579745101928
0.10299579745101928
0.10299579745101928
0.24052929878234863
0.08121311664581299
0.08121311664581299
0.08121311664581299
3.053775906562805
0.0878525972366333
0.25155383348464966
0.25155383348464966
0.25155383348464966
0.25155383348464966
0.25155383348464966
0.22357451915740967
0.30460241003417965
0.30460241003417965
0.4091285467147827
0.30460217161560055
0.30460241003417965
0.10455465316772461
0.10455465316772461
0.10455465316772461
0.10455465316772461
0.10455465316772461
0.10455465316772461
0.10455465316772461
0.13302159309387207
0.13302159309387207
0.13302159309387207
0.13302159309387207
0.04718655347824097
0.04718655347824097
0.04718655347824097
0.04718655347824097
1.609821074028015
1.609821074028015
1.609821074028015
1.609821074028015
1.419475793838501
0.4263705015182495
0.5615209341049194
1.419475793838501
0.5615209341049194
0.05002546310424805
0.05002546310424805
0.05002546310424805
0.05002546310424805
0.30759674310684204
0.13888287544250488
0.13888287544250488
0.13888287544250488
0.13888287544250488
0.13888287544250488
0.35364675521850586
0.5139546394348145
0.7827990055084229
0.7827990055084229
0.7827990055084229
0.7827990055084229
0.2040326440887451
0.24668073654174805
0.2040326440887451
0.24668073654174805
0.1681053638458252
0.16861724853515625
1.6385605335235596
0.7535400390625
1.6392834186553955
0.7535400390625
0.18816518783569336
0.5400305092334747
0.16241116875839234
0.5400305092334747
0.7905359268188477
0.16241116875839234
0.18200832605361938
0.20499950647354126
0.2042483687400818
0.1553564965724945
0.2042483687400818
0.09583890438079834
0.15535643696784973
0.3041267395019531
0.3041267395019531
0.3041267395019531
0.3041267395019531
0.01674860715866089
0.01674860715866089
0.01674860715866089
0.01674860715866089
0.01674860715866089
0.3497666364479064
0.3497666364479064
0.3497666364479064
0.3497666364479064
0.2848081588745117
0.2848081588745117
0.2848081588745117
0.2848081588745117
0.12837791442871094
0.012251555919647217
0.2993472218513489
0.12837791442871094
0.2993472218513489
0.058494508266448975
0.058494508266448975
1.7194561958312988
0.016810357570648193
0.016810357570648193
0.016810357570648193
0.11959350109100342
1.7290029525756836
1.7290031909942627
1.7290031909942627
1.7290029525756836
0.305072546005249
0.305072546005249
0.305072546005249
0.305072546005249
0.29672133922576904
0.29672133922576904
0.36610138416290283
0.19492745399475098
0.20382314920425415
0.19492745399475098
0.19492745399475098
0.08720672130584717
0.08720672130584717
0.16425275802612305
0.08720672130584717
0.08720672130584717
0.08720672130584717
1.7527453899383545
0.7130944728851318
1.7527453899383545
0.7130944728851318
0.15198230743408203
0.15198230743408203
0.15198230743408203
0.1790139079093933
0.1790139079093933
0.15198230743408203
0.1790139079093933
0.2071934938430786
0.20719367265701294
0.20719367265701294
0.381284236907959
0.381284236907959
0.24733643090171814
0.2597418746894836
0.24733643090171814
0.2597418746894836
1.389035940170288
0.5082312226295471
0.5082312226295471
0.5082312226295471
0.5082312226295471
1.2170628309249878
1.2170628309249878
0.5750386714935303
0.5750386714935303
1.0676045171546935
1.0676045171546935
1.0676045171546935
1.0676045171546935
1.1429314017295837
0.2183501124382019
0.2183501124382019
0.2183501124382019
0.2183501124382019
0.1553800106048584
0.4596318006515503
0.04036819934844971
0.04036819934844971
0.4596318006515503
0.4596318006515503
0.4596320390701294
3.70729923248291
3.7072997093200684
1.999054193496704
1.999054193496704
0.014272555168151846
0.35896849632263184
0.014272555168151846
0.35896849632263184
0.012917399406433105
0.012917399406433105
0.012917399406433105
0.012917399406433105
0.012917399406433105
0.012917399406433105
0.5564188241958619
0.48261821269989014
0.4205353260040283
0.36448121070861816
0.36448121070861816
0.0977102518081665
0.0977102518081665
0.07669627666473389
0.0977102518081665
0.10548770427703857
0.10548770427703857
0.10548770427703857
0.10548770427703857
0.8382856845855713
0.009717941284179688
0.009717941284179688
0.009717941284179688
0.8382859230041504
0.009717702865600586
0.1617143154144287
0.8382856845855713
0.5175042152404785
0.3314347267150879
0.3314347267150879
0.3314347267150879
0.4051024913787842
0.06084543466567993
0.06084543466567993
0.17992746829986572
0.1236732006072998
0.1236732006072998
0.06084543466567993
0.3997117877006531
0.3997117877006531
0.3997117877006531
0.21475996971130362
0.21475996971130362
0.21475996971130362
0.21475996971130362
0.38008975982666016
0.38008975982666016
0.2700819969177246
0.38008975982666016
0.38008975982666016
0.20226430892944336
0.20226430892944336
0.20226430892944336
0.20226430892944336
0.20226430892944336
0.20226430892944336
2.519976854324341
0.4128990173339844
0.4128990173339844
0.4128990173339844
0.4128990173339844
0.4128990173339844
2.62921679019928
2.62921679019928
2.62921679019928
2.62921679019928
0.022829159553527822
0.022829159553527822
0.036611735820770264
0.06127166748046875
0.06127166748046875
0.036611735820770264
27.598093271255493
0.681581104259491
0.233903169631958
0.2663978338241577
0.2663978338241577
1.427137851715088
1.427137851715088
1.427137851715088
1.427137851715088
0.44108128547668457
0.878394603729248
0.878394603729248
0.878394603729248
0.878394603729248
0.878394603729248
0.878394603729248
0.49690675735473633
0.0684964656829834
0.1877282714290619
0.1877282714290619
0.4969068765640259
0.0684964656829834
0.04150548577308655
0.13227206468582153
0.899641752243042
0.8636593818664551
0.35312843322753906
0.22766956090927126
0.14671456813812256
0.12575960159301758
0.14671456813812256
0.14671456813812256
0.14671456813812256
0.07842142581939693
0.07842142581939693
0.07842142581939693
0.07842142581939693
0.2036268711090088
0.07468867301940918
0.07468867301940918
0.07468867301940918
0.23231828212738037
0.6489427089691162
0.23231828212738037
0.23231828212738037
0.23231828212738037
0.08635737055969239
0.11844861507415771
0.08635737055969239
0.23366647958755493
0.08635737055969239
0.08635737055969239
0.5703799724578857
0.6231245046424865
0.5703799724578857
1.031278645439148
1.031278645439148
0.17033849602508544
0.02809429168701172
0.5624116813583374
1.202636480331421
1.202636480331421
0.752658998413086
0.21452999114990234
0.752658998413086
0.01664922237396238
0.2214832305908203
0.2969251871109009
0.23859953880310059
0.23859953880310059
0.23859953880310059
0.23859953880310059
0.23859953880310059
0.23859953880310059
0.23859953880310059
0.23859953880310059
0.7116020143032074
0.7116020143032074
0.7116020143032074
0.7116019248962402
0.04044210910797119
0.16672903299331665
0.11337725872230531
0.16672903299331665
0.16672903299331665
0.16672903299331665
0.14675641059875488
0.14675641059875488
0.1678025722503662
0.1484057903289795
0.1678025722503662
0.4067669665260315
0.5690052509307861
0.5690052509307861
0.5690052509307861
0.5690052509307861
0.5690052509307861
0.05368922596740722
0.12613868713378906
0.21254563331604004
0.21254563331604004
0.21254563331604004
0.21254563331604004
0.21254563331604004
0.21254563331604004
0.02336859703063965
0.02336859703063965
0.02336859703063965
0.02336859703063965
0.5270947659568787
0.20974016189575195
3.6362854594421385
3.6362854594421385
3.6362854594421385
3.6362854594421385
0.3946413839416504
0.31032514572143555
0.4009284973144531
0.4009284973144531
0.4009284973144531
0.29816746711730957
0.26571691036224365
0.26571691036224365
0.23162126541137695
0.5229827761650085
0.021732330322265625
0.1665334701538086
0.1665334701538086
0.1665334701538086
0.1665334701538086
0.18808645009994507
0.006456172466278054
1.3473775386810303
0.18251837721443176
0.6354264264869689
0.348272442817688
3.160501003265381
0.03186166286468506
0.03186166286468506
0.03186166286468506
0.38157039880752563
0.03186166286468506
1.6190261840820312
1.6190260648727417
1.6190260648727417
1.6190261840820312
0.17936265468597412
1.4212007522583008
4.164496302604675
0.5854446887969971
0.13863462209701538
0.13863462209701538
0.5854446887969971
0.13863462209701538
0.13863462209701538
0.1040503978729248
0.25904518365859985
0.0726538896560669
0.0726538896560669
0.0492171049118042
0.0492171049118042
0.0492171049118042
0.0492171049118042
0.0492171049118042
0.23150134086608887
2.871331214904785
0.8357366675567628
0.44685113430023193
0.4898294957809448
0.07100540399551392
0.10086917877197266
0.10086917877197266
0.2599412202835083
0.2599412202835083
0.6600303649902344
0.6600301265716553
0.34949909168624876
0.3494989426746368
0.3494989426746368
0.3494989426746368
0.6524402255249024
0.6524402255249024
0.6524402255249024
0.6524402255249024
1.2495286464691162
0.6235153675079346
0.0008337497711181641
0.704829216003418
0.704829216003418
1.0261175632476807
1.0261175632476807
0.1887826919555664
0.1872390270233154
0.1872390270233154
0.1872390270233154
0.1872390270233154
0.06239354610443115
0.06239354610443115
0.037926435470581055
0.06839720958900453
0.19691963791847228
0.2393387258052826
0.2393387258052826
0.19691963791847228
0.21735620498657227
0.21735620498657227
0.21735620498657227
0.21735626459121704
0.21735626459121704
0.2406952977180481
0.2406952977180481
0.12343201041221619
0.10013890266418457
0.10013890266418457
0.10013890266418457
0.12343201041221619
0.21488821506500244
0.05302457565498353
0.07692232728004456
0.05302457565498353
0.6638045310974121
0.22834575176239014
0.25959564691352843
0.6663345098495483
0.007428115606307961
0.02256721258163452
0.02256721258163452
0.26933753490448
0.04110753536224365
0.04110753536224365
0.04110753536224365
0.02256721258163452
0.17089533805847168
0.17089533805847168
0.17089533805847168
0.2585289478302002
0.2551252841949463
0.14235800504684448
0.0061074793338775635
0.006107717752456665
0.06877255439758301
0.23479627095985411
0.23479627095985411
0.23479627095985411
0.23479627095985411
0.2242931008338928
0.222314715385437
0.222314715385437
0.10435865765380858
0.28775978088378906
0.46018898487091064
0.20418024063110352
0.8006018400192261
0.0058176517486572266
0.0058176517486572266
0.07486903667449951
0.07486903667449951
0.01586216688156128
0.3095722198486328
0.3095722198486328
0.244487360660553
0.17274749279022217
0.244487360660553
0.17460334300994873
0.3353500211791992
0.4975672960281372
0.14660736918449402
0.4975672960281372
0.1449784696102142
0.1449784696102142
0.16822129487991333
0.27366923093795775
0.09263591414260863
0.07717001438140869
0.3374333381652832
0.07717001438140869
0.5394606590270996
0.5394606590270996
0.00043117403984072045
1.2868983745574951
0.22412055730819702
0.22412055730819702
0.044150710105895996
0.044150710105895996
0.22412055730819702
0.22412055730819702
0.22412055730819702
0.04987480361938479
0.8808891773223877
0.40845000743865967
0.40845000743865967
0.3825745435886383
0.2457408905029297
0.2457408905029297
0.03472137451171875
0.03472137451171875
0.0363845681591034
0.0363845681591034
9.645979166030884
9.645979166030884
0.3050738727493286
0.3050738727493286
0.03500401973724365
0.06467499732971194
0.06467499732971194
0.150823712348938
0.8420970439910889
0.06870454549789429
0.1420861922702789
0.1420861922702789
0.26961278915405273
0.26961278915405273
0.6841862201690674
0.6841862201690674
0.6841862201690674
0.16325271129608154
0.16325271129608154
0.24838282221984864
0.24838282221984864
0.6013157367706299
0.07904613018035889
0.07904613018035889
0.26566410064697266
0.26566410064697266
0.23587852716445923
0.23587852716445923
34.02519142627716
0.10622262954711914
0.10622262954711914
0.10622262954711914
0.24019885063171387
0.24019885063171387
0.18078883046340943
0.08180433511734009
0.18078883046340943
0.7961122989654541
0.2749521732330322
0.2749521732330322
0.796112060546875
0.10786421651077271
0.10786421651077271
0.39501428604125977
0.20860636234283447
0.4860527515411377
0.2901652455329895
0.12238925695419312
0.12238925695419312
0.10425934195518494
0.13295581340789797
0.13295581340789797
0.10425934195518494
0.039840757846832275
0.10425934195518494
0.039840757846832275
0.12466859817504883
0.12466859817504883
0.2517106533050537
0.3532450795173645
0.39147424697875977
0.39147424697875977
0.16143453121185303
0.12132969498634338
0.006347537040710449
0.055406808853149414
0.12132969498634338
0.06697650199699401
0.15972900390625
0.06697647219467162
0.0343630313873291
0.09367108345031738
0.7293492555618286
0.0026695728302001953
0.7293492555618286
0.09367108345031738
0.09367108345031738
0.14493966102600098
0.7597743272781372
0.14245845431518556
0.14245845431518556
0.01878368854522705
0.3133790349407196
0.09864433163833619
0.3133790349407196
0.5681307315826416
0.1723801350040436
0.06376394629478455
0.1723801350040436
0.0611649751663208
0.0611649751663208
0.02049438709449769
0.16854649782180786
0.02049438709449769
0.02049438709449769
0.42299747467041016
0.1697598397731781
0.20203393697738647
0.017165169660568247
0.017165169660568247
0.2975674271583557
0.017165169660568247
0.05385780334472656
0.3478136658668518
0.11667601818275453
0.11667601818275453
0.037455350160598755
0.037455350160598755
0.012677961587905906
0.012677961587905906
0.3164910078048706
0.08120107650756836
0.08120107650756836
0.03745117783546448
0.03745117783546448
0.2568577980442047
0.1841963529586792
0.1841963529586792
0.2568577980442047
0.10444900393486023
0.10444900393486023
0.10309924239349366
0.13410712832641603
0.20030182600021362
0.13410712832641603
0.1342723524017334
0.13410712832641603
0.13410712832641603
0.199226871673584
0.09509872794151308
0.09509872794151308
0.4678908586502075
0.13772228360176086
0.1377224326133728
0.25304056758117677
0.26724839210510254
0.02908724546432495
0.03155285120010376
0.03155285120010376
0.3971922993659973
0.3971922993659973
0.19898676872253418
0.5403352975845337
0.5403352975845337
1.077637791633606
1.050188660621643
1.050188660621643
0.04521775245666504
0.922362208366394
0.09431266784667969
0.598604679107666
0.598604679107666
0.401395320892334
0.42074155807495117
0.006667196750640869
0.006667196750640869
0.006667196750640869
0.006667196750640869
0.006667196750640869
0.41782283782958984
0.16708040237426758
0.1146086310787201
0.1146086310787201
0.1231456995010376
0.14619134420585633
0.17353808879852295
0.1461914038105011
0.04378816485404968
0.3307095766067505
0.21656867861747742
0.11832886934280396
0.11832886934280396
0.21656867861747742
0.34603798389434814
0.34603798389434814
0.34603798389434814
0.34603798389434814
0.16415096842575072
0.10831370996093748
0.465726375579834
0.00938602685928347
0.10831370996093748
0.16415096842575072
0.023905396461486816
0.023905396461486816
0.3151897192001343
0.3151897192001343
0.10622557997703552
0.10622557997703552
0.015294218063354514
0.015294218063354514
0.28087045306396485
0.4517803192138672
0.5700473785400391
0.31663628871917715
0.31663628871917715
0.17798209190368652
0.07464802265167236
0.17798209190368652
1.3553916215896606
0.09436169266700745
0.18940053934288026
0.09436169266700745
0.26197381371688844
0.41973793506622314
0.13003598084068296
0.08775341510772705
0.1891627311706543
0.06558199172782897
0.06558199172782897
0.13003598084068296
0.061162906885147084
0.18098993897438048
0.054377511684417734
0.18098993897438048
0.3395065128803253
0.5339484512805939
0.3322753310203552
0.002977609634399414
0.5339484512805939
0.21605154871940613
0.21605154871940613
0.002977609634399414
0.0445340394973755
0.19797448759841918
0.0445340394973755
0.04243546688270569
0.04243546688270569
0.08906535858345033
0.11124232483482366
0.06899702548980713
0.004454508964538584
0.11301088405227666
0.13890555500984192
0.27911341190338135
0.27911341190338135
0.27911341190338135
0.35589325428009033
0.35589325428009033
0.35589325428009033
0.35589325428009033
0.15354041809272767
0.3069477803688049
0.24943153262138362
0.09440264105796814
0.17372343540191648
0.28845314627456664
0.3069477803688049
0.23216328024864197
0.24943153262138362
0.03485043644905089
0.23859572410583496
0.03485043644905089
0.23859572410583496
0.06131918782424928
0.25517408847808837
0.15001988410949707
0.25517408847808837
0.15001988410949707
0.29133498668670654
0.030530536174774192
0.030530506372451804
0.34701576828956604
0.01030641794204712
0.13053454756736754
0.17770496010780334
0.13053454756736754
0.34701576828956604
0.17770496010780334
0.15025761723518372
0.1448976993560791
0.44351255893707275
0.14905244708061216
0.03500983072662356
0.2787494361400604
0.03500983072662356
0.17786683072662351
0.08928068036270143
0.026396095752716064
0.17786683072662351
0.055685564334869375
0.2769028842449188
0.2077206527633667
0.026902884244918823
0.23671759719085694
0.026902884244918823
0.2769028842449188
0.03642922686195371
0.6303362846374512
1.6628639698028564
0.27910518646240234
0.6303362846374512
0.6405217295455932
0.6405219083595275
0.929837703704834
0.9298378229141235
0.040266990661621094
0.3208183109760284
0.41035377979278564
0.2655854381122589
0.2655854381122589
0.0373150110244751
0.13357593173217774
0.3208183109760284
0.10799002647399902
0.10056173801422119
0.10056173801422119
0.023665189743041992
0.3289402723312378
0.021015718579292297
0.29853469133377075
0.021015718579292297
0.4651607275009155
0.04505895132255555
0.33197725415229795
0.33197725415229795
0.3506410365867614
0.03183698654174805
0.07751801609992981
0.0077460408210754395
0.07751801609992981
0.12164534574317931
0.03924609666633605
0.03924609666633605
0.04369211196899414
0.04184409976005554
0.04184409976005554
0.041844189167022705
0.041844189167022705
0.18599905127716065
0.05714446306228638
0.18599905127716065
0.1006599510269165
0.06974952816963198
0.08552134037017822
0.06974952816963198
0.08552134037017822
0.07568952441215515
0.03581701165008544
0.07568952441215515
0.03307688236236572
0.04856024752044674
0.3721902370452881
0.04856024752044674
0.2999279499053955
0.04095803147125243
0.13503013849258422
0.04095803147125243
0.07140925526618958
0.07140925526618958
0.11936116218566895
0.2114494001312256
0.2114494001312256
0.49950605630874634
0.7315640449523926
0.2684359550476074
0.7315640449523926
0.268436074256897
0.1449415683746338
0.1449413299560547
0.9183564186096191
0.4836668372154236
0.1503338372154236
0.8193298578262329
0.4836668372154236
0.38649463653564453
0.3555004596710205
0.1503338372154236
0.3550586700439453
0.3550586700439453
1.31988525390625
0.20624303817749023
0.022866100072860718
0.006305813789367676
0.022866100072860718
0.2728661000728607
0.2728661000728607
0.07745766639709473
0.13276705145835876
0.13276705145835876
2.671712636947632
1.6717126369476318
1.6717126369476318
2.671712636947632
0.059737205505371094
0.059737205505371094
0.02559091096687316
0.02559091096687316
0.15182916820049286
0.15182924270629883
0.17959043979644773
0.014149367809295654
0.02682916820049286
0.02682916820049286
0.014344233274459828
0.014344233274459828
0.014344233274459828
0.014344233274459828
0.12321308255195618
0.04528975486755371
0.12321308255195618
0.12345874309539795
0.29595248455238343
0.04883217811584473
0.29595248455238343
0.11120145916938784
0.11120145916938784
0.14487709159088136
0.053494439069747934
0.11120145916938784
0.11120145916938784
0.25578927993774414
0.25578927993774414
0.048453941400527945
0.0572337806224823
0.1073684275150299
0.1073684275150299
0.048453941400527945
0.40546125173568726
0.45633256435394287
0.5436674356460571
0.4563324451446533
0.4563324451446533
0.45633256435394287
0.5725328326225281
0.3876864159660339
0.5073643326759338
0.5073643326759338
0.3876864159660339
0.10980886220932007
0.062309980392456055
0.062309980392456055
0.062309980392456055
0.062309980392456055
0.4719175100326538
0.08934319019317627
0.14370721578598022
0.08934319019317627
0.12234549154853819
0.09646749496459961
0.4704514741897583
0.6937744915485382
0.5417446792125702
0.06693124771118164
0.05620230788421632
0.22526895999908447
0.12234549154853819
0.6937744915485382
0.16769927740097046
0.16769927740097046
0.20593525523376466
0.18133604526519775
0.06746543997955323
0.2622619867324829
0.06746543997955323
0.06746543997955323
0.06746543997955323
0.06746543997955323
0.06471100449562073
0.06471100449562073
0.18528899550437927
0.18528899550437927
0.14302468299865723
0.18528899550437927
0.06330037117004395
0.3544212281703949
0.5107099711894989
0.3544212281703949
0.036948204040527344
0.22826997041702268
0.22826997041702268
0.10320226794052123
0.10320226794052123
0.5634607320594787
0.08367466926574707
0.5634607320594787
0.2029138207435608
0.010006695985794067
0.010006695985794067
0.010006695985794067
0.015281799435615528
0.015281799435615528
0.006609886884689331
0.061190247535705566
0.01654334312248229
0.016543283517837515
0.016543283517837515
0.006609886884689331
0.19204108715057377
0.19204108715057377
0.2085665464401245
0.19204108715057377
0.19204108715057377
0.19413459300994873
0.05874863266944885
0.05874863266944885
0.09662323594093325
0.19125136733055115
0.09662323594093325
0.46405192668914785
0.46405192668914785
0.20261107331085204
0.20261107331085204
0.16780930757522583
0.16780930757522583
0.16780930757522583
0.05091443657875061
0.05091443657875061
0.1990855634212494
0.1990855634212494
0.1990855634212494
0.12067452073097229
0.12067452073097229
0.11973331922721864
0.11973331922721864
0.11973331922721864
0.06221812963485718
0.062218040227890015
0.03329724073410034
0.12594043612480166
0.12594043612480166
0.16430845856666565
0.16430845856666565
0.08569154143333435
0.09413188695907593
0.08569154143333435
0.16430845856666565
0.06097620725631714
0.15812340378761292
0.15812340378761292
0.02121065611076356
0.11829614639282227
0.02121065611076356
0.08762168288230898
0.09880329614448546
0.09880329614448546
0.08762168288230898
0.029132962226867676
0.2574411630630493
0.2574411630630493
0.2574411630630493
0.2574411630630493
0.2574411630630493
0.08457291126251221
0.375832200050354
0.375832200050354
0.031388834659576426
0.031388834659576426
0.021671295166015625
0.27244114875793457
0.2726926803588867
0.2724410891532898
0.18461055999565124
0.11205685138702393
0.18461055999565124
0.04812994599342346
0.20616787672042847
0.20616787672042847
0.20616787672042847
0.04812994599342346
0.0030590439395904445
0.0030590439395904445
0.241119384765625
0.4223947525024414
0.241119384765625
0.020077645778656006
0.03866629356575013
0.03866629356575013
0.020077645778656006
0.03866629356575013
0.22532153129577637
0.2623621582984924
0.2822660803794861
0.2623621582984924
0.2791171073913574
0.04870772361755371
0.3674185276031494
0.3674185276031494
0.06097736954689026
0.03329276442527773
0.37819600105285645
0.03329270482063296
0.06097736954689026
0.01961970329284668
0.22774717211723328
0.22774717211723328
0.23281121253967285
0.0009671306056976414
0.0009671902103424168
0.10697180032730103
0.10697180032730103
0.10697180032730103
0.0036545991897583008
0.0036545991897583008
0.17662899250221253
0.10828518867492676
0.17662899250221253
0.10828518867492676
0.06210654377937319
0.13789345622062682
0.13789345622062682
0.15401101112365723
0.28164005279541016
