0.2201414704322815
0.2201414704322815
-0.2798585295677185
2.144174814224243
2.144174814224243
2.144174814224243
2.144174814224243
0.2597827469749451
-0.3097511088294983
-0.3097511088294983
-0.3097511088294983
-0.3097511088294983
-0.5063165426254272
-0.44778461808395387
-0.44778461808395387
-0.45189720392227173
-0.16391170024871826
-0.45189720392227173
-0.057773590087890625
1.2010170221328735
1.2010170221328735
2.717079281806946
2.717079281806946
0.2368846094055176
0.2368846094055176
0.2368846094055176
0.2368846094055176
-0.4325261116027832
-0.4325261116027832
-0.4543318303756714
-0.4543318303756714
-0.42973971366882324
1.1833988076019288
1.1833988076019288
1.1833988076019288
1.1833988076019288
0.20784772986602784
0.20784772986602784
0.26262393593788147
0.26262393593788147
-0.08518624305725098
0.17436461448669438
3.0095235109329224
-0.36193549633026123
3.0095235109329224
0.17436461448669438
0.11139953136444092
0.17767788400268553
0.17767788400268553
0.11139953136444092
0.47864121198654175
-0.3385843845176697
-0.3385843845176697
0.7258942723274231
0.37368518114089966
0.37368518114089966
-0.33682936429977417
-0.33682936429977417
0.1743557905597687
0.1743557905597687
-0.26539772748947144
-0.037724143266677834
-0.265397846698761
-0.03772417306900022
-0.26539772748947144
-0.26539772748947144
0.909796953201294
0.171719491481781
0.171719491481781
0.171719491481781
0.15331977605819702
0.9400994777679443
0.9400994777679443
0.4562052734565736
0.4562052734565736
-0.42000895738601685
-0.42000895738601685
-0.22943806648254395
-0.20947933197021484
-0.20947933197021484
-0.7432894552307129
-0.7432894552307129
-0.7197943806648255
-0.7197943806648255
10.093480110168457
10.093480110168457
10.093480110168457
10.093480110168457
-0.35518312454223633
-0.35518312454223633
-0.49397960901260374
-0.49397960901260374
-0.49397960901260374
-0.49397960901260374
0.34022992849349976
-0.9124709367752075
0.3402300477027893
0.3402300477027893
0.3402300477027893
0.17797154188156128
0.17797154188156128
-0.08423726206588744
-0.08423726206588744
1.1160972485923768
1.1160972485923768
1.1160972485923768
1.1160972485923768
-0.15238617414665223
-0.15238617414665223
0.14144617319107056
0.09203541278839111
0.14144617319107056
-0.049652143772125235
-0.049652143772125235
0.15381890535354614
-0.33390915393829346
0.15381890535354614
0.04523979425430297
0.04523979425430297
0.06134732013511657
0.171719491481781
0.06134732013511657
-0.1776566505432129
-0.1776566505432129
-0.32317308431243896
-0.3505501444473267
-0.35055026365661623
-0.32317314391708374
0.22354042530059814
0.2923499345779419
0.2923499345779419
0.22354042530059814
0.1282758116722107
0.1282758116722107
1.3576236367225647
1.3576236367225647
1.3576236367225647
0.1282758116722107
0.1282758116722107
1.3576236367225647
0.6552261114120483
0.4384540915489197
1.7836847782135008
1.7836847782135008
1.7836847782135008
1.7836847782135008
-0.012187480926513672
0.2971298098564148
0.36433732509613037
0.36433732509613037
0.36433732509613037
0.36433732509613037
0.0011889934539794922
0.0011889934539794922
0.0011889934539794922
0.0011889934539794922
0.688585102558136
1.014075219631195
1.0140751004219055
1.0140751004219055
1.014075219631195
0.19928661035156248
0.0885102458057404
0.0885102458057404
0.19928661035156248
0.2696712613105774
-0.3814659118652344
-0.3814659118652344
-0.3814659118652344
-0.3814659118652344
-0.22407641410827636
-0.22407641410827636
-0.22407641410827636
-0.22407641410827636
-0.30542975664138794
-0.22570864925765993
-0.22570864925765993
0.0860884940071106
0.0860884940071106
0.1792805790901184
-0.17364579439163208
-0.24295353889465332
0.7570464611053467
-0.2686617374420166
-0.2686617374420166
0.2201414704322815
0.2201414704322815
-0.16511130332946777
-0.16511130332946777
-0.5113641023635864
-0.03117569684982302
-0.22086610089492797
-0.031175756454467796
1.1792455315589905
-0.22086610089492797
-0.5478384494781494
-0.5478384494781494
-0.5478384494781494
-0.5478384494781494
-0.6738610422058106
-0.6738610422058106
-0.27156877517700195
-0.27156877517700195
-0.27156877517700195
-0.27156877517700195
-0.15472380871009828
-0.20646388530731202
-0.15472380871009828
-0.49698132276535034
-0.20646388530731202
-0.3713500022888183
-0.3713500022888183
-0.3713500022888183
-0.3713500022888183
-0.05487656593322754
-0.05487656593322754
-0.05487656593322754
-0.05487656593322754
-0.05487656593322754
0.963198685646057
0.3697747588157654
0.963198685646057
0.36977481842041016
0.02821063995361328
0.005424797534942627
0.005424797534942627
0.1467847228050232
0.028210699558258057
0.35592751502990727
0.1467847228050232
0.9339891672134399
0.005424797534942627
0.25661447597885134
0.005424797534942627
0.9339891672134399
0.1467847228050232
0.028210699558258057
0.25661447597885134
-0.28096461296081543
-0.28096461296081543
-0.28096461296081543
-0.24772369861602783
-0.24772369861602783
0.39557039737701416
0.1927214108905792
0.1927214108905792
0.39557039737701416
0.39557039737701416
1.0641434788703918
0.7614943385124207
0.7614943385124207
0.22748303413391113
0.22748303413391113
1.9882681369781494
0.8053746467399596
1.417335331439972
1.0466329455375671
0.4600524306297302
0.4600524306297302
0.2640601694583893
0.2640601694583893
-0.5161575301940918
-0.5161575301940918
-0.5161575301940918
-0.5161575301940918
0.07696586847305298
0.15385842323303223
0.15385842323303223
0.15385842323303223
0.15385842323303223
-0.1458833372039795
0.11319684982299805
-0.1458833372039795
-0.1458833372039795
-0.1458833372039795
-0.02125871181488037
-0.2578783631324768
-0.2578783631324768
-0.2578783631324768
-0.2578783631324768
-0.2652814745903015
-0.2652814745903015
-0.7253118907852173
-0.2652814745903015
-0.2652814745903015
-0.19724559783935547
0.171719491481781
0.171719491481781
-0.5091025829315186
-0.5091025829315186
-0.523770705406189
-0.09308433532714844
-0.523770705406189
0.1722944974899292
1.9445748329162598
1.9445748329162598
1.9445748329162598
1.9445748329162598
1.9445748329162598
1.9445748329162598
0.18700581789016724
0.3407427668571472
0.18700581789016724
0.3407427668571472
0.3407427668571472
0.18700581789016724
0.3407427668571472
-0.011630579288482656
-0.011630579288482656
-0.011630579288482656
-0.011630579288482656
-0.0269320011138916
0.3491342067718506
0.6595739126205444
-0.07523870468139648
0.6595739126205444
0.3491342067718506
-0.10933798551559448
-0.11938311213684083
-0.11938311213684083
-0.10933798551559448
-0.11938302272987367
0.30457884073257446
1.1775118112564087
-0.47978901863098145
-0.06907784938812256
-0.06907784938812256
-0.06907784938812256
-0.06907784938812256
-0.06907784938812256
-0.10652470588684082
-0.10652470588684082
-0.4382643699645996
-0.4382643699645996
2.8035266995429993
2.8035266995429993
2.8035266995429993
2.8035266995429993
-0.006440997123718262
-0.006440997123718262
0.22620385885238647
2.101843237876892
2.101843237876892
0.314892053604126
0.7262038588523865
0.314892053604126
-0.21111913079452516
0.05874365568161011
0.17383497953414917
0.17383497953414917
-0.21111913079452516
-0.14448118209838867
-0.14448118209838867
0.30797821283340454
-0.14448118209838867
-0.14448118209838867
-0.27375023012924193
0.9922643899917603
0.9922643899917603
0.3148652911186218
0.3148652911186218
-0.007735610008239746
0.9922643899917603
0.2959051728248596
0.2959051728248596
0.008003389835357644
0.008003389835357644
-0.32978248596191406
-0.24372053146362305
-0.6844346677703858
-0.24372053146362305
0.5269172191619873
-0.24372053146362305
-0.24372053146362305
-0.6844346677703858
-0.24372053146362305
-0.6175037622451782
-0.38730764389038086
0.4575960636138916
-0.12300944328308105
0.4575960636138916
0.4575960636138916
-0.11129975318908691
-0.11129975318908691
0.20519375801086426
-0.08265805244445801
-0.08265805244445801
0.830051600933075
0.4614174962043762
1.2986297607421875
0.4614174962043762
-0.07499969005584717
0.33924633264541626
0.830051600933075
-0.0210662961006165
-0.0210662961006165
-0.0210662961006165
-0.0210662961006165
-0.7007870674133301
-0.7007870674133301
-0.7007870674133301
-0.7007870674133301
-0.18251752853393555
-0.18251752853393555
-0.18251752853393555
-0.18251752853393555
-0.18251752853393555
-0.6994886839942932
-0.6987404227256775
-0.699602472782135
-0.699602472782135
-0.6994886839942932
0.10536020994186401
0.10536020994186401
0.34273380041122437
0.34273380041122437
0.8359468817710876
0.8359468817710876
0.5085827708244324
0.5085827708244324
0.5085827708244324
0.5085827708244324
0.05046886205673218
0.05046886205673218
0.05046886205673218
0.05046886205673218
1.0277952551841736
0.012219727039337158
-0.2899776101112366
1.4909911399650575
0.6191562062072753
1.4909911399650575
0.6540993094444274
0.6540993094444274
0.2650293707847595
0.2650293707847595
0.2650293707847595
0.2869088053703308
0.2356444001197815
0.2869088053703308
0.2869088053703308
0.2869088053703308
0.21764600276947021
0.21764600276947021
0.37870222330093384
-0.168748140335083
0.37870222330093384
0.21764612197875977
-0.49241374378967284
-0.49241374378967284
-0.49241374378967284
-0.49241374378967284
1.3795292973518372
-0.48530231714248656
-0.48530231714248656
-0.46009355783462524
-0.48530231714248656
-0.48530231714248656
-0.3461932897567749
-0.3461932897567749
-0.3461932897567749
-0.3461932897567749
0.8388434946537018
-0.28101277351379395
-0.28101277351379395
0.2693215012550354
0.10678774118423462
0.29770785570144653
0.026030695438384988
0.026030695438384988
0.2693215012550354
-1.034815788269043
-1.034815788269043
-1.034815788269043
-1.034815788269043
-1.034815788269043
-0.7256057262420654
-0.7256057262420654
-0.7256057262420654
-0.7256057262420654
9.356453955173492
9.356453955173492
9.356453955173492
9.356453955173492
12.182435035705566
0.16813847422599792
0.16813847422599792
0.2599267065525055
0.2599267065525055
-0.036977291107177734
0.04071301221847534
-0.12443515062332156
1.502188265323639
1.502188265323639
1.502188265323639
1.502188265323639
-0.6873114109039307
-0.6873114109039307
-0.6873114109039307
-0.6873114109039307
1.0329082608222961
0.511791467666626
1.4705899953842163
1.4705899953842163
1.4705899953842163
1.4705899953842163
0.6297396123409271
1.0805835127830505
1.831119179725647
1.0170260071754456
1.080583542585373
1.080583542585373
1.0805835127830505
1.0170260071754456
2.076915681362152
0.14566195607185362
0.2063089751205444
-0.343854442779541
0.2063089751205444
0.34485859274864195
0.34485859274864195
0.27331864833831787
-0.1345980167388916
-0.1345980167388916
-0.1345980167388916
-0.1345980167388916
0.26570600271224976
0.26570600271224976
0.47934192419052124
0.47934192419052124
-0.25742347240447994
-0.25742347240447994
-0.25742347240447994
-0.25742347240447994
-0.47655820846557617
-0.47655820846557617
-0.47655820846557617
-0.47655820846557617
-0.47655820846557617
0.4817969505653381
0.5054130136966706
0.4817969505653381
0.4817969505653381
0.4817969505653381
0.5054130136966706
-0.12403702735900879
-0.12403702735900879
-0.12403702735900879
-0.12403702735900879
-0.12403702735900879
0.01731808537673951
-0.04403005609893801
0.19947969913482666
0.19947969913482666
0.19947969913482666
0.19947969913482666
0.19947969913482666
0.25116023467636106
0.25116023467636106
0.2802082145767212
0.2802082145767212
0.2802082145767212
0.15858991498184205
-0.11879873275756836
0.19746434688568115
0.19746434688568115
1.3015060424804688
1.3015060424804688
-0.378031849861145
-0.0651777982711792
0.07198506593704224
0.5766103267669678
0.5766103267669678
0.5766103267669678
0.5766102075576782
-0.35371036881637574
-0.48710203170776367
-0.3308812379837036
-0.20630683898925783
0.14842957258224487
-0.20630683898925783
0.14842957258224487
-0.17295479774475098
-0.17295479774475098
-0.17295479774475098
-0.17295479774475098
-0.17295479774475098
-0.17295479774475098
-0.6399430190963745
-0.24392735958099365
-0.24392735958099365
-0.24392735958099365
-0.24392735958099365
0.09447681903839111
0.09447681903839111
0.09447681903839111
0.09447681903839111
3.175931692123413
3.175931692123413
3.175931692123413
3.175931692123413
-0.16133612394332886
-0.3184635639190674
-0.3184635639190674
-0.3184635639190674
-0.3184635639190674
0.07804520482254029
0.07804520482254029
0.07804520482254029
0.07804520482254029
-0.06318537836837768
-0.16097700595855713
-0.16097700595855713
2.114110231399536
2.114110231399536
0.07398277521133423
0.07398277521133423
-0.36987727880477905
-0.03716087341308594
-0.36987727880477905
-0.03716087341308594
-0.320798397064209
-0.320798397064209
-0.320798397064209
-0.320798397064209
-0.17548887377548217
-0.30103193169403075
-0.17548887377548217
-0.30103193169403075
0.0038033723831176758
-0.30103193169403075
-0.30103193169403075
-0.2515683174133301
-0.2515683174133301
-0.2515683174133301
-0.2515683174133301
-0.2515683174133301
0.2236872792243958
0.6301994567680358
0.0984964370727539
0.2236872792243958
0.6301994567680358
-0.2710719704627991
-0.3794074416160583
-0.2710719704627991
-0.3794074416160583
-0.18113970756530762
1.4610319137573242
1.4610319137573242
-0.0119551420211792
-0.0119551420211792
-0.1514295781211853
-0.1514295781211853
-0.1514295781211853
-0.1514295781211853
-0.1514295781211853
1.036805510520935
-0.2858278751373291
-0.2858278751373291
-0.2858278751373291
3.540663242340088
-0.39652663469314575
-0.13037610054016113
-0.13037610054016113
-0.13037610054016113
-0.13037610054016113
-0.13037610054016113
-0.7210078239440918
0.05263217850112911
0.05263217850112911
-0.6499217748641968
0.05263223810577389
0.05263217850112911
0.027685940265655518
0.027685940265655518
0.027685940265655518
0.027685940265655518
0.027685940265655518
0.027685940265655518
0.027685940265655518
0.17574459314346313
0.17574459314346313
0.17574459314346313
0.17574459314346313
0.3259255290031433
0.3259255290031433
0.3259255290031433
0.3259255290031433
2.0805511999320982
2.0805511999320982
2.0805511999320982
2.0805511999320982
2.074657618999481
1.0992973446846008
0.7619630694389343
2.074657618999481
0.7619630694389343
-0.046160101890563965
-0.046160101890563965
-0.046160101890563965
-0.046160101890563965
-1.2311428785324097
-0.20759618282318115
-0.20759618282318115
-0.2075960636138916
-0.2075960636138916
-0.2075960636138916
-1.1521782875061035
-0.7187135219573975
1.0999886393547058
1.0999886393547058
1.0999886393547058
1.0999886393547058
-0.45466254597473144
-0.2616274356842041
-0.45466254597473144
-0.2616274356842041
-0.1546168327331543
0.17574459314346313
2.437819719314575
0.5828136205673218
2.447551727294922
0.5828136205673218
-0.6300675868988037
0.09768277406692505
-0.12021534090805053
0.09768277406692505
-0.03990352153778076
-0.12021534090805053
0.22372448444366455
-0.11738014221191406
0.06359761953353882
-0.23195022344589233
0.06359761953353882
-0.2919861078262329
-0.23195010423660278
0.968032956123352
0.968032956123352
0.968032956123352
0.968032956123352
0.4203450083732605
0.4203450083732605
0.4203450083732605
0.4203450083732605
0.4203450083732605
0.632294500427246
0.632294500427246
0.632294500427246
0.632294500427246
0.01405191421508789
0.01405191421508789
0.01405191421508789
0.01405191421508789
-0.042990922927856445
0.171719491481781
-0.4376682639122009
-0.042990922927856445
-0.4376682639122009
-0.33468472957611084
-0.33468472957611084
-4.32441520690918
-0.3219161033630371
-0.3219161033630371
-0.3219161033630371
0.17574459314346313
2.1720463037490845
2.1720463037490845
2.1720463037490845
2.1720463037490845
-0.19815540313720703
-0.19815540313720703
-0.19815540313720703
-0.19815540313720703
-0.10592591762542725
-0.10592591762542725
0.1563470959663391
-0.7278749942779541
-0.6738402843475342
-0.7278749942779541
-0.7278749942779541
-0.5347509384155273
-0.5347509384155273
-0.20383644104003906
-0.5347509384155273
-0.5347509384155273
-0.5347509384155273
3.641374945640564
1.2798724174499512
3.641374945640564
1.2798724174499512
-0.4232032299041748
-0.4232032299041748
-0.4232032299041748
-0.09144699573516846
-0.09144699573516846
-0.4232032299041748
-0.09144699573516846
-0.3276771306991577
-0.3276771306991577
-0.3276771306991577
-0.28096461296081543
-0.28096461296081543
-0.47704489385528565
-0.4327203354782104
-0.47704489385528565
-0.4327203354782104
1.794299840927124
0.07835054397583008
0.07835054397583008
0.07835054397583008
0.07835054397583008
1.4064836502075195
1.4064836502075195
0.7651801109313965
0.7651801109313965
0.9231455079841613
0.9231455079841613
0.9231455079841613
0.9231455079841613
1.1851866245269775
0.11476761102676392
0.11476761102676392
0.11476761102676392
0.11476761102676392
0.3589863181114197
0.8345322608947754
0.3345322608947754
0.3345322608947754
0.8345322608947754
0.8345322608947754
0.8345322608947754
6.167074918746948
6.167074680328369
2.2855619192123413
2.2855619192123413
-0.0002305353240966701
0.19042223691940308
-0.0002305353240966701
0.19042223691940308
-0.12775588035583496
-0.12775588035583496
-0.12775588035583496
-0.12775588035583496
-0.12775588035583496
-0.12775588035583496
-0.5610461711883545
-0.177870512008667
-0.7121655941009521
0.15853267908096313
0.15853267908096313
-0.1595156192779541
-0.1595156192779541
-0.00010836124420166016
-0.1595156192779541
-0.48554527759552
-0.48554527759552
-0.48554527759552
-0.48554527759552
0.969562292098999
0.06647700071334839
0.06647700071334839
0.06647700071334839
0.9695621728897095
0.06647688150405884
-0.030437707901000977
0.969562292098999
-0.020914554595947266
-2.0714659690856934
-2.0714659690856934
-2.0714659690856934
-1.4727845191955566
-0.46628355979919434
-0.46628355979919434
-1.3795008659362793
-0.8743016719818115
-0.8743016719818115
-0.46628355979919434
-0.7065041065216064
-0.7065041065216064
-0.7065041065216064
0.839610719680786
0.839610719680786
0.839610719680786
0.839610719680786
0.1848353147506714
0.1848353147506714
0.14139050245285034
0.1848353147506714
0.1848353147506714
-0.08076930046081543
-0.08076930046081543
-0.08076930046081543
-0.08076930046081543
-0.08076930046081543
-0.08076930046081543
3.480237364768982
-1.101237177848816
-1.101237177848816
-1.101237177848816
-1.101237177848816
-1.101237177848816
3.23061603307724
3.23061603307724
3.23061603307724
3.23061603307724
-0.003378733451843252
-0.003378733451843252
-0.08988755941390991
0.3979727625846863
0.3979727625846863
-0.08988755941390991
28.93864643573761
0.5202082042503358
0.007569611072540283
-0.6834912300109863
-0.6834912300109863
2.027395009994507
2.027395009994507
2.027395009994507
2.027395009994507
-0.3216521739959717
1.1931098103523254
1.1931098103523254
1.1931098103523254
1.1931098103523254
1.1931098103523254
1.1931097507476807
-0.11961984634399414
-0.1783447265625
-0.3237254465179443
-0.3237254465179443
-0.11961984634399414
-0.1783447265625
-0.18944674730300903
-0.3489667773246765
1.9935396909713745
1.9950683116912842
-0.04041934013366699
0.08289352655410764
-0.07330882549285889
-0.009753584861755371
-0.07330882549285889
-0.07330882549285889
-0.07330882549285889
0.01812149286270137
0.01812149286270137
0.01812149286270137
0.01812149286270137
0.11109417676925659
0.09393399953842163
0.09393399953842163
0.09393399953842163
0.07902616262435913
0.9040358066558838
0.07902616262435913
0.07902616262435913
0.07902616262435913
-0.1059450352745056
-0.27291685342788696
-0.10594509487915038
-0.185438871383667
-0.1059450352745056
-0.1059450352745056
0.7169487774372101
0.8994712477493285
0.7169487774372101
1.1608243936729432
1.1608243936729432
0.4534153187828064
0.11142551898956299
-0.22333522195053102
1.7592087984085083
1.7592087984085083
1.0897846574020387
0.7297946810722351
1.0897846574020387
0.1455006957054138
0.08333873748779297
1.0787723660469055
0.9311527013778687
0.9311527013778687
0.9311527013778687
0.9311527013778687
0.9311527013778687
0.9311527013778687
0.9311527013778687
0.9311527013778687
0.7390728712081909
0.7390728712081909
0.7390728712081909
0.7390728712081909
0.13014119863510132
-0.47847652435302734
-0.39253230447006227
-0.47847652435302734
-0.47847652435302734
-0.47847652435302734
0.027045011520385742
0.027045011520385742
-0.3441094160079956
-0.2858278751373291
-0.3441094160079956
-0.3022731100959778
1.2556418776512146
1.3687039017677307
1.2556418776512146
1.2556418776512146
1.2556418776512146
0.17559112662506104
-0.26476144790649414
0.3295254111289978
0.3295254111289978
0.3295254111289978
0.3295254111289978
0.3295254111289978
0.3295254111289978
0.003563106060028076
0.003563106060028076
0.003563106060028076
0.003563106060028076
-0.5839224303321838
-0.4630899429321289
4.998542642040253
4.998542642040253
4.998542642040253
4.998542642040253
-0.5467493975715637
-0.8562753200531006
0.026135146617889404
0.026135146617889404
0.026135146617889404
0.08189111948013306
-0.2815400958061218
-0.2815400958061218
0.20423400402069092
-0.057112663984298706
0.1357150673866272
-0.4924336075782776
-0.4924336075782776
-0.4924336075782776
-0.4924336075782776
-0.03950619697570801
0.026713347434997536
1.3546448349952698
0.11366069385433197
0.5831502919960021
0.5029192268848419
3.937524437904358
-0.6248054504394531
-0.6248054504394531
-0.6248054504394531
-0.273331880569458
-0.6248054504394531
2.3436254262924194
2.3436254262924194
2.3436254262924194
2.3436254262924194
0.5564291477203369
2.329823672771454
5.080053389072418
0.6603679060935974
-0.14921355247497559
-0.14921355247497559
0.6603679060935974
-0.14921355247497559
-0.14921355247497559
0.24331766366958618
-0.08193236589431763
0.08879613876342773
0.08879613876342773
-0.7809779644012451
-0.7809779644012451
-0.7809779644012451
-0.7809779644012451
-0.7809779644012451
0.4415924549102783
4.107888877391815
1.112359082145691
0.12627345323562622
-0.4155727180175781
0.17574459314346313
0.12628674507141113
0.12628674507141113
-0.22681361436843872
-0.22681361436843872
0.9523890018463135
0.9523888826370239
-0.5862362237586975
-0.5862362237586975
-0.5862362237586975
-0.5862362237586975
1.166711425228119
1.166711425228119
1.166711425228119
1.166711425228119
1.5868954062461853
0.4770287275314331
-0.12724947929382324
0.44528746604919434
0.44528746604919434
1.8710122108459473
1.8710122108459473
-0.31492114067077637
-0.38266936540603635
-0.38266936540603635
-0.38266936540603635
-0.38266936540603635
-0.06915926933288574
-0.06915926933288574
0.9223171472549438
-0.2312150751991272
-0.7599280953407288
-0.7550407648086548
-0.7550407648086548
-0.7599280953407288
-0.07092916965484619
-0.07092916965484619
-0.07092916965484619
-0.07092916965484619
-0.07092916965484619
-0.2858278751373291
-0.2858278751373291
-0.32795387506484985
0.17579251527786255
0.17579251527786255
0.17579251527786255
-0.32795387506484985
0.13031476736068726
-0.37784202450942994
-0.31504857540130615
-0.37784202450942994
-0.14125561714172363
-0.28403717279434204
-0.2672786260204315
0.6155687570571899
-0.2758131384849548
-0.031340718269348145
-0.031340718269348145
-0.06592798233032227
-0.38798683881759644
-0.38798683881759644
-0.38798683881759644
-0.031340718269348145
-0.2858278751373291
-0.2858278751373291
-0.2858278751373291
-0.08660340309143066
-0.3345174193382263
-0.2858278751373291
-0.6883599758148193
-0.6883599758148193
0.0024494528770446777
-0.11113961064147948
-0.11113961064147948
-0.11113961064147948
-0.11113961064147948
-0.32267193794250487
-0.2858278751373291
-0.2858278751373291
-0.15220890885162353
0.9688135385513306
0.7250995635986328
-0.2671394348144531
0.662806510925293
-0.13778972625732422
-0.13778972625732422
-0.5713646411895752
-0.5713646411895752
-0.04017549753189087
-0.020931720733642578
-0.020931720733642578
-0.35389544123840333
-0.020931720733642578
-0.35389544123840333
0.03997516632080078
-0.7081574047164917
-0.03541672229766846
-0.27772003412246704
-0.03541672229766846
-0.06964441537857058
-0.06964441537857058
-0.27772003412246704
-0.41837124824523925
-0.20504371767807006
-0.32432347536087036
-0.27185630798339844
-0.32432347536087036
-0.12481522560119629
-0.12481522560119629
0.15027096271514895
1.9319878816604614
-0.20209461450576782
-0.20209461450576782
-0.29235637187957764
-0.29235637187957764
-0.20209461450576782
-0.20209461450576782
-0.20209461450576782
0.29736233632087705
0.8953351974487305
0.49786174297332764
0.49786174297332764
0.5428252073459625
-0.45308107137680054
-0.45308107137680054
0.04258686304092407
0.04258686304092407
-0.441295221988678
-0.441295221988678
10.73598575592041
10.73598575592041
-0.3459209358139038
-0.3459209358139038
-0.23834383487701416
-0.40160266160964964
-0.40160266160964964
-0.4288991689682007
0.3729262351989746
-0.08564126491546631
-0.03670261869812014
-0.03670261869812014
0.9242424964904785
0.9242424964904785
0.4283607006072998
0.4283607006072998
0.20806485414505005
-0.19576728343963623
-0.19576728343963623
-0.4148853575630188
-0.4148853575630188
-0.0708971619606018
0.4355235695838928
0.4355235695838928
-0.31841516494750977
-0.31841516494750977
-0.37086790800094604
-0.37086790800094604
34.931642174720764
-0.12436366081237793
-0.12436366081237793
-0.12436366081237793
-0.17813992500305176
-0.17813992500305176
-0.17227368002700805
-0.10148072242736816
-0.17227368002700805
1.1894277930259705
0.35416191816329956
0.3541620373725891
1.1894278526306152
0.12265045994949342
0.12265045994949342
-0.2111828327178955
0.12226790189743042
0.4689810276031494
0.0068086981773376465
-0.31759530305862427
-0.31759530305862427
-0.34543460607528687
-0.05344072580337522
-0.05344072580337522
-0.34543460607528687
-0.41970592737197876
-0.34543460607528687
-0.41970592737197876
0.14221936464309692
0.14221936464309692
-0.28093576431274414
0.1551932692527771
0.5201731324195862
0.5201731324195862
-0.657172679901123
0.026488810777664185
0.2680150866508484
1.1053234338760376
0.026488810777664185
-0.04596780294609071
-0.08553236722946167
-0.045967832748413096
-0.17000961303710938
0.12905412912368774
0.8070601224899292
0.11466574668884277
0.8070601224899292
0.12905412912368774
0.12905412912368774
0.73900306224823
0.9389679431915283
0.027081087772369394
0.027081087772369394
0.3228380084037781
0.30841358060073853
0.06830091828536988
0.30841358060073853
1.0833916664123535
-0.15338925963211059
-0.42090994119644165
-0.15338925963211059
-0.01847255229949951
-0.01847255229949951
-0.2490097438735962
-0.26920217275619507
-0.2490097438735962
-0.2490097438735962
-0.40386760234832764
-0.38914215564727783
-0.06401902437210083
-0.17472274655532838
-0.17472274655532838
0.1206924319267273
-0.17472274655532838
0.11508458852767944
-0.06237387657165527
-0.27283735627365113
-0.27283735627365113
-0.007209718227386475
-0.007209718227386475
0.04791306853294375
0.04791306853294375
-0.0022263526916503906
0.1999746561050415
0.1999746561050415
-0.012198328971862793
-0.012198328971862793
-0.008742018993377676
0.027707278728485107
0.027707278728485107
-0.008742018993377676
-0.49649983644485474
-0.49649983644485474
0.11411668414306642
0.11379368657302857
0.24601560831069946
0.11379368657302857
0.18510867709350587
0.11379368657302857
0.11379368657302857
-0.21954031342697145
-0.07038832306861875
-0.07038832306861875
0.09008926153182983
-0.24614745378494263
-0.24614739418029785
-0.07304616326522828
0.16849154233932495
-0.26449447870254517
-0.2032800316810608
-0.2032800316810608
0.20106607675552368
0.20106607675552368
-0.14423656463623047
0.6090564131736755
0.6090564131736755
1.9411753416061401
1.9561936855316162
1.9561936855316162
0.07324033975601196
-0.05882465839385986
-0.22720551490783691
1.105306327342987
1.105306327342987
0.04677218198776245
-0.5903743505477905
-0.404390811920166
-0.404390811920166
-0.404390811920166
-0.404390811920166
-0.404390811920166
-0.029396414756774902
0.05445069074630737
-0.15216274613571168
-0.15216274613571168
-0.43286895751953125
-0.3395435368461609
-0.07981956005096436
-0.3395435368461609
-0.5424201488494873
-0.2600441575050354
0.019505858421325684
0.2151671051979065
0.2151671051979065
0.019505858421325684
-0.05201125144958496
-0.05201125144958496
-0.05201125144958496
-0.05201125144958496
-0.2980743201904297
-0.15169498370742796
0.17905718088150024
-0.03699023127555845
-0.15169498370742796
-0.2980743201904297
-0.9447541236877441
-0.9447541236877441
-0.3091280460357666
-0.3091280460357666
0.13096386194229126
0.13096386194229126
0.07016664147377016
0.07016664147377016
-0.05992002839279176
0.05557584762573242
-0.11226427555084229
0.25625463779449453
0.25625463779449453
0.1977030634880066
0.07872623205184937
0.19770318269729614
0.8852851390838623
0.17867735028266907
0.29222585314941407
0.17867735028266907
-0.1997260605735779
0.3242550492286682
0.023220195671081523
0.02791076898574829
-0.06718391180038452
-0.045287415925979624
-0.045287415925979624
0.023220195671081523
-0.31593774557113646
-0.15080501437187194
-0.28591574782562257
-0.15080501437187194
0.2791568398475647
0.5601502060890198
0.32296907901763916
-0.26898956298828125
0.5601502060890198
-0.18984979391098022
-0.18984979391098022
-0.26898956298828125
0.0026607930660247914
-0.398046508972168
0.0026607930660247914
-0.0006745759277343721
-0.0006745759277343721
-0.025604323093414316
0.1924543685970307
0.3689078688621521
-0.07059229964447022
0.15137267184829717
-0.1919000744819641
-0.09742879867553711
-0.09742879867553711
-0.09742879867553711
-0.2751791477203369
-0.2751791477203369
-0.2751791477203369
-0.2751791477203369
-0.17695643061828614
0.4010566599349975
0.39660878181457515
0.269667387008667
0.36219713687896726
0.6171189690189361
0.4010566599349975
0.34345492720603943
0.39660878181457515
-0.2327835440635681
0.20106399059295654
-0.2327835440635681
0.20106399059295654
-0.1681600058631897
-0.20147697925567626
0.25964048504829407
-0.20147697925567626
0.25964048504829407
-0.17349958419799805
-0.2926533579826355
-0.2926533579826355
0.23025131225585938
0.17239928245544434
-0.11833797693252562
0.19338712096214294
-0.11833797693252562
0.23025131225585938
0.19338712096214294
-0.13496005535125732
-0.22818884253501892
0.19940829277038574
0.21354404687881468
-0.10802874015426633
0.35608428716659546
-0.10802874015426633
0.03482825984573362
-0.020584508235931387
0.11373341083526611
0.03482825984573362
0.07149817103576661
0.15897095203399658
-0.3020216380996704
-0.09102904796600342
-0.24527551287841798
-0.09102904796600342
0.15897095203399658
-0.17420265124893186
0.5780635476112366
1.9040404558181763
0.17574459314346313
0.5780635476112366
0.29393431003570547
0.293934429244995
0.5401909351348877
0.5401909351348877
0.0584789514541626
0.14574695229530332
0.2299678921699524
0.16638560662651058
0.16638560662651058
0.0584789514541626
-0.003654166515350332
0.14574695229530332
-0.2719130516052246
-0.3724435567855835
-0.3724435567855835
-0.5797886848449707
0.3877032399177551
-0.11574903130531311
-0.08882439136505127
-0.11574903130531311
0.30628955364227295
-0.1879067575378418
0.2785941123962402
0.2785941123962402
0.6554606204795836
0.42508018016815186
0.07519665360450745
-0.17183053493499756
0.07519665360450745
-0.2615622127609253
-0.04635430926513673
-0.04635430926513673
-0.22878646850585938
-0.15831643342971802
-0.15831643342971802
-0.1583164930343628
-0.1583164930343628
-0.4032436167640686
-0.28096461296081543
-0.4032436167640686
-0.6093394601898193
-0.15165106058120725
-0.04731869697570801
-0.15165106058120725
-0.04731869697570801
-0.10527116060256958
-0.024083062465667715
-0.10527116060256958
-0.12826275825500488
-0.06014855136489872
-0.2064305543899536
-0.06014855136489872
-0.025281906127929688
-0.3321849858207703
-0.5197909355163575
-0.3321849858207703
-0.5919948816299438
-0.5919948816299438
-0.5772008895874023
-0.4175256049079895
-0.4175256049079895
-0.7285821437835693
1.2173139452934265
0.2173139452934265
1.2173139452934265
0.2173139452934265
0.35240107774734497
0.35240107774734497
0.9560674428939819
0.34493595361709595
0.011602953617095957
0.5657584071159363
0.34493595361709595
-0.14284563064575195
-0.04774880409240723
0.011602953617095957
-0.3307006359100342
-0.3307006359100342
-0.03722381591796875
-0.24869132041931152
-0.10569542646408081
-0.21402251720428467
-0.10569542646408081
0.1443045735359192
0.1443045735359192
-0.16196990013122559
-0.3498062491416931
-0.3498062491416931
3.718888759613037
2.718888759613037
2.718888759613037
3.718888759613037
-0.27921223640441895
-0.27921223640441895
-0.05034358853530885
-0.05034358853530885
0.1345175802707672
0.13451766967773438
0.11089608669281004
-0.2632265090942383
0.009517580270767212
0.009517580270767212
-0.18945823907852172
-0.18945823907852172
-0.18945823907852172
-0.18945823907852172
-0.3498062491416931
-0.16196990013122559
-0.3498062491416931
0.15905314683914185
0.32109700197410584
-0.16196990013122559
0.32109700197410584
0.006133997440338157
0.006133997440338157
-0.09313933497238158
-0.19757230633926393
0.006133997440338157
0.006133997440338157
-0.1587439775466919
-0.1587439775466919
-0.12257666939926148
-0.14861756563186646
-0.26727991104125975
-0.26727991104125975
-0.12257666939926148
0.17526966333389282
0.627568244934082
-0.3932669162750244
0.627568244934082
0.627568244934082
0.627568244934082
0.59989994764328
0.34238250499534606
0.48486483097076416
0.48486483097076416
0.34238250499534606
-0.28291499614715576
0.044925034046173096
0.044925034046173096
0.044925034046173096
0.044925034046173096
0.5318763256072998
-0.30463558435440063
-0.2930681109428406
-0.30463558435440063
-0.046726898054122945
0.07569485902786255
-0.6883599758148193
0.5247021019458771
0.4366952180862427
0.12058931589126587
0.04683740491104127
-0.2858278751373291
-0.046726898054122945
0.5247021019458771
0.04668337106704712
0.04668337106704712
-0.05439461821746827
0.15220540761947632
-0.41560004597473144
-0.18154382705688477
-0.41560028439331054
-0.41560004597473144
-0.41560004597473144
-0.41560004597473144
-0.11945560574531555
-0.11945560574531555
0.13054439425468445
0.13054439425468445
-0.1594681739807129
0.13054439425468445
-0.1533050537109375
0.29875418543815613
0.5307990908622742
0.29875418543815613
0.41838282346725464
0.1199383497238159
0.1199383497238159
-0.038280829246520987
-0.038280829246520987
0.6283821707534789
-0.03038489818572998
0.6283821707534789
-0.1936354637145996
-0.12239927053451538
-0.12239927053451538
-0.12239927053451538
-0.10619189143180846
-0.10619189143180846
-0.1601250171661377
-0.3147037625312805
-0.19306685084533692
-0.19306685084533692
-0.19306685084533692
-0.1601250171661377
0.4589042246341706
0.4589042246341706
0.3033648729324341
0.4589042246341706
0.4589042246341706
-0.7695872783660889
-0.1406489908695221
-0.1406489908695221
0.10583957433700564
0.1093510091304779
0.10583957433700564
0.25912424381256094
0.25912424381256094
-0.40753875618743896
-0.40753875618743896
-0.19758808612823486
-0.19758808612823486
-0.19758808612823486
-0.27307188510894775
-0.27307188510894775
-0.023071885108947754
-0.023071885108947754
-0.023071885108947754
-0.04908996820449829
-0.04908996820449829
-0.2176851188583374
-0.2176851188583374
-0.2176851188583374
-0.2171390950679779
-0.21713906526565552
-0.26594895124435425
0.030764305591583274
0.030764305591583274
-0.15076804161071777
-0.15076804161071777
-0.4007680416107178
-0.30201292037963867
-0.4007680416107178
-0.15076804161071777
-0.2656009793281555
-0.18811386823654175
-0.18811386823654175
-0.21880962008666993
0.004781663417816162
-0.21880962008666993
-0.1388212203979492
-0.14919920319747926
-0.14919920319747926
-0.1388212203979492
-0.19457769393920898
0.29679954051971436
0.29679954051971436
0.29679954051971436
0.29679954051971436
0.29679954051971436
0.024471700191497803
0.4235328435897827
0.4235328435897827
0.06056566590499879
0.06056566590499879
0.02548927068710327
0.22234433889389038
0.17523962259292603
0.22234433889389038
-0.23486517315673827
0.15229696035385132
-0.23486517315673827
-0.3895190954208374
-0.10086989402770996
-0.10086989402770996
-0.10086989402770996
-0.3895190954208374
-0.3683971321029663
-0.3683971321029663
-0.12429457902908325
0.3171682357788086
-0.12429457902908325
-0.8931558132171631
-0.9080029880447388
-0.9080029880447388
-0.8931558132171631
-0.9080029880447388
-0.8931558132171631
0.24246529340744016
0.29974693059921265
0.24246529340744016
0.11957234144210815
0.11957234144210815
0.33357685804367065
0.33357685804367065
0.0786154568195343
0.04066994190216067
-0.0030950307846069336
0.040669971704483054
0.07861542701721191
0.03221946954727173
0.2201678454875946
0.220167875289917
0.15017849206924438
-0.38605363721084596
-0.38605363721084596
-0.3817217946052551
-0.3817217946052551
-0.3817217946052551
-0.025850296020507812
-0.025850296020507812
0.21669538373184205
0.0831788182258606
0.21669538373184205
0.0831788182258606
0.13725080490112307
-0.06274919509887694
-0.06274925470352172
-0.11243987083435059
0.035839200019836426
