-0.3663043975830078
-0.3663043975830078
-0.8663043975830078
1.4401745796203613
1.4401745796203613
1.4401745796203613
1.4401745796203613
-0.319516226108551
-0.39988948458862306
-0.39988948458862306
-0.39988948458862306
-0.39988948458862306
-0.5194897651672363
-0.286168531124115
-0.286168531124115
-0.31920504570007324
-0.6343275308609009
-0.31920504570007324
-0.6481808423995972
0.9798738956451416
0.9798738956451416
2.498486876487732
2.498486876487732
0.27599947208595277
0.27599947208595277
0.27599947208595277
0.27599947208595277
0.0424763560295105
0.0424763560295105
0.008783563739776623
0.008783653146743786
-0.33017921447753906
0.9134611731338502
0.9134611731338502
0.9134611731338502
0.9134611731338502
0.1636154806060791
0.1636154806060791
0.23734191060066223
0.23734191060066223
-0.09876489639282227
0.31611495018005376
2.681329846382141
-0.3186701536178589
2.681329846382141
0.31611495018005376
-0.015270143747329712
0.2058345519504547
0.2058345519504547
-0.015270143747329712
0.5345621705055237
-0.3482861133384705
-0.3482861133384705
0.5345621705055237
-0.11946713924407959
-0.11946713924407959
-0.1488017439842224
-0.1488017439842224
-0.47661994343566894
-0.47661994343566894
-0.4539484977722168
-0.11972681283950803
-0.453948974609375
-0.11972699165344236
-0.4539484977722168
-0.4539484977722168
0.18011796474456787
-0.20074188709259033
-0.20074188709259033
-0.20074188709259033
-0.18167877197265625
0.15668857097625732
0.15668857097625732
-0.13079789798736563
-0.13079789798736563
-0.23196297883987427
-0.23196297883987427
-0.7870932817459106
-0.23196297883987427
-0.23196297883987427
-0.2687893057422638
-0.2687893057422638
-0.24852203130722045
-0.24852203130722045
6.56205940246582
6.56205940246582
6.56205940246582
6.56205940246582
0.7550641000270844
0.7550641000270844
0.1877219915390015
0.1877219915390015
0.1877219915390015
0.1877219915390015
0.10897552967071533
-0.1875362992286682
0.10897517204284668
0.10897517204284668
0.10897517204284668
0.3942564129829407
0.3942564129829407
0.30687560195159913
0.30687560195159913
0.15796969036102304
0.15796969036102304
0.15796969036102304
0.15796969036102304
-0.3519985234184265
-0.3519985234184265
-0.25332045555114746
0.006175339221954346
-0.25332045555114746
-0.01845936423110961
-0.01845936423110961
0.2932863235473633
0.001092374324798584
0.2932863235473633
0.04974030256271361
0.04974030256271361
-0.1703148638648987
0.43282878398895264
-0.1703148638648987
-0.13151848316192627
-0.13151848316192627
-0.3061502957878113
-0.37016668869400027
-0.37016650988006594
-0.3061499977645874
0.37782013416290283
0.7490728795528412
0.7490728795528412
0.37782013416290283
-0.5972861051559448
-0.5972861051559448
0.4027138948440552
0.4027138948440552
0.4027138948440552
-0.5972861051559448
-0.5972861051559448
0.4027138948440552
-0.22236645221710205
0.37520748376846313
1.0824984788894652
1.0824984788894652
1.0824984788894652
1.0824984788894652
-0.7062174081802368
-0.2555866241455078
0.22300255298614502
0.22300255298614502
0.22300255298614502
0.22300255298614502
0.5031111240386963
0.5031111240386963
0.5031111240386963
0.5031111240386963
0.7114849090576172
0.8864202499389648
0.886420488357544
0.886420488357544
0.8864202499389648
0.2201443319187164
0.07569849563217168
0.07569849563217168
0.2201443319187164
-0.13077235221862793
-0.09942734241485596
-0.09942734241485596
-0.09942734241485596
-0.09942734241485596
-0.22429873943328857
-0.22429873943328857
-0.22429873943328857
-0.22429873943328857
0.025674819946289062
0.36477749725198744
0.36477749725198744
0.2309879218978882
0.2309879218978882
0.30122464895248413
-0.3551008701324463
-0.524328351020813
0.475671648979187
0.030125856399536133
0.030125856399536133
-0.5540099143981934
-0.5540099143981934
-0.6167590618133545
-0.6167590618133545
-0.41059666872024536
-0.24925204515457156
-0.3197032977218628
-0.24925186634063723
0.9998276233673096
-0.319703238117218
0.2650294005870819
0.2650294005870819
0.2650294005870819
0.2650294005870819
-0.6676250850601196
-0.6676250850601196
-0.03609049320220947
-0.03609049320220947
-0.03609049320220947
-0.03609049320220947
-0.24753309840393067
-0.32586265802383424
-0.24753309840393067
-0.3512685298919678
-0.32586265802383424
-0.04560722112655635
-0.04560722112655635
-0.04560722112655635
-0.04560722112655635
-0.11666643619537354
-0.11666643619537354
-0.11666643619537354
-0.11666643619537354
-0.11666643619537354
0.7739974498748778
0.4254992604255676
0.7739974498748778
0.4254993796348572
-0.24887406826019287
0.12082314491271973
0.12082314491271973
0.27716970443725586
-0.24887418746948242
-0.05854518413543697
0.27716970443725586
0.49245399236679077
0.12082314491271973
-0.06408962653732297
0.12082314491271973
0.49245399236679077
0.27716970443725586
-0.24887418746948242
-0.06408962653732297
0.034166157245635986
0.034166157245635986
0.034166157245635986
-0.0597456693649292
-0.0597456693649292
-0.14845657348632812
-0.3745407916107178
-0.3745407916107178
0.4442203938961029
-0.14845657348632812
0.34452152252197266
0.6011329293251038
0.6011329293251038
-0.01753777265548706
-0.01753777265548706
2.427330493927002
0.5796587711143493
1.0630459189414978
-0.05668973922729492
0.025173068046569824
0.025173068046569824
0.13550329208374023
0.13550329208374023
-0.5386079772766114
-0.5386079772766114
-0.5386079772766114
-0.5386079772766114
0.5148858726024628
-0.24072802066802979
-0.24072802066802979
-0.24072802066802979
-0.24072802066802979
-0.10132916325759889
-0.36177003383636475
-0.10132916325759889
-0.10132916325759889
-0.10132916325759889
-1.2587027549743652
-0.6334439516067505
-0.6334439516067505
-0.6334439516067505
-0.6334439516067505
0.2836879283189774
0.2836879283189774
-0.2618568694038391
0.2836879283189774
0.2836879283189774
0.11238229274749756
-0.6196366548538208
-0.6196366548538208
-0.34597641229629517
-0.34597641229629517
-0.4498093282623291
-0.5761122703552246
-0.4498093282623291
0.1271829605102539
0.5170044898986816
0.5170044898986816
0.5170044898986816
0.5170044898986816
0.5170044898986816
0.5170044898986816
-0.035572052001953125
0.6050167381763458
-0.035572052001953125
0.6050167381763458
0.6050167381763458
-0.035572052001953125
0.6050167381763458
-0.004536732490539541
-0.004536732490539541
-0.004536732490539541
-0.004536732490539541
-0.22300076484680176
0.7743958532810211
0.7276585102081299
-0.7036553621292114
0.7276585102081299
0.7743958532810211
0.053355634212493896
-0.0630196487350464
-0.0630196487350464
0.053355634212493896
-0.06301982754898072
0.3977243900299072
0.4956446886062622
-0.2739083766937256
0.4109031558036804
0.4109031558036804
0.4109031558036804
0.4109031558036804
0.4109031558036804
-1.543325424194336
-1.543325424194336
-0.6321729421615601
-0.6321729421615601
1.1717050075531006
1.1717050075531006
1.1717050075531006
1.1717050075531006
-0.5079566240310669
-0.5079566240310669
0.21385401487350464
1.453717589378357
1.453717589378357
0.22560924291610718
0.3314160108566284
0.22560924291610718
-0.23461230153274537
0.4678660035133362
0.19351857900619507
0.19351857900619507
-0.23461218232345582
-0.70831298828125
-0.7083133459091187
-0.7083133459091187
-0.7083133459091187
-0.7083133459091187
-0.31974695568847655
0.7251642942428589
0.7251642942428589
0.41604548692703247
0.41604548692703247
-0.2748357057571411
0.7251642942428589
0.06960749626159668
0.06960749626159668
0.013595557212829568
0.013595557212829568
0.304806113243103
0.4071570634841919
-0.06494762057495118
0.4071570634841919
0.6185414791107178
0.4071570634841919
0.4071570634841919
-0.06494762057495118
0.4071570634841919
0.08072042465209961
-0.034369587898254395
0.41412413120269775
-0.5858758687973022
0.41412413120269775
0.41412413120269775
-0.03436934947967529
-0.03436934947967529
-0.6124842166900635
-0.2288135290145874
-0.2288135290145874
0.9872390627861023
0.25145769119262695
1.7703341245651245
0.25145769119262695
0.4598519802093506
0.4598519802093506
0.9872390627861023
-0.4681498289108277
-0.4681498289108277
-0.4681498289108277
-0.4681498289108277
-0.11032956838607788
-0.11032956838607788
-0.11032956838607788
-0.11032956838607788
0.15643715858459473
0.15643715858459473
0.15643715858459473
0.15643715858459473
0.15643715858459473
-0.41991917734909057
-0.25822556018829346
-0.42580925226211547
-0.42580925226211547
-0.41991917734909057
0.20535337924957275
0.20535337924957275
0.2945307493209839
0.2945307493209839
0.6643641233444213
0.6643641233444213
0.17088061571121216
0.17088061571121216
0.17088061571121216
0.17088061571121216
0.12954866886138916
0.12954866886138916
0.12954866886138916
0.12954866886138916
0.4867401123046875
-0.4241844415664673
-0.23779529333114624
1.1349428540039064
0.5649076348114013
1.1349428540039064
0.7895696401596068
0.7895696401596068
0.029863476753234863
0.029863476753234863
0.029863476753234863
0.6703426837921143
0.09106802940368652
0.6703426837921143
0.6703426837921143
0.6703426837921143
0.2810928225517273
0.2810928225517273
0.4340132474899292
-0.13474524021148682
0.4340131878852844
0.28109297156333923
0.06581439131927491
0.06581439131927491
0.06581439131927491
0.06581439131927491
1.5922377109527588
-0.27293293476104735
-0.27293293476104735
-0.3589130640029907
-0.27293293476104735
-0.27293293476104735
0.04944607019424441
0.04944607019424441
0.04944607019424441
0.04944607019424441
0.8106957376003265
-0.5371553897857666
-0.5371553897857666
0.593338131904602
0.32921135425567627
0.26954734325408936
0.3033736705780029
0.3033736705780029
0.593338131904602
-0.38757485151290894
-0.38757485151290894
-0.38757485151290894
-0.38757485151290894
-0.38757485151290894
-0.45434772968292236
-0.45434772968292236
-0.4543476104736328
-0.4543476104736328
7.38184666633606
7.38184666633606
7.38184666633606
7.38184666633606
10.393288850784302
-0.15667033195495605
-0.15667033195495605
0.22116726636886597
0.22116726636886597
0.4116230010986328
0.36388957500457764
-0.14442595243453982
0.821948766708374
0.821948766708374
0.821948766708374
0.821948766708374
-0.5818519592285156
-0.5818519592285156
-0.5818519592285156
-0.5818519592285156
0.12078726291656494
-0.1794988512992859
1.2687925100326538
1.2687925100326538
1.2687925100326538
1.2687925100326538
-0.017775297164916992
0.8518693447113037
1.8364278078079224
1.6778972446918488
0.8518691062927246
0.8518691062927246
0.8518693447113037
1.6778972446918488
0.8610641956329346
-0.48834254741668703
0.30449385126447676
-0.7553414260787964
0.30449385126447676
0.45763368010520933
0.45763368010520933
0.2962881028652191
-0.6266169548034668
-0.6266169548034668
-0.6266169548034668
-0.6266169548034668
0.4148463010787964
0.4148463010787964
0.6975122094154358
0.6975122094154358
0.18702368736267094
0.18702368736267094
0.18702368736267094
0.18702368736267094
-0.2645620107650757
-0.2645620107650757
-0.2645620107650757
-0.2645620107650757
-0.2645620107650757
0.28277501510238645
0.4956340670585633
0.28277501510238645
0.2827754025325775
0.2827754025325775
0.4956340670585633
0.6733660995960236
0.6733660995960236
0.6733660995960236
0.6733660995960236
0.6733660995960236
0.18480323309135438
-0.27824311027908327
0.4436332583427429
0.4436332583427429
0.4436332583427429
0.4436332583427429
0.4436332583427429
0.6615510811076164
0.6615510811076164
0.7742326030688286
0.7742326030688286
0.7742326030688286
0.10971035117340089
0.6030109822750092
0.3996226191520691
0.3996226191520691
1.2252848148345947
1.2252848148345947
0.1250724196434021
-0.048098206520080566
-0.048098206520080566
0.6746445894241333
0.6746445894241333
0.6746445894241333
0.6746450662612915
0.18750356083679198
0.3837618827819824
0.3837618827819824
-0.2140237331390381
0.12916219234466553
-0.2140237331390381
0.12916219234466553
0.2666771411895752
0.2666771411895752
0.2666771411895752
0.2666771411895752
0.2666771411895752
0.2666771411895752
-0.3393599545402527
-0.34917402267456055
-0.34917402267456055
-0.34917402267456055
-0.34917402267456055
-0.38163208961486816
-0.38163208961486816
-0.38163208961486816
-0.38163208961486816
1.6797797679901123
1.6797797679901123
1.6797797679901123
1.6797797679901123
0.12026768922805786
-0.27941393852233887
-0.27941393852233887
-0.27941393852233887
-0.27941393852233887
0.11428202742767335
0.11428202742767335
0.11428220624160768
0.11428220624160768
0.3087066864414215
0.0012325644493103027
0.0012325644493103027
1.93818199634552
1.93818199634552
-0.31165993213653564
-0.31165993213653564
-0.7331540584564209
-0.6242685317993164
-0.7331540584564209
-0.6242685317993164
0.021384358406066895
0.021384358406066895
0.021384358406066895
0.021384358406066895
0.08661951178741456
0.17632307166290284
0.08661951178741456
0.17632307166290284
0.5861516892910004
0.17632307166290284
0.17632307166290284
0.2828291654586792
0.2828291654586792
0.2828291654586792
0.2828291654586792
0.2828291654586792
-0.4076290845870971
0.3035748844909667
0.34141361713409424
-0.4076290845870971
0.3035746460723876
-0.10089844465255737
-0.06467813849449155
-0.10089844465255737
-0.06467813849449155
-0.4457690715789795
1.3656562566757202
1.3656562566757202
-0.29026806354522705
-0.29026806354522705
0.44182910079193116
0.44182910079193116
0.44182910079193116
0.44182910079193116
0.44182910079193116
-0.040436744689941406
-0.04132962226867676
-0.04132962226867676
-0.04132962226867676
3.149415969848633
-0.2639387845993042
0.08914721012115479
0.08914721012115479
0.08914721012115479
0.08914721012115479
0.08914721012115479
0.06568259000778198
-0.012993429466247597
-0.012993429466247597
-0.7124820947647095
-0.012993667884826698
-0.012993429466247597
0.0643267035484314
0.0643267035484314
0.0643267035484314
0.0643267035484314
0.0643267035484314
0.0643267035484314
0.0643267035484314
-0.42219388484954834
-0.42219388484954834
-0.42219388484954834
-0.42219388484954834
0.48477572202682495
0.48477572202682495
0.48477572202682495
0.48477572202682495
1.0543863702011107
1.0543863702011107
1.0543863702011107
1.0543863702011107
0.6695618629455566
-0.33043813705444336
-0.08454728126525879
0.6695618629455566
-0.08454728126525879
-0.2117232084274292
-0.2117232084274292
-0.2117232084274292
-0.2117232084274292
-0.1193840503692627
-0.46217525005340576
-0.46217525005340576
-0.46217453479766846
-0.46217453479766846
-0.46217453479766846
0.07265716791152954
0.32994556427001953
1.0138043761253357
1.0138043761253357
1.0138043761253357
1.0138043761253357
0.06763924712371827
0.21113508939743042
0.06763924712371827
0.21113508939743042
-0.504891037940979
-0.504891037940979
1.9064218997955322
1.2114277482032776
1.9064218997955322
1.2114277482032776
-0.483768105506897
0.43522071838378906
0.04153664464187623
0.43522071838378906
-1.0353529453277588
0.04153664464187623
-0.03845679759979248
-0.6925860643386841
-0.6925860643386841
-0.17567414045333862
-0.6925860643386841
-1.243769884109497
-0.17567461729049683
0.4644136428833008
0.4644136428833008
0.4644136428833008
0.4644136428833008
-0.6483194828033447
-0.6483194828033447
-0.6483194828033447
-0.6483194828033447
-0.6483194828033447
0.7337717657852172
0.7337717657852172
0.7337717657852172
0.7337717657852172
-0.33446574211120605
-0.33446574211120605
-0.33446574211120605
-0.33446574211120605
0.09952807426452637
0.25145411491394043
-0.0667920708656311
0.09952807426452637
-0.0667920708656311
-0.18493610620498657
-0.18493610620498657
0.7582888603210449
-0.6474438905715942
-0.6474438905715942
-0.6474438905715942
-1.5508129596710205
1.6688685417175293
1.6688683032989502
1.6688683032989502
1.6688685417175293
0.45955896377563477
0.45955896377563477
0.45955896377563477
0.45955896377563477
-0.23677551746368408
-0.23677551746368408
-2.1202430725097656
-0.040441036224365234
-0.040441036224365234
-0.040441036224365234
-0.040441036224365234
-0.08484554290771484
-0.08484554290771484
-0.07455956935882568
-0.08484554290771484
-0.08484554290771484
-0.08484554290771484
3.1125231981277466
1.4279781579971313
3.1125231981277466
1.4279781579971313
-0.36684828996658325
-0.36684828996658325
-0.36684828996658325
-0.07455956935882568
-0.07455956935882568
-0.36684828996658325
-0.07455956935882568
-0.6925860643386841
-0.6925860643386841
-0.6925860643386841
0.0011606216430664062
0.0011606216430664062
-0.3034719363395691
-0.3058827838844299
-0.3034719363395691
-0.3058827838844299
1.4271420240402222
0.2640232443809509
0.2640232443809509
0.2640232443809509
0.2640232443809509
0.9358351230621338
0.9358351230621338
0.6319953203201294
0.6319953203201294
0.24957898777008047
0.24957898777008047
0.24957898777008047
0.24957898777008047
1.489857792854309
0.09400656819343567
0.09400656819343567
0.09400656819343567
0.09400656819343567
0.3045263886451721
0.49500060081481934
-0.004999399185180664
-0.004999399185180664
0.49500060081481934
0.49500060081481934
0.49500083923339844
4.095208644866943
4.095209836959839
1.8703992366790771
1.8703992366790771
0.12330021018218995
0.31930768489837646
0.12330021018218995
0.31930768489837646
-0.6367102861404419
-0.6367102861404419
-0.6367102861404419
-0.6367102861404419
-0.6367102861404419
-0.6367102861404419
-0.7733187556266785
-0.29800331592559814
-0.6254376173019409
0.2788822650909424
0.2788822650909424
0.37745339423418045
0.37745339423418045
0.23158645629882812
0.37745339423418045
-0.22956860065460205
-0.22956860065460205
-0.22956860065460205
-0.22956860065460205
0.8954828977584839
0.13558369874954224
0.13558369874954224
0.13558369874954224
0.8954828977584839
0.135583758354187
-0.10451710224151611
0.8954828977584839
-0.9788440465927124
-1.3662986755371094
-1.3662986755371094
-1.3662986755371094
-1.2134120464324951
-0.04003870487213135
-0.04003870487213135
0.1550300121307373
-0.15271097421646118
-0.15271097421646118
-0.04003870487213135
0.12498253583908081
0.12498253583908081
0.12498253583908081
0.09023931026458731
0.09023931026458731
0.09023931026458731
0.09023931026458731
-0.7150048017501831
-0.7150048017501831
-0.8637603521347046
-0.7150048017501831
-0.7150048017501831
-0.5037879943847656
-0.5037879943847656
-0.5037879943847656
-0.5037879943847656
-0.5037879943847656
-0.503787636756897
1.8096530437469482
0.09087395668029785
0.09087395668029785
0.09087395668029785
0.09087395668029785
0.09087395668029785
2.5095349550247192
2.5095349550247192
2.5095349550247192
2.5095349550247192
0.02923883551788331
0.02923883551788331
0.12079787254333496
0.39553946256637573
0.39553946256637573
0.12079787254333496
26.48157811164856
0.4167813305664063
-0.30003654956817627
-0.06867361068725586
-0.06867361068725586
0.9497170448303223
0.9497170448303223
0.9497170448303223
0.9497170448303223
-0.5692286491394043
0.8968859910964966
0.8968859910964966
0.8968859910964966
0.8968859910964966
0.8968859910964966
0.8968862295150757
0.49359995126724243
-0.29634296894073486
0.20755221003723145
0.20755221003723145
0.4936000108718872
-0.29634296894073486
-0.09176194667816162
-0.6178543567657471
1.3853803873062134
1.3853803873062134
-0.8297691345214844
-0.5439201831817627
-0.5506600141525269
-0.5506600141525269
-0.5506600141525269
-0.5506600141525269
-0.5506600141525269
-0.2240409135818482
-0.2240409135818482
-0.2240409135818482
-0.2240409135818482
-0.6946574449539185
-0.09306931495666504
-0.09306931495666504
-0.09306931495666504
0.5200327336788177
1.1716670989990234
0.5200327336788177
0.5200327336788177
0.5200327336788177
0.31378178352546693
-0.13520783185958862
0.3137818133277893
0.4316692352294922
0.31378178352546693
0.31378178352546693
0.7691900730133057
0.9550729041862487
0.7691900730133057
1.1517754549217225
1.1517754549217225
0.29381887560653686
0.010436177253723145
-0.41127426976394654
1.1827057600021362
1.1827057600021362
1.127113139076233
0.18270576000213623
1.127113139076233
0.031640148162841775
-0.23079967498779297
-0.41171860694885254
0.25547516345977783
0.25547516345977783
0.25547516345977783
0.25547516345977783
0.25547516345977783
0.25547516345977783
0.25547516345977783
0.25547516345977783
0.07154603004455562
0.07154603004455562
0.07154603004455562
0.07154614925384517
-0.5683838129043579
0.14080216735601425
-0.11653401011657716
0.14080216735601425
0.14080216735601425
0.14080216735601425
0.14063775539398193
0.14063775539398193
-0.14702343940734863
0.14063775539398193
-0.14702343940734863
-0.7429930126113892
1.171615719795227
1.171615719795227
1.171615719795227
1.171615719795227
1.171615719795227
0.5603346755547524
-1.0423170328140259
-0.23751139640808105
-0.23751139640808105
-0.23751139640808105
-0.23751139640808105
-0.23751139640808105
-0.23751139640808105
0.21899086236953735
0.21899086236953735
0.21899086236953735
0.21899086236953735
-0.6149164283828735
-0.8741897344589233
3.6353084201049803
3.6353084201049803
3.635307943267822
3.635307943267822
-0.08675493245887755
-0.5854136943817139
0.17166709899902344
0.17166709899902344
0.17166709899902344
-1.4399845600128174
0.07722771167755127
0.07722771167755127
-0.30143892765045166
-0.26091110706329346
-0.36691856384277344
-0.01930844783782959
-0.01930844783782959
-0.01930844783782959
-0.01930844783782959
-0.08541369438171387
0.19293478727340696
1.5480744242668152
-0.5069197856483459
0.7103293782043456
0.6874665319919586
2.8993844985961914
-0.04959702491760254
-0.04959702491760254
-0.04959702491760254
0.357999324798584
-0.04959702491760254
2.0619199872016907
2.061919867992401
2.061919867992401
2.0619199872016907
0.40721726417541504
1.3802903890609741
3.3100149631500244
0.761444628238678
0.012563556432723999
0.012563556432723999
0.761444628238678
0.012563556432723999
0.012563556432723999
-0.2781045436859131
-0.07318854331970215
-0.2781045436859131
-0.2781045436859131
0.11716592311859131
0.11716592311859131
0.11716592311859131
0.11716592311859131
0.11716592311859131
0.1837019920349121
1.7984156608581543
0.8503719920349122
-0.20665085315704346
-0.49056108319091796
-1.092588186264038
0.292294442653656
0.292294442653656
-0.26297956705093384
-0.26297956705093384
0.5204672813415527
0.5204670429229736
-0.9259173126831055
-0.9259169550552369
-0.9259169550552369
-0.9259169550552369
0.3447999114227296
0.3447999114227296
0.3447999114227296
0.3447999114227296
1.6882805228233337
0.7488360106945038
-0.7168020009994507
0.7043291926383972
0.7043291926383972
1.2236028909683228
1.2236028909683228
-0.12717890739440918
-0.07107997536659239
-0.07107997536659239
-0.07107997536659239
-0.07107997536659239
-1.0397071838378906
-1.0397071838378906
-0.37351536750793457
-0.18102903718185426
-0.23720513582229613
-0.2577894926071167
-0.2577894926071167
-0.23720513582229613
-0.8302431106567383
-0.8302431106567383
-0.8302431106567383
-0.8302431106567383
-0.8302431106567383
-0.17386901378631592
-0.17386901378631592
0.120525062084198
0.08160793781280518
0.08160793781280518
0.08160793781280518
0.120525062084198
-0.49044060707092285
0.07211424356269835
-0.5534534454345703
0.07211424356269835
-0.8290952444076538
-0.24667394161224365
-0.264735325630188
0.3121744394302368
-0.1028940439224243
-0.041905999183654785
-0.041905999183654785
-0.6614954471588135
-0.1383908987045288
-0.1383908987045288
-0.1383908987045288
-0.041905999183654785
0.2109438180923462
0.2109438180923462
0.2109438180923462
-0.6796742677688599
-0.3965127468109131
0.12999993562698364
-0.21597355604171753
-0.21597373485565186
-1.4445128440856934
-0.2229884418182373
-0.2229884418182373
-0.2229884418182373
-0.2229884418182373
0.04776511788368226
-0.13455355167388916
-0.13455355167388916
-0.5508849466400146
-0.9750392436981201
0.768937349319458
-0.9279166460037231
0.07208335399627686
0.02747344970703125
0.02747344970703125
0.014884650707244873
0.014884650707244873
0.023697704076766968
-1.43007493019104
-1.43007493019104
-0.7241482889099121
-1.6705491542816162
-0.7241482889099121
0.01496809720993042
-0.14447693472671508
0.6101221442222595
0.014616727828979492
0.6101221442222595
0.1760984420776367
0.1760984420776367
-0.3101552128791809
-0.01002131700515746
-0.24746291285324096
-0.5037715435028076
-1.118196725845337
-0.5037715435028076
-0.612585186958313
-0.612585186958313
0.13934501409530642
1.1596192121505737
0.02832534909248352
0.02832534909248352
0.6285800337791443
0.6285800337791443
0.02832534909248352
0.02832534909248352
0.02832534909248352
0.41468501220464704
0.33931171894073486
0.13949990272521973
0.13949990272521973
0.5563334973983765
-0.08776208758354187
-0.08776208758354187
-0.6588892936706543
-0.6588892936706543
-0.16824634427261353
-0.16824634427261353
8.54432463645935
8.54432463645935
-0.21434815282058717
-0.21434815282058717
-0.367362380027771
0.136909955739975
0.136909955739975
-0.2621762752532959
-0.11172199249267578
-0.06195962429046631
0.09818859328842161
0.09818859328842161
0.23568832874298096
0.23568832874298096
-1.4760167598724365
-1.4760167598724365
-1.4760167598724365
-0.12705981731414795
-0.12705981731414795
-0.509359494392395
-0.509359494392395
-0.49226605892181396
0.7151099741458893
0.7151099741458893
-0.3327334523200989
-0.3327334523200989
-0.3327334523200989
-0.3327334523200989
32.56753206253052
-0.38804447650909424
-0.38804447650909424
-0.38804447650909424
-0.0708303451538086
-0.0708303451538086
0.018454686347961435
-0.3747056722640991
0.018454686347961435
0.735560417175293
-0.10066807270050049
-0.10066807270050049
0.7355600595474243
-0.06302152519989013
-0.06302152519989013
-1.111189365386963
-1.1476666927337646
0.4699469804763794
0.5120202004909515
-0.29430055618286133
-0.29430055618286133
-0.4778066873550415
-0.1541204214096069
-0.1541204214096069
-0.4778066873550415
-0.15161216259002686
-0.4778066873550415
-0.15161216259002686
-0.4423924684524536
-0.4423924684524536
-0.7203490734100342
-0.16791820526123047
0.17230349779129028
0.17230349779129028
-0.5389113426208496
-0.10951298475265503
-0.012948155403137207
-0.16640543937683105
-0.10951298475265503
-0.08341486806106568
0.046029508113861084
-0.08341498727035523
-0.9160434007644653
0.2429189682006836
0.8394498825073242
-0.38230931758880615
0.8394498825073242
0.2429189682006836
0.2429189682006836
0.46908605098724365
0.4319852590560913
-0.12494699602890014
-0.12494699602890014
-0.8704656362533569
0.33517481440734864
0.3398746406478882
0.33517481440734864
0.31593120098114014
0.3342463528556824
0.09625175595283508
0.3342463528556824
-0.15849721431732178
-0.15849721431732178
-0.2383108889503479
-0.031070232391357422
-0.2383108889503479
-0.2383108889503479
-0.5654702186584473
-0.5360373854637146
-0.29097825288772583
-0.35433204526138307
-0.35433204526138307
0.18959307670593262
-0.3543322240753174
-0.909327507019043
-0.009437203407287598
-0.10431881303024293
-0.10431881303024293
-0.10777056217193604
-0.10777056217193604
-0.014786577224731423
-0.014786577224731423
0.5664975643157959
0.13860267400741577
0.13860267400741577
-0.10777902603149414
-0.10777902603149414
0.21247376555633546
-0.03708052635192871
-0.03708052635192871
0.21247376555633546
-0.2674862742424011
-0.2674862742424011
0.1077327286643982
-0.3078031385498047
-0.7322317361831665
-0.3078031385498047
-0.3078031385498047
-0.3078031385498047
-0.3078031385498047
-0.6411371385498047
-0.056839650869369485
-0.056839650869369485
0.06402361392974854
-0.09302377700805664
-0.09302383661270142
-0.3205922996444702
0.5665450692176819
0.012695848941802979
0.012695848941802979
0.012695848941802979
0.33186107873916626
0.33186107873916626
-0.23155158758163452
0.6260747909545898
0.6260747909545898
1.1025274991989136
1.1025274991989136
1.1025274991989136
0.12607479095458984
-0.8974725008010864
-0.15289998054504395
1.2165391445159912
1.2165391445159912
0.2165391445159912
-0.728896975517273
0.12640351057052612
0.12640351057052612
0.12640351057052612
0.12640351057052612
0.12640351057052612
-1.3177881240844727
-0.07633757591247559
0.05829401260185241
0.05829401260185241
-0.031141817569732666
-0.1037187134666443
-0.4306684732437134
-0.1037187134666443
-0.47439825534820557
-1.0429459810256958
-0.10064390301704407
-0.16039013862609863
-0.16039013862609863
-0.10064390301704407
0.3065755367279053
0.3065755367279053
0.3065755367279053
0.3065755367279053
-0.2549064608745575
-0.16444170521354673
-0.6074239015579224
-0.3407969236373901
-0.16444170521354673
-0.2549064608745575
0.2168610692024231
0.2168610692024231
0.6462627649307251
0.6462627649307251
-0.17708218097686768
-0.17708218097686768
-0.0442062973976135
-0.0442062973976135
-0.47057695740890504
-0.775337815284729
-0.2368147373199463
0.8176949864196776
0.8176949864196776
0.5181362926959991
0.16486185789108276
0.5181362926959991
1.7631852626800537
-0.10564720630645752
-0.029175385292053213
-0.10564720630645752
-0.5442974125785828
0.15026670694351196
0.21134234895324705
-0.34973329305648804
-0.38672375679016113
0.048497512395858755
0.048497512395858755
0.21134234895324705
-0.39265583753585814
-0.37334983348846434
-0.5462114965362549
-0.37334983348846434
0.22288862466812132
0.5000735819339752
0.2643476724624634
0.5163532793521881
0.5000735819339752
-0.24992641806602478
-0.24992641806602478
0.5163532793521881
0.2053788498044014
0.20661054497528075
0.2053788498044014
0.13997305148553849
0.13997305148553849
-0.13401825780105592
0.2731564350185395
0.40502041578292847
-0.09939913505744935
0.27315655422782903
-0.09252086281776428
0.23462367057800293
0.23462367057800293
0.23462367057800293
0.3096081018447876
0.3096081018447876
0.3096081018447876
0.3096081018447876
-0.12815924042892457
0.5802563555221557
0.5349693715572357
0.03264874219894409
0.22358939647674558
0.43689380532073974
0.5802563555221557
0.3250865042209625
0.5349693715572357
-0.10155086517333983
0.22769349813461304
-0.10155086517333983
0.22769349813461304
-0.27143011933135985
-0.5495800256729126
0.014777004718780518
-0.5495800256729126
0.014777004718780518
-0.24670255184173584
0.0665134131908417
0.06651356220245364
0.20883053541183472
0.241482675075531
-0.09755425453186034
0.12649819254875183
-0.09755425453186034
0.2088305950164795
0.12649819254875183
-0.24961647391319275
-0.547528088092804
0.39071357250213623
0.058472192287445046
-0.06259626196479795
0.18322646617889404
-0.06259626196479795
0.080260738035202
0.12784053439331056
-0.11359137296676636
0.080260738035202
0.2632871424598694
0.33359283208847046
-0.3203146016044617
0.08359283208847046
-0.1777942931098938
0.08359283208847046
0.33359283208847046
0.023793398870468163
0.6490601301193237
1.8692846298217773
-0.13071537017822266
0.6490601301193237
0.9936369901466369
0.9936371391582488
1.0681538581848145
1.068154215812683
-0.5565782785415649
0.3227937579154968
0.16003793478012085
0.20968936453247067
0.20968936453247067
-0.05001235008239746
-0.17734657173919677
0.3227937579154968
-0.3923143148422241
0.18701571226119995
0.18701571226119995
-0.0066814422607421875
0.13961219787597656
-0.047873079776763916
-0.6045206785202026
-0.047873079776763916
-1.1075072288513184
-0.16210432404708863
0.2944439113140106
0.2944439113140106
0.45397826488494863
0.12570089101791382
0.15270838141441345
-0.3576505184173584
0.15270838141441345
-0.20039682036209105
0.0102237606601715
0.0102237606601715
-0.9446258544921875
0.07423913478851318
0.07423913478851318
0.07423913478851318
0.07423913478851318
-0.26909823769760133
-0.20231902599334717
-0.26909823769760133
0.07322497719955445
-0.20540634393692014
-0.32408130168914795
-0.20540634393692014
-0.32408130168914795
-0.15085071325302124
-0.14372609501647948
-0.15085071325302124
-1.2556178569793701
0.1619590676822662
-0.7031430006027222
0.1619590676822662
-0.08601677417755127
0.1537181580619812
-0.10839756131172179
0.1537181580619812
-0.3873633146286011
-0.3873633146286011
-0.33440136909484863
-0.15749509686660768
-0.15749509686660768
-0.003568291664123535
0.5594735145568848
-0.44052648544311523
0.5594735145568848
-0.44052648544311523
0.44729745388031006
0.44729745388031006
-0.24261784553527832
0.48958683013916016
0.15625383013916017
0.8471850156784058
0.48958683013916016
-0.7031430006027222
-0.6928629875183105
0.15625383013916017
-0.05270254611968994
-0.05270254611968994
-1.6617789268493652
0.18012681603431702
0.3898434489965439
0.35589665174484253
0.3898434489965439
0.6398434489965439
0.6398434489965439
0.0876394510269165
0.12314140796661377
0.12314140796661377
2.3382210731506348
1.3382210731506348
1.3382210731506348
2.3382210731506348
0.15247530490159988
0.15247530490159988
0.034263505990982046
0.034263505990982046
-0.062166959047317505
-0.06216704845428467
0.05233863592147825
0.15841352939605713
-0.1871669590473175
-0.1871669590473175
-0.0683257758617401
-0.0683257758617401
-0.0683257758617401
-0.0683257758617401
-0.23620933294296265
-0.49984467029571533
-0.23620933294296265
0.08858895301818848
-0.07646135931777953
-0.8386753797531128
-0.07646135931777953
-0.05803573727607725
-0.05803573727607725
-0.09851823693084716
-0.2748729741020203
-0.05803573727607725
-0.05803573727607725
-0.20189154148101807
-0.20189154148101807
-0.025102451984405527
-0.36013638973236084
-0.2935367703437805
-0.2935367703437805
-0.025102451984405527
0.16168802976608276
0.7875922918319702
-0.21240770816802979
0.7875926494598389
0.7875926494598389
0.7875922918319702
0.7555902600288391
0.5595815325336456
0.7689047455787659
0.7689047455787659
0.5595815325336456
-0.3235877752304077
-0.3235877752304077
-0.3235877752304077
-0.3235877752304077
-0.3235877752304077
0.7415751218795776
-0.16061168909072876
-0.055820465087890625
-0.16061168909072876
-0.24356810818099978
0.3659595251083374
-0.08176529407501221
0.32786089181900024
0.6485700309276581
-0.6688615083694458
0.29963971728515626
-0.2732735872268677
-0.24356810818099978
0.32786089181900024
0.22340121865272522
0.22340121865272522
0.13609819060134887
0.37448227405548096
0.2299144720478058
0.6457108855247498
0.22991453165245057
0.2299144720478058
0.2299144720478058
0.2299144720478058
-0.24306410551071167
-0.24306410551071167
0.00693589448928833
0.00693589448928833
-0.14117205142974854
0.00693589448928833
0.4437749981880188
0.4013115167617798
0.6426495313644409
0.4013115167617798
-0.6120504140853882
0.28583583831787107
0.28583583831787107
0.22579063529205323
0.22579063529205323
0.8924536352920531
0.014612078666687012
0.8924536352920531
0.3859403133392334
-0.10194730758666992
-0.10194730758666992
-0.10194730758666992
-0.1719838261604309
-0.1719838261604309
-0.06004706025123596
-0.028304874897003174
-0.048976675216674814
-0.04897685403060914
-0.04897685403060914
-0.06004706025123596
0.31224920153617863
0.31224920153617863
0.3657374382019043
0.31224920153617863
0.31224920153617863
-0.6490477323532104
-0.28586655855178833
-0.28586655855178833
0.04161479473114016
-0.03586655855178833
0.04161479473114016
0.8957745676803588
0.8957745676803588
0.2291115676803589
0.2291115676803589
-0.5180491209030151
-0.5180491209030151
-0.5180491209030151
-0.027487903833389282
-0.027487903833389282
0.22251209616661072
0.22251209616661072
0.22251209616661072
0.24804724007844925
0.24804724007844925
-0.23079277629089356
-0.23079277629089356
-0.23079277629089356
-0.25156211853027344
-0.25156205892562866
0.005867660045623779
0.007831805944442771
0.007831805944442771
0.15659457445144653
0.15659457445144653
-0.09340542554855347
0.05579906702041626
-0.09340542554855347
0.15659457445144653
-0.15433180332183838
-0.4313100576400757
-0.4313100576400757
-0.26683940047454835
0.3235797882080078
-0.26683940047454835
0.19323977231979372
0.29087684249448775
0.29087684249448775
0.19323977231979372
0.4786791205406189
0.008970379829406738
0.008970379829406738
0.008970379829406738
0.008970379829406738
0.008970379829406738
-0.09737694263458252
-0.05132293701171875
-0.05132293701171875
-0.039595707710266104
-0.039595707710266104
-0.3565577268600464
-0.41082704067230225
-0.41082704067230225
-0.41082704067230225
-0.44046162014770507
-0.26007866859436035
-0.44046162014770507
-0.09356045722961426
-0.06987559795379639
-0.06987559795379639
-0.06987559795379639
-0.09356045722961426
-0.33397223109436036
-0.33397223109436036
0.0884433388710022
0.2690151333808899
0.0884433388710022
-0.1852826476097107
-0.3510987317008972
-0.3510987317008972
-0.1852826476097107
-0.3510987317008972
-0.8487730026245117
0.051713085174560525
-0.024885892868041992
0.051713085174560525
-0.8055845499038696
-0.575576901435852
0.27200329303741455
0.27200329303741455
-0.04242593050003052
0.08841281533241274
-0.7173902988433838
0.08841269612312319
-0.042426109313964844
-0.18945252895355225
0.007283508777618408
0.007283508777618408
-0.9459314346313477
0.14305554276275634
0.14305554276275634
0.1317741870880127
0.1317741870880127
0.1317741870880127
-0.16883456707000732
-0.16883456707000732
0.0527817165298462
0.03211569786071777
0.0527817165298462
0.03211569786071777
0.014946603775024436
-0.18505339622497557
-0.18505339622497557
0.05143165588378906
-1.0208320617675781
